1179209972061634560
1199450868996857856
1200952623966359552
1211632339513749507
1206631989786423296
1201012221649682433
1232121097400856576
1227175214745780224
1244056172581269504
1242184169662361601
1242956543303266304
1237201426901684224
1239193762364080128
1244959797696516096
1242161754144202752
1238958664158982144
1244055933401137154
1250435488248238087
1247960096585416705
1247553198249869315
1247279848235532288
1248773523125841920
1247479958534004736
1255101322770165760
1251911630088265728
1293051020470353920
1330924478277111809
1329849624975183872
1262998015591116803
