1180079136708206592
1185058695417229312
1181698679142375424
1181928635474862080
1179157933348679680
1184945598505668618
1189003096615030784
1180451427354845187
1188913482353299456
1181067922925670400
1185228315990417408
1188973174643445760
1184284146815918080
1188902294865272834
1182412986402639879
1179043213908365314
1184469880940175361
1189501928956411904
1185157344717660160
1183138055219273728
1188986389683150848
1184787731957932032
1182646575077777408
1184882426398625792
1183130975322234880
1185582424287272961
1186310127646920704
1180616149282820096
1188930077783810049
1180134002419785728
1188981931414884357
1186791038905540609
1188996265385873409
1179785722364084230
1180097956567011329
1181229937841324032
1182440659833081856
1179907614873964544
1181903403095674881
1184101034118926336
1195381351769395200
1194658379102334977
1193043385722056705
1193613161758224384
1199107643190599680
1200113494110195717
1200445661944143874
1192441734527115267
1191695164680658944
1193642450553843718
1195720598950952961
1190698866972274690
1199757393279799297
1200082544949178369
1193560487444791297
1193989115621953536
1191496000973758465
1194689592047345664
1195501414803542017
1197218690258878465
1200413354445160448
1192653194544984064
1193087766394855425
1192977697921781761
1192466057673490432
1200398730253553665
1191202808407744512
1195355043538644992
1196175172228861956
1196454897895518209
1206577004394496001
1202241497824931851
1208407956510986241
1209181831293214722
1205782779629318144
1207295864340922368
1207477605521383424
1206744531682693122
1201174439607459840
1206644107134849025
1208031278265765888
1207312383175204865
1208503997860057088
1201191992190885889
1207382669413298178
1203127699314741248
1207384953719263238
1207385289452208128
1203885692071354368
1204026444118188041
1207686221411037184
1205149848464441349
1206628259443748866
1207409186063208449
1203445337429598208
1207379754942267393
1203468146449027072
1207284379078275072
1203999332107784192
1207697137577922562
1202717603124383744
1201650091486044165
1207691733431193602
1209135253165494273
1202080134041362432
1205146658180337664
1207388164664545281
1201273154154446848
1203694835628040197
1215445653028921344
1217971043391787008
1223341422142730242
1223222126477553664
1217285197915398144
1212734811791667202
1214602202112811010
1222895957395664896
1222984273877250061
1214900772825120768
1217954390964867072
1220766590641278976
1213163815292035073
1215358756894146563
1222987851773562880
1213410191766687744
1222336528963137536
1213118578074910721
1215808700369244161
1217411945931968513
1221888884205932550
1212867994017259521
1218887769302405122
1216384940973219840
1227516312315887616
1233563637731729408
1224645168600702976
1223625000655060992
1232514903233028101
1231097814978945026
1227215709832269824
1232807018873798657
1226016156558880768
1233168941058576386
1227344723339304965
1226324868725137408
1226894592634740737
1232983918908989441
1227951104513589248
1233621323097743360
1225569725473841152
1232796714555211776
1226632891087642626
1227273254286635008
1224024201432006656
1227313161180778498
1225888910347292678
1226407879910887424
1227274324022833153
1232796940133437443
1227934920611373062
1233418847685955584
1240411775440310272
1244961601280671744
1235997598592520193
1238186562979942400
1241916239125118976
1242834308974477313
1242919920276553728
1243718048839864321
1235894038093533186
1237110416687411202
1237455411864842240
1238188934066290690
1238823951666724871
1239229497632792578
1242322163291602944
1242440158122778625
1243552721942261762
1243566388028948482
1244326340343615493
1244332386776735745
1244560058488360960
1244829600091459591
1244947877484466178
1237455109606518786
1238467416612655104
1239893459588337665
1242222354283081728
1242866699545849857
1243513737778249728
1242174312443863040
1242599554412920832
1242816093300961280
1242863907737423876
1234635593931313153
1241313852475633664
1244360353997303808
1238800060755951618
1238907194709590034
1240340405176000512
1241780781237878784
1242166387495383049
1243961583627362304
1244422569165496322
1242463723186540545
1242981964199706624
1243923615151620098
1244098569390309376
1235722153498198016
1239976648453361664
1243037522118053888
1243161386471038977
1243370279633653762
1244048373130371073
1244079512997986305
1244353527830306821
1244737418672013313
1238951509099974658
1240661300230983680
1241119988611797003
1242815458840940544
1243145543121018881
1243187970733203457
1243920546489757697
1235601865808793601
1236032270877593600
1239740347032506368
1242499094989455360
1243002640272850944
1243567258854662144
1244781462332649472
1235995941309685766
1241126598599942146
1242482677288222720
1244101383059427329
1236043059177164800
1239224456838602752
1242853026089615360
1243295732754452482
1244309852530323458
1241367292384022529
1242751771874918402
1237289262933880833
1242974864043937792
1239564533422751745
1240323814870958081
1242637088346046464
1243522371589455873
1237480727538630656
1238544859499089920
1242169048407748608
1242796884852453377
1243514553771732993
1243678417582804995
1244252536095326208
1244700006692642822
1244703211258339329
1235884728663842816
1238188217251377152
1240006193378140160
1241219625242804225
1243118385006870528
1243490736538103809
1243923571522469889
1244603826977587201
1236364393748860936
1237464259489083400
1242504793538560001
1242545939765760002
1243293811650056193
1243171705109045248
1237455947938791429
1238297579835842561
1241798043244138497
1242154040462581767
1242859983081033728
1235872670308126731
1237456579814924290
1237458505608683520
1239347975626928133
1241128552659136522
1243188161917919238
1243677796024627201
1244712862221774848
1236127365224259584
1237465793371279362
1237468807725285376
1242139312814206976
1242422176680235008
1242587153944674311
1243673206373920768
1242825870047432704
1234867739258429441
1240447456229445635
1240746217694511104
1243160533563510784
1243953477547700225
1244006288012410880
1235961752052854784
1242532910466387968
1242830665055436800
1243285318284873728
1243729770459934721
1243925081601896450
1234879020849881090
1237460359558189058
1241009686054404098
1243286187466514434
1243548888365019136
1244321809761071104
1244999468203806721
1245074306754740226
1242823835789021184
1243187039941603328
1243236113554292740
1239509920619380736
1239699725177282566
1243923651897876480
1238468093057220608
1240035181471453197
1242153395299004416
1242791564822413312
1243149912386285568
1243304872134316032
1243878862657933315
1239570825876889602
1241384285430599680
1242449962077761537
1242495761239035906
1242618817504776193
1242983156434841601
1243186769551593472
1243545287194533888
1237457639086252032
1242153010777604096
1242232191872118786
1243328997766856704
1243548787710349312
1244337895663697930
1237455378021056517
1237476794665762817
1241445092558344193
1244712707032363011
1245008658909577217
1242784264015536128
1236090436810403840
1236324680111403010
1242648075023167488
1242778833067130880
1243186218046758916
1243562502119514113
1243672079137935360
1235689640419561474
1237452532215054338
1242088792401600515
1242467609011945473
1235683704321830916
1237524169056649217
1242604610230972416
1243171736528359430
1243277919532789760
1238166508406095872
1242868694268760064
1237452899501912068
1238635563198054406
1239900260543213568
1240190807602163713
1242153201014648841
1242546222671499267
1242903741482840066
1239237958026362880
1242152256415432706
1242909972524077059
1244231729424011270
1238990286564491264
1240320445674663936
1242613709568192520
1242790979054252036
1242851815294668801
1243360744567013377
1244731084484509702
1244985976348389380
1243526425430409217
1238410610758598658
1239339419146092544
1242149938559102978
1242244403923689473
1242419181934477318
1242959238625820672
1243360442463817728
1244079373571043328
1235013095657025541
1240988886513242113
1241130453639233541
1242457742100627460
1242846840527052800
1242891829630119938
1243138689615699968
1243184353645035524
1244073705627627531
1242160968894947328
1242803847082446848
1239711343470686209
1242438404534489090
1242527378632593409
1244136980088152064
1237463480124530688
1237541620792225793
1243181603431624705
1243674590917718016
1244321874948980737
1244958839646105600
1237319747135582208
1242111740441214977
1242433592107642881
1244052921538445313
1244776603093209089
1245304459867164675
1245892018288635904
1247502967147843586
1249467051284082688
1249740395925385216
1251750824671416322
1251886952309194752
1253358677525958657
1254778931523153920
1245709122793857024
1246120898492424192
1247838754452262912
1248354269654368257
1255519839776579591
1245523846020530177
1246143734867210240
1255885635761565696
1246139489518522374
1249348554067513344
1253329137042812933
1254631732864708609
1255580981223923724
1255959523526881280
1246041148000481285
1251186510860255232
1252802933302988800
1252924325105197056
1253469013331640323
1245581778208690180
1246366261057028096
1253080842659823626
1255321940685979648
1255344481509027840
1255453023570190343
1248452133155987458
1252039279083061250
1253387775514009600
1254738343205785600
1255173346544803842
1246252799664373761
1246278120099008515
1247993936226013186
1248563965854179328
1248569050806005760
1251539736163950592
1246157208372428801
1251606235989884934
1252937112250388480
1253946689603371008
1254775194662498304
1245410905313218560
1246145935031382016
1251678190126403585
1254798321467695104
1255453210636177411
1253649053394407424
1254021369186201600
1254422957029539841
1255325948729319427
1245406186154967042
1248050798216589314
1253496741443166209
1246401554976030720
1247163031521460226
1251512214261039104
1252975528581234689
1254380138105536513
1255302410169470976
1247525979020353542
1255522267687268353
1245295245551534082
1247176130823467008
1247567006422798336
1254429471899295744
1245721105811288065
1246205175288619008
1248744566582362112
1252716546960642049
1246190959899168768
1248330879908360195
1250472467895857152
1251194478444118022
1246456996649451521
1246857493776662532
1248326053942243333
1252398605534543877
1252689119542722566
1248635354380304384
1255115834177007616
1255313462286331906
1246467536734105603
1248448535877607424
1252158004738306051
1252209654597406727
1253061857293844483
1254098833061089280
1255321043947880449
1245685378717118464
1246159953192247297
1246643046394916864
1246737960894189569
1246747439433805824
1248348302732656640
1248350265062948865
1249698767877570560
1250050191442534400
1251475593062948865
1252731451604209664
1248347272095637506
1254428821731696640
1255357091423891457
1245131259636047872
1246451550375022594
1248370100819951618
1252660308499468300
1252939685510471680
1245528879147577351
1246410737184116739
1246859941618561032
1248447638275371010
1255331476809408513
1255906885980639232
1246164900390539264
1246493342596304898
1248160185660497921
1252563863620341760
1254771106419884039
1247332402214699008
1249789914629234689
1252282398164672513
1252721466300182528
1252952074033258498
1245847614945296384
1246738236141166593
1247158828728287233
1247971022772420609
1252321166380990464
1253111343235821568
1253660492570083329
1255216896804376576
1255312200614457344
1248032636335001601
1249663280379056128
1249732117023428608
1252375082191564810
1255312310056427522
1255469956239691776
1245874143414943744
1248312633603887105
1248581906343616516
1247308318529466368
1252460176243900422
1253681034966831109
1246401668394160134
1247668012842455048
1254191224543686659
1247877858455883781
1248587899995635712
1253027117799018496
1253328576016822272
1255678340096286721
1245476856553517056
1246363252512239616
1248041044677197824
1252562884393140224
1253028006513250305
1254993487222591488
1246134630631145473
1248266311202988032
1252673809699799042
1252700642776428544
1255124932503244800
1249018421376925698
1254548278617600001
1254742523978842121
1245373489772716039
1246159339267776512
1246160344361418752
1246944378138042369
1247185236678430720
1252752519945768961
1252952333228609536
1254806153063567361
1255324048701218816
1245161699348488192
1248653478257360897
1249661044626272258
1250399642875039745
1253812218715680768
1246790987340566528
1247891603252862981
1248315675711504385
1253064444785065989
1246417808789057536
1246448890297159680
1247821260916170752
1252613458320908288
1252712144442986496
1254075463141654528
1255657410452127745
1245340553660846080
1245451121767772161
1248349483932532736
1252672443291926528
1254355034445426690
1255302275821690882
1255518533401935873
1247529575514431488
1249013352455712771
1251236208400834561
1251927413161893891
1254773147389198336
1246588185880100865
1248287599833362433
1250554967733219331
1254767874977267713
1255323820212334592
1246200690915098625
1249668970690510848
1255123103631331331
1255300210760310784
1255854061938712576
1247151247666413574
1247889210276642821
1248933724579921921
1249385337853554689
1249751055333761031
1252647352759914499
1253663650650284033
1255517657996185600
1250811239086927876
1251533165467971584
1253677536225234945
1254447057479196672
1255539873739571200
1246159194056687616
1252983934075445248
1254548898628108288
1245471422576812032
1246454734598344704
1250440222128496648
1251874315349356544
1252322209202307073
1252741354922348545
1253324431067209734
1262514787667390465
1257783055139422211
1264051139479326720
1259026491070992384
1261100272899837955
1267110052596527105
1263454496950063105
1265709032247099393
1265830014114816000
1266106663829897218
1264530113988685826
1266107348197806083
1266719445164187648
1258491228779356161
1258494200145784832
1264066392329945090
1258489690753077248
1275305513001967616
1271785138909859840
1275136688294109186
1272571340915081219
1275239137524752384
1277415067856900102
1272639080870756352
1272664200956051458
1275219561940307968
1271433936015671296
1273006944366637057
1273827979970387968
1267864712517165065
1272879819798261761
1273578003403026437
1273399658740625408
1270826020791296001
1273036039821590530
1273228125313384448
1272594767004794882
1275145981714202631
1270909626666692608
1271675869996683265
1268504938436612096
1272554287294550022
1269007752778715138
1272886225725087745
1269616697507528706
1270875926088253441
1275141201033912320
1272663691507363840
1277911937016356865
1271508106888036360
1278037090954104832
1272569562945302528
1268955822794686464
1268721809114968065
1273299952270221312
1272506287675375617
1273330349230247936
1270216063456870400
1275466396378361857
1275255588037906432
1268967590405292038
1267897394328244225
1272997449066561538
1268825182627454978
1272169308882419712
1269409339443421189
1269613383927693315
1275395460258246661
1272644237029490694
1272599101532549120
1268561933302669312
1271493225434566663
1273978374709485571
1276017511050276864
1277599308934795264
1268494079651913729
1277636215957852166
1272259483838959620
1275139034352885761
1276680456033861633
1269700816648015872
1267851801430241283
1271589548863217665
1271430356667949056
1272615405199044608
1269080663816355841
1275094099637436416
1275145990475927552
1268921598653853699
1278763803166085121
1279158774050275328
1281969476372541442
1280308148759232513
1282331851655389190
1282408525889564672
1285595160231976963
1288894701404389389
1281719544864743425
1287874333541429248
1281676986562142208
1286666936152203264
1282947277666095105
1285715530834415627
1281691486950694913
1278992741511331847
1282642187050725377
1280615655696367617
1286794772104065026
1279113214064603136
1281819826856407040
1286278167800492040
1281359086810955777
1282021804492677120
1278349970240933888
1278740344557969408
1285248488587001857
1287336669868363776
1278771284256722944
1283851481523920897
1280312512370470915
1278765280181792769
1279056704542584834
1280488332838031360
1278815457018089477
1286633878262865922
1287024637973368833
1278912635052924928
1280500084409618436
1282015549015367691
1283171918485561344
1289170714415767553
1278735003505971201
1281967785057361925
1286459462165790720
1281745152747294721
1281714763224043524
1282303779178549249
1279156565052993544
1280252034206269442
1285617006004310022
1283000901855260672
1278805784164352000
1281740391859892224
1281681296985452544
1284452647550976000
1279822349160927233
1289169876859400194
1281364549283676160
1282403494553624581
1278734399979302912
1287194937403101186
1278836348032409600
1278747871379103745
1278859406634094593
1283046111834509320
1286836110493179907
1278883517200506881
1281739985042001920
1282092187719794688
1286371442011955200
1288918618345025541
1281804040440094720
1287768160360378368
1278564966254034944
1285553954705887232
1278771922826932224
1280516595216003073
1280541656375111680
1280473544300933120
1281966360000692224
1285655321269145601
1281443469345595393
1284172239152328706
1285176660980105216
1288003043162599425
1286712366080700417
1278305508454096896
1280281653030596609
1284568831986249729
1286741546575048706
1285718351692599297
1280327863816814592
1280663737800601600
1281712759776976896
1282326800107003904
1280524521871757313
1278731696632971265
1278734092847198211
1288947511978274816
1280257017521885186
1281404019374727168
1284308371248689153
1286332755459084289
1288060440044503040
1286109311991607297
1286624900661248001
1282834697207390208
1280210834137010177
1282703422173712390
1283085878466936832
1286345101686591489
1280305918941462531
1283121005758750720
1287388913695260675
1288928281174200336
1289011110834614272
1279884897763700745
1281222424663601154
1285657607206821888
1286692619964293122
1280287791407120385
1283115058235670528
1286327075259977729
1286338370742947843
1280470261737930752
1281690136586092551
1280127884145893378
1280240539577856001
1282053878909984770
1284143329597255682
1281349871568424961
1280574949967581184
1287183428228505601
1278703938221588488
1278916015380852736
1286271314978906112
1289260790122336258
1278889439549243392
1280117141698686976
1278748312410218499
1279411647170383872
1283885890406879232
1287908875614785540
1281597008365723651
1281721485472796674
1285558595615064065
1281677700202102784
1286609247040610304
1279341954111660039
1280239801363554305
1286642765951111168
1278774101469827072
1280224360020746240
1280252539489841152
1286624313093828610
1286377702841360393
1288816342099996678
1280575429544419338
1282720984462757888
1281693658740228102
1287871159862620160
1280559112292614144
1285708406662279169
1280230037065629697
1283323900525330432
1278297304496132096
1281345045174595584
1282181206457683969
1282410100561453058
1289251297858748416
1280305105409957888
1285562687418699776
1286402625911521280
1278286275301109761
1279906856060813313
1281676201942298625
1281684316679020546
1278378494465118208
1278892353214873600
1283115835452784640
1286650118280634370
1282099739496820736
1285987209577934850
1278736184693399552
1288992483238539264
1280246245219545089
1280318987331497984
1286712424683515910
1279223243249942528
1280547453972905984
1285634567400042504
1286908803217338371
1288974217002668035
1286831656171646976
1286848015408476160
1288955492337819649
1288917257121337344
1288940098260738050
1285559306650300416
1298234341047373824
1290684801586954240
1295684440677588992
1296160648091631618
1297691216721645568
1294468860293259264
1299039085697302528
1297948478560075776
1290429984608260097
1291161392574271489
1299369068013801473
1300534609134989312
1298020725425680388
1299491802081353730
1297878901025210368
1298100942332715008
1289536818895974400
1291620916032462848
1298705523508801538
1292805423951740938
1289379122188374017
1292473362439176193
1292885514073313281
1294804509584027648
1296774157305249797
1299373063184805888
1293357047421927424
1299103040331448321
1290834448766906368
1293219610892828674
1294457782586941441
1292931991008972800
1292292896427634689
1295568494055108608
1299151325242904576
1297829800707600385
1294578943878737922
1292821546084511744
1294665739601883143
1300534368654553094
1291890618411520000
1294340968301375494
1291853770406625280
1293157914387988480
1296844718106525699
1292790803748790273
1298332069827936259
1292707819255484419
1290014313495891968
1296135379280637953
1292141704829636608
1298294436955389963
1292033633302261763
1290118321942089728
1292898741792514054
1297887025715195906
1299395084530724867
1290798711849852929
1298326213392441346
1291123232129589248
1300513413974708235
1300525012860968964
1290438073944285186
1290512184527581184
1298956126537560065
1297871319405600769
1298358930075193344
1294588434548428806
1300418821619023872
1297921916020367361
1294573799384514560
1294009596743475202
1293165164884262912
1289657258373087232
1291713343829483522
1290792999769837568
1291348859298279425
1294313403654135808
1294330505488470016
1298388251330437128
1291789255468109830
1296386016446754816
1289527121799311362
1291522016290496512
1294290646560251904
1297950538441654278
1293706332500037633
1301182197018300419
1303872117272915968
1305995055946063873
1304491316500475910
1309237457599238149
1306377295146430464
1306926757497516032
1306219859500503041
1310880155309613058
1301130718240702464
1301258596269793280
1302725721597517824
1304446367574573056
1309602144488550400
1310557357353717760
1310928578561933313
1305254425733279746
1308846192877613061
1301649718448017408
1306742802492133377
1308467101896781825
1300788897371258882
1305308557441671168
1300814438073851907
1304081233555718144
1305628078077599745
1308742645733351430
1310734411562913793
1310789784378327041
1303334912469217281
1308839448516472833
1309202035280162819
1300882097377292290
1306008447540920321
1310569597637144576
1301562782488440834
1301260141296340994
1310748776613605376
1303656921958944768
1303807468250824704
1310867924454842369
1309146076541341696
1300960378881441792
1305848851044208640
1306249825038598146
1303443744872493057
1310916483288125443
1306261567370035201
1301210355239190530
1301163465902567425
1304033172569468929
1305718298315759617
1306986624874672128
1306247391830585350
1304989801058197506
1301538110732288001
1308824050458820615
1301162586344284162
1304025144252395520
1304456661860601857
1306902976624291846
1310263685458219010
1308182391719157763
1309945839234752513
1311307169040654337
1306183577286172673
1308928527035699200
1309669639794892800
1301510177502490625
1301205053617975296
1308725323257831426
1310687777684627457
1310845384563007488
1301562661784694784
1310602122413498368
1301189152755638273
1306934777614864384
1310705892615020544
1301211033839824896
1301565875791835136
1308506040774922246
1301579013090025474
1310781903759388673
1305596074359488512
1306181537336098816
1304448284862410757
1306938189420978176
1302596938408300545
1309184978379571203
1310736567733026816
1309927282295877632
1306673893344649217
1309918961644044289
1304516894536458241
1305208283456831488
1305993298578939904
1308438885093916672
1308985621764075520
1310739868432113664
1310750274189848578
1301655551571615745
1301147750835265547
1304116797025771526
1304796509624565770
1301195426339655682
1301465984436379650
1302599605172006913
1309930933995405313
1301852515755982853
1304530078605352960
1305439908459417601
1307353513228460033
1308214284615323648
1306254575880597504
1308354626580811778
1310730125474963456
1303862019398004736
1300961154349576192
1310757063354732544
1310841106335109121
1303407405598797825
1304400073082667011
1303880875050848256
1304069189066469377
1305377009267163137
1309343714645549056
1310954440044802048
1303761329124237312
1311271631541735425
1311323507003985920
1301310299778289671
1307667416328089601
1301879669667618816
1306945418866184197
1310567263158796289
1308889131569893376
1307046751325638657
1308520457184964609
1311041248975781889
1304389819255185408
1310626961497219072
1307321042210357248
1309306368063537152
1308599628372365317
1305220440198127616
1301189905998118912
1301898034910040064
1307634963442012161
1306667547392126976
1306274480822669313
1311382662313959424
1301155639801020416
1301494014353510400
1301151570785185799
1310931705671409665
1301113570718089217
1305616813661671424
1306279607642075138
1308411874548080643
1308431551324184576
1311057571709620224
1301118195047247877
1309280313579839490
1310552992798605318
1303797905267068930
1309129785176711169
1310675088556130306
1308492129572855808
1310539028370989058
1310588429428719618
1308560325130637313
1309650391903207425
1301612849467252737
1309726251322675203
1305582808103092224
1308520699942834176
1309206275708850178
1310431346934845440
1305879823571615744
1308776800621858817
1301172901211779072
1311117129278779397
1301245289823703049
1307673739799089153
1316710870949539841
1312098684918661122
1318177910554038283
1322342196444626945
1312120101592727552
1318736206277070850
1313486390857007106
1321457690871300096
1312131238862499846
1313869913069625344
1311677990623944705
1314724612421357569
1319489129772711936
1314424529716834304
1317121627721814017
1312165296518492161
1312126916367851521
1312165467063287810
1321904805602840578
1321840038246817792
1318310857701429249
1314375203669962754
1322541421262495747
1316159559308906497
1318029531043762176
1313696688683454465
1315471295002357760
1316074299921518597
1319517015778930688
1320135130355277830
1321490200233725953
1312194104923545602
1312044260737286144
1313936795940331525
1319383805824765952
1322342358399258626
1312011476572549121
1318522975331717120
1312082372863631360
1320149712234795008
1322508403307151362
1313206071260065793
1313468690210459648
1313958871409410048
1320757775077679109
1319026268118130691
1316126565336526848
1316133386172456963
1313946344646680579
1317833905320325123
1312110274518773760
1312115742762913792
1314556219407826946
1315151111901282304
1312594175028723713
1312019553891868672
1318294330017275907
1312133945857728512
1316135479096602630
1313962423515262976
1312050319992524801
1316402321455222784
1311713781643313154
1321724910000132096
1312044972284223489
1312927617423675393
1316134295669551109
1321450691999657986
1316486465380069376
1321207707332939781
1317930148012974082
1318185896307351552
1311979890581921792
1319350208304697344
1312000386702675969
1312059874646294529
1316216126578274311
1319247131455057926
1320530585115242496
1312475492956557312
1318869110348865536
1318691969229520897
1318973646438866949
1318973646438866949
1320826002763882496
1321786020065628160
1311655564112519168
1321289558026293249
1313812503915384832
1316126741010829314
1314901293278912513
1312147942447308800
1313887136832278530
1319705394311237632
1312082003773345794
1312100717935513602
1312188114194948097
1314300517980479514
1313529445509201920
1314543724697976832
1311447187495309315
1319680216944594944
1319728350001332232
1311444402469056519
1312206968975577088
1316135239824089090
1321124539192016899
1315818865650171910
1319268897535762433
1319818903413878785
1312525644077568002
1311503680441446400
1313128206321487872
1314334452760416256
1312428964409946116
1314275360536625153
1318301647597195265
1318933194796912641
1312146077642969088
1316134224639021057
1314373765619302400
1316759467640393728
1312052064839708674
1316559690013306880
1311915750731534337
1312418304863109124
1312419058994810885
1318587447631020035
1311485717470732290
1312358947697778689
1316821214350905344
1321468656224739328
1319228755479592961
1319648374203834368
1312247206573989888
1318156899460763654
1318214072018608129
1316137861041852420
1313874157210349568
1312806186283003906
1319494892838547459
1316144925398966272
1316202952546189319
1318258766748450822
1317162442590507009
1314035924855001089
1322280116240732160
1322147164966051840
1325885772818477056
1332427255474122752
1323437183668158466
1330709888264253440
1328803107065753610
1332349153343655936
1328135614248742912
1322728897537019907
1330485226003423235
1327402867687378944
1326151286589435905
1329420087455989762
1332064832988868608
1327448398987980801
1325443714450399241
1325486102032080910
1328873089325666304
1327242311223283713
1331967551660843012
1324804382689558532
1326853283173044224
1323639781759295489
1324262338074214403
1330579576481726465
1327274515265675264
1329251105511976966
1329478653193777153
1329799854160285709
1324185362198106114
1327418385051824128
1325438952501891075
1327291073052422149
1327140314235228163
1331382025161420806
1328084213048885249
1328405769386156037
1329172254245187590
1329428785268191238
1325112055003799553
1326930216988643328
1327686035208224768
1329013809139380231
1328407857327468545
1328917415749591041
1326171656591728642
1330593206317277184
1322726419596668928
1323055736654569474
1329062890981257221
1326852840896270336
1329796263336939524
1323376299768008705
1327315339839819778
1329560089439526912
1329958983059312641
1330173760801021954
1325665853644353537
1329023610405744641
1330523423131447299
1329910014677573637
1329276966525046784
1328770646285967361
1328705464960479233
1334645079219335168
1343605517583716353
1338320177096699906
1334121192685506565
1336678035781771264
1337339720800624645
1333951505897025538
1342966488500740097
1336068781383311361
1336904536594767872
1344049053575819264
1341171594345893889
1341078519158333443
1341371717076348929
1342133169512964100
1339406189151531009
1334211336683757568
1335401203392339968
1335323413980835840
1336657123057557506
1333557289178050563
1334180097058856966
1338497138586685440
1341333419595317248
1338888531205378056
1334545349629898752
1343604482567974913
1334460260644425728
1341360846446989312
1341520258604146689
1334185977565179904
1335209509288103936
1343684149056569344
1340292010234834948
1337823177217601537
1342165489838002176
1343662316882178050
1337802042132344833
1334940744004628481
1338981319657787397
1334930716405030912
1337745077767204865
1334507513333641220
1343663011496648707
1334162911195844608
1334947919519223808
1336425843728416768
1336438209643855872
1342965297473486848
1342238315513311232
1336659350081990656
1343761103893966852
1336640707222757376
1338582447777337345
1334169986907205633
1336425331943645184
1337099589355237386
1335003933870321669
1343756746205130753
1335015610779045889
1341744713045520384
1340369744994582530
1335018550063349760
1336413605798010883
1335976020843835392
1342227872233254919
1336075580043833347
1338846224452038662
1339009427316281345
1338992972810088449
1339965002762039297
1341164045236355072
1340347039142584324
1341871742646628353
1336485712636620801
1262514787667390465
1257783055139422211
1264051139479326720
1259026491070992384
1261100272899837955
1267110052596527105
1263454496950063105
1265709032247099393
1265830014114816000
1266106663829897218
1264530113988685826
1266107348197806083
1266719445164187648
1258491228779356161
1258494200145784832
1264066392329945090
1258489690753077248
1262844066301046784
1261034714422542337
1263612878403170304
1266365494786842625
1265028217959862272
1260644864976236544
1260868016830590981
1257399906207219712
1263798637282430977
1257797860508213249
1265455605776633856
1265987746180608000
1263525773907984388
1266097483966566401
1258851882006540288
1261302268944474112
1267078836811956225
1259122237367517185
1263521305137156096
1263465474941059072
1257411520260177921
1265899088672894979
1258493469724561408
1260648599160885249
1266814463338000387
1265714759791521793
1256099365829201920
1261120346331152384
1266545691960074241
1263569316990947329
1259758915404935170
1265892319070478337
1266333088625438721
1266616941692760064
1257482646369611776
1266338891713445888
1265995289229438978
1266387510168559618
1263473535936331776
1263450362150825984
1263220471920832512
1260596916988960769
1257979458394284032
1261358376295915522
1265769078612000768
1258570597631655940
1260597241066270720
1264781625071673351
1263473292075315207
1266882082753708033
1261337909430550537
1266739371337793537
1263441759180402688
1265192003588902912
1266324743415836675
1263470586765991937
1262419092071419904
1265707291514408962
1265715959827959808
1263097876911132680
1265727012087488512
1263413383816192000
1263955045667790848
1266820819461734401
1265379049477562373
1266329809493225472
1266106245330714625
1261015705492901888
1263566255681912837
1266462118255050754
1266356699801235458
1257338359007019015
1266839665547661314
1258078317560856577
1261476461929586688
1261017988368654339
1256989252614852608
1263673457125937152
1256563615357952001
1257790358022430721
1260351442130538497
1266097242550779905
1257440003786969092
1260639380487667716
1265738506082693120
1257788408081969152
1260306667088068608
1263464315690123270
1265480622958694400
1265711515191128067
1266331967508922371
1265320793380175872
1257748598722383874
1257866364426977280
1257375090091622409
1263682024822337539
1266071965116358656
1263459867752308737
1259158437792972801
1257411486198255622
1263463985598410758
1259508282168836098
1263417883092271111
1263507391112450050
1262741726663290880
1263525884369096705
1261290716996780033
