1182448398391238657
1189995977140310018
1178858588846120960
1195876708823392256
1197522553062838273
1205653687265353729
1205212064790335490
1227242430602235905
1229500097131495425
1224347734922223616
1243209902660767749
1239179895055491072
1242160610898522112
1243387397334679552
1236399308662063105
1242988619721129984
1245085266320273419
1238269273035821056
1243334475121123332
1237141432973967360
1242448797919318016
1238269512182460416
1243218412538601472
1241420594425614341
1238641527494082562
1241468296311996418
1238792470407852032
1238541904402362368
1238527655521202178
1241097510623404032
1241147538251698181
1240365148222763015
1235637059454472192
1236949186299547649
1242513323083599874
1242775181875204096
1238383524387983360
1240737291196391426
1238974601364824064
1242156777292083200
1241043114460098570
1241220328216506370
1240020169805770752
1239885197849624576
1241677712881836038
1248246366154788865
1255587174701039617
1247225485228212225
1255549915574554624
1252583004070969352
1255599518885785606
1249712877935738881
1247487072266522626
1255620051979259904
1255711505804378113
1253050062118232070
1246882294670831617
1252829378020470785
1246800044382212098
1246867975648542721
1253130235706474497
1255547827767455744
1247108160722214913
1255551191255322625
1249072904182075393
1248353384761081856
1249427112815210496
1255584518410571783
1245839727367876610
1249528994837475328
1249630845348057088
1255613777921421314
1247635108326244365
1255531982605488130
1250311036931952642
1255217773418029063
1251915896576188418
1246812344220516358
1255403389741129729
1245729704117702657
1254875484661395456
1249772599804116993
1261931192070307840
1268464711693197313
1272242122008129536
1272370040365436928
1268934160405667840
1272990756677001218
1271978149287301121
1272551278405541888
1273226366033571847
1276309088243118082
1271778928240230401
1277657895434366977
1280910649485295618
1288493263259721729
1287942183602061315
1288974743685623809
1285386055743614977
1285450683957878784
1283402933791588353
1284140186331500546
1283863725594890241
1280503331446820873
1283831473246699521
1299418800224428033
1298666274298441728
1297690083479261184
1300206668546965506
1295395369400938496
1294368891737579520
1297443459331227648
1296852892784242689
1289852035882291200
1302386035402379265
1301233811171110913
1307484404852428800
1303430450682236930
1303408006953082881
1310684596116303873
1308943308354355200
1301210345109884928
1319068971258179584
1316026412961128455
1319407444968280065
1312599182419595264
1330590622558810113
1343936324366168064
1338252724295626754
1339986007836381189
1261931192070307840
1261024904763322370
1259400655254556672
1256189176883617793
1256032742376116225
1263560705464303617
1260268960760520705
1263127023171637248
1261917721081634817
1263569177954172946
1256020165973680128
1262721918320300032
1260998677771849728
1261280923510886406
1256207448735531009
1266818723815587840
1256177556015009792
1256198469515120641
1261052851402522624
1259634404886024197
1257021877819760640
