1180232659919933440
1181973320243138560
1183838650351706114
1180242145749417985
1183765841848033284
1185559227449925637
1180132987926695937
1179726290921889794
1180003045519712256
1188170610628804609
1189597781578547200
1180973190375301120
1183528637204582400
1185012654147956736
1189017248867868677
1179219825442381824
1183450483496755200
1184112455863197702
1189650369267109888
1185035663764115457
1182307362687852545
1189439147716612098
1183101510231756802
1183154665711636480
1186470744315891714
1183789631957094401
1181361154188304384
1182336414672814080
1184543478388277249
1187527666775277568
1182760303601147904
1184110459974279168
1181963637071724549
1178890954700247041
1181922235512184837
1184667936776163330
1181500632466890752
1180155074577928195
1181876488255279104
1182918499007520768
1181190160098250752
1180927711537254401
1181590834132738048
1181730868483764227
1182272925472309249
1182615713367896065
1182294375138811904
1185346371072724993
1181634183338217472
1180956138566799361
1186833262221635584
1183843458412433409
1180245261630742530
1180831343212670976
1187385986487062528
1181966140794257408
1183082921122390016
1185165499648434177
1186286574910279682
1191655185694777344
1197918299616612352
1191468412121337857
1194792238225580034
1192087175841468417
1196814222060974080
1197696435434557440
1197896649173061634
1196496262700445697
1191381400651534337
1194315702880129030
1199824481595928576
1196839043595743232
1191487341598167040
1194381778959491072
1196938628523409409
1190778408214634498
1192071221380177925
1195368788297957377
1198232644384890880
1191384906808659968
1195933362818408448
1199343480100638720
1199814838610006024
1194436805543780352
1200573155552706562
1192025629002289152
1191921607255711746
1192955908185370625
1196056600831758338
1194675045571923974
1200534358874046470
1196847896949338114
1196478333724364805
1192448959593226240
1192872178577891329
1197896416816852992
1197692634959163392
1196092997328240641
1190286609301807109
1195015313407889408
1198989746007105536
1192201595263414272
1196840712056320001
1207919332459573250
1206707460012163073
1207886335383498753
1207517837646008325
1206668744736550913
1211816919898214400
1201553555548717059
1206373800201326592
1201667956859641856
1211787759150653447
1211968224516030464
1207050080282435584
1207800550147837952
1202637026371047425
1208698286401556485
1208143374794084352
1202757058979913728
1203789477916884994
1204545096533852165
1206934602281082880
1208037725447819264
1211756361228439553
1206610428027187200
1205240113791459328
1201505730987200514
1207888625863708672
1210431211702587395
1206748767824703490
1206783003541688320
1201252482434895873
1205512920106459147
1205671529830322177
1201911483447287808
1208232145551949829
1201816503093547008
1208145352865435648
1206723394168918017
1207796602179600384
1211150654573383681
1207847431783796736
1202471772970508288
1206721498309898254
1220871632996073473
1213335282398855168
1217737489684758528
1215375443173363712
1212498111953698816
1219414788087975941
1215298980030177281
1214284708282019840
1218002909599883269
1214646914995642368
1220726244528074754
1217554131461779456
1220486952409014273
1221953561778704385
1217563182790860801
1220428341959970816
1218585875719839745
1222373334307962881
1222983825841696770
1217879963967246336
1219417675048288256
1214206347086094338
1220438979729920001
1214253278197944320
1218871881106907136
1223289768299188229
1217833908320067586
1220709137291579393
1221774574959964165
1220018663236890630
1220787740138246145
1215050585558245376
1216393958860972033
1222316803227029504
1216685612754849795
1214308170295840769
1220433391247679490
1216719947335962624
1218277070104678400
1223163989372260352
1214325781717012489
1232893946910560256
1233362601641480192
1228011760952791040
1232846215735324672
1233130618021695493
1230984991976427520
1231625080800628736
1226902904088514562
1233838191871873024
1231974513363030018
1233541937631809537
1229530041286942720
1231280878451675138
1233409149439967235
1233518692681560064
1231398575776641024
1231591045512810496
1227731617185222656
1233563659324006400
1233767251335155712
1230986692007514113
1233114858910081025
1232801626047569920
1225984137259048961
1230765621220016129
1232107792628056065
1232602980110569472
1223548659389870081
1233399704194625537
1233409028430204929
1233446774842560515
1225519682398150656
1232523587778678786
1232748978900520966
1233686731804811264
1227421388291616770
1229527208265502720
1231967290918236166
1225992602241163264
1233063742314811394
1224357558573465606
1227462940506325000
1230882828465737729
1232761947969478656
1232803617977008129
1231200646654840832
1224507517708972039
1224727297455988736
1230988073544159232
1232426103492501504
1230729811552686081
1227255721865228289
1229543554260897792
1232402718456778753
1232425316355690496
1232795330447585280
1231183804309610496
1231389884432224257
1233591021889609728
1224354684355469314
1231208944821055488
1232393945356750848
1232528872018731012
1232593503030513664
1233062355019485184
1233800740239527938
1234942822496776193
1237014366282752006
1238909434493050883
1238929880894537733
1239955295545278466
1240262265284239360
1240690801543245825
1241099028928094209
1242872132473958403
1243658344763740167
1243982679952855042
1244378072876560384
1244724400789884928
1244806217521696777
1237933034067898368
1238631624742445057
1239948793489096704
1240731378540560390
1241335804217241600
1242498591534481411
1242703119525396480
1244684731024920577
1234889793894572033
1240022225333506054
1240718566623567873
1241775324993449984
1244300125943586817
1244987589238628355
1237154265069690880
1240065489822416903
1240829863667200002
1241208423158632451
1241349739733569536
1243510895243857920
1243514738698584064
1243549007185686528
1243563647634374662
1237051355455463424
1238699757557690369
1242183808897646592
1242392163754876928
1242467829972000770
1242586249023631362
1243436908035727366
1243662969210372097
1243762504267902980
1244346565294264323
1245016046102294529
1237133970577461248
1238220733953835019
1239972430480723969
1240034163027251201
1240305284377165826
1240308926853365760
1240314521756905478
1241585212049498113
1242222326474846209
1242385577477111809
1242474919948103680
1242526755371565057
1242914173844992000
1234868598230917128
1237927476619329542
1239319905222230017
1241936321918029824
1235209840257101824
1236451742767894529
1237657889788944385
1240003766973325312
1240155566380630016
1241706557106049024
1242100161930842112
1242806087679496195
1244467612303511552
1235973645635289090
1237113798407925761
1240403240040255496
1241114011237855234
1242146174695387137
1242186911940317185
1242187441542397953
1242551872944132096
1243652789634502657
1243775943312691200
1244495965253283841
1235321006010642433
1237385719133462528
1239957879018278914
1239967352558465024
1241036185683795968
1243819852973785088
1243865449189826563
1244694908256083968
1244778943519043584
1245083374491967498
1240041067455676416
1240645385749757952
1242341159499780097
1242878027744280577
1243251957860634625
1243418667267715072
1244764376684318720
1237250225238138880
1238631448606912512
1240632756536819712
1242165241972019200
1242802384566456323
1243020871607832576
1243618415224512515
1244635248924786689
1245050738998308864
1238918615509823488
1240891046009110528
1241576217263976448
1242201294275670016
1242539537525551104
1242879742212214788
1245040525478150145
1236902863638597633
1237480515751555077
1239973639270744066
1240012603935481856
1240225019449442304
1244260249013563392
1245075837323378688
1239966449407365120
1240095340390264832
1240386827749654528
1240468274766172161
1241806322804428800
1241912913037795328
1242624040113786880
1243216153184481281
1243309937108926464
1243369320882864132
1243650139304202242
1243880024471752704
1237064729237078017
1237885892649316358
1238216555642707969
1240755352393502721
1242074569537658884
1242082813630984193
1242089372184428544
1242890417990799360
1244324946014113795
1244693418586095621
1244961414458064896
1244981329487441920
1244999140255252480
1238974630456672262
1239577173754818560
1239617033848803328
1240077669774983168
1240852802332577792
1241719017469075456
1242261270625124352
1243270034350313477
1243276487358218240
1243338489497878528
1243738727643525121
1243889521374175232
1244627831176519682
1237440605049012224
1237545669243502592
1238170619964993536
1240799568226185221
1243565567866527749
1234901392319504384
1235665610089984000
1237567311319453697
1238323955791851520
1240076627087933440
1240377444965715972
1241478953405120513
1242655844782702592
1242874075179102209
1238808473409896451
1239910856101691398
1239920141120479232
1240250299442515968
1242277698904494080
1244067685991882754
1244626796202557440
1244712803539103746
1234883653668409344
1235225585682649088
1235227423026929666
1238134899292262400
1238598133229047808
1240593598539759616
1241572723676987392
1242789803332005888
1239359323924389889
1239944896947073025
1241842460919320576
1242113900390354946
1242569472226910208
1243192792177938432
1244601188902932480
1244794458241150979
1234918128661999620
1237017858414202880
1237384704413884417
1240367379412062211
1240799053488758784
1241911863627198464
1242879599089942528
1242913566916820992
1243016387905245186
1237382722076753920
1237715737214701569
1239909436153458688
1240100851718467584
1240620306752065537
1241044972767494148
1237881166847336450
1240024551498690560
1241061408038621189
1242179520100270080
1242544260269912064
1243578431343939585
1243721104310624257
1245031268099776515
1236356051269648386
1237804124630134784
1237811402687025153
1238994023991345152
1239270480164642818
1239911510622769152
1240768651994615808
1242897203569610757
1242940108103282689
1243694539736518659
1238532840553398273
1240381375980552192
1240823408637759488
1241146360105185281
1241748706547859456
1242481830768586752
1242659498545700864
1243244190420676620
1243670911540236289
1244252529317130240
1244993364711391233
1237387343943872514
1239921318721499139
1240006605657251840
1240891742234312704
1242097889851191296
1242525536888524800
1243550404425678848
1237048384067899392
1237838233028845569
1238442688543948800
1240030991898628096
1240678210246975489
1241734796763631618
1242207002203471875
1242456745378791431
1243519434024726529
1243568765478068230
1243729852458356737
1244903987691823104
1235869285483864064
1237432003538141184
1239257484457578496
1240029854722113544
1240821819013238784
1241457974553595909
1242876520080838660
1245057440896495618
1239928436430430211
1239930527639130112
1240393011575611406
1242107868083441664
1242454925847613440
1242805745290293248
1243000678387044352
1243253912322412546
1243720359947403266
1244656608249954305
1245057192811802629
1237563107158814721
1238151947590545410
1238310894699855872
1238507272013316098
1238913079737491457
1239172831256227841
1239959205991206912
1240807419955032073
1241114804347121664
1242318180095275008
1243323859765317632
1244845208203911169
1237106017361518593
1238536554886451203
1238666462652481537
1240325196638228481
1241368988573188102
1242228235317972999
1242504953941254144
1242526956840783874
1234915806947004416
1240167928533667840
1241027372171710464
1243595725532995590
1235559095106785282
1235978085758947328
1239612408198500354
1240398013371121670
1241133349030309889
1242091444762021888
1242094243679780869
1242136854947860481
1242174732637782016
1243225308339122177
1239957105374892036
1240629356034052099
1240868551944073216
1242839568614817795
1243232069590953984
1243387542969274376
1243601611244666881
1239165412975181826
1240345138854907904
1240461110869921794
1240478384511041536
1242170655585468417
1242430200840847365
1242526245742612480
1243570986982821891
1244732896675598337
1235677151795412992
1236056934886723586
1237680528909905921
1238179914978820102
1242094825924710400
1242114939688497161
1242426859217977347
1243289370007728128
1244655762653224961
1236739714897473536
1240027621557243907
1240303765003161601
1240357827048288259
1240848993883652096
1241010447903526912
1234137598387339275
1237457686360461313
1237557788303212549
1242114495108923392
1242835488991576066
1242850841666695168
1242906348523831298
1243883932766146560
1245068283470139393
1235637935015260160
1237425552639823873
1240100600878108674
1240459448877023232
1242527204837294085
1242855439898939392
1243062878971650048
1243218898629124098
1243357978457079808
1243573198555414529
1245014268854054912
1236463089517641729
1237572109020217344
1238963053644992512
1240374873974857728
1240479612343369729
1240791681491972096
1241647924926230529
1242942471627251713
1244016095092248577
1244276377811136513
1244635510871556096
1244782952451620864
1237386800118849536
1237815918299877378
1239340238662762496
1242153627948638215
1242320072577712128
1243197103473430528
1244731766532964360
1245058499379331073
1236777642436722689
1237831996405096450
1238536184919293952
1238921293300412417
1239950002572664834
1240116218348142592
1240257764787662848
1240328526471012352
1240731030946041858
1241259087188426752
1242471253811892224
1243518733185961986
1243839595768397825
1244407105857208321
1244788890273275904
1245000895965941761
1234865649626820614
1237261463066034177
1239016812702031872
1240234267294281729
1240608470270988290
1241621527600287744
1242343336343527424
1242470117558177793
1235035289426579456
1239410867701153792
1240706873793208320
1242142878450753537
1242530170667298821
1242902856853790722
1243507098761207813
1244329312666423297
1237620439679037440
1239145133410381824
1239939538153361413
1240753778061697024
1242068866219589635
1242129001671471104
1242870833543958528
1243314096012963843
1243610510555262977
1243710360651063296
1234866129610342400
1240076600252567553
1240866528305786881
1241223572191883267
1242347004379959296
1242610130073632768
1242913130960863233
1244911480585302016
1241093916545474563
1244098277252804608
1244112356096933888
1238988458326179840
1239292043094040578
1239959313151598592
1240238950762942464
1241045664840196104
1241059008498282496
1242082380266995713
1242084005400522755
1242244638125092865
1242672014231470080
1243714907284992002
1244391401292529666
1245056669924708356
1245395432727097346
1245403269838618625
1248377874446311425
1249886871229874177
1250410573277417472
1250422379525767169
1252267961051684864
1254392787371466754
1255636616640704513
1245184211197104128
1245687815066836994
1246168105358934017
1247331162340515840
1248375664035500032
1248674333876240385
1250198307231739904
1251320388396564480
1253059754274029568
1253709610449600513
1254786620277968899
1245155875796537346
1245406646244950016
1246133292551806977
1246399295428968448
1247322999713337346
1247532531362103296
1247606890588024832
1249005895964676097
1249057753185878016
1249467580802387968
1252648582194348032
1253483408862228481
1254773934022520832
1255211656814243841
1245462930046541824
1246463929636831232
1246929417668120576
1247126953871589378
1247626729679736835
1248221586877853702
1248319777136934913
1248361374037704705
1250392032343982080
1250804973727776768
1251023119512469507
1252707939678380032
1254517052255006721
1254813006917103616
1245412463748747264
1247208343078305794
1247887067708719104
1247919840591073281
1248304860363198469
1248325532204367873
1250029817854152704
1250819715284508674
1251320270977036288
1252802731892510720
1252920618791690241
1253303006357000193
1245428882653827074
1245480373762568193
1245487010401464320
1246194416253009920
1247217594970636289
1247265326930317313
1248041217188704257
1248107916110028801
1248374916891590656
1249711851484712966
1249746236007211009
1249874699913441281
1250742582231040000
1252270116781395972
1253412910438559754
1254825159640461313
1255136349415305221
1245380037613744128
1245661060163448833
1246011737070960641
1246308847691501569
1246309854748258306
1246997088602374144
1247330299165499395
1248324802961715202
1248447546940366848
1249769500419018753
1251246975510552577
1251565473583337472
1251596895367114754
1251828380472872960
1252245605721743362
1252790863324946439
1255122512226156544
1255862480422633473
1245387810863022080
1245691478174846980
1247327159355445249
1247547868841418752
1247591233565929472
1248402145696571397
1248412576821555206
1248910710861692928
1249031544129245185
1250866480834625536
1252343655991406593
1252939008050487296
1253002866350063619
1255106297206321154
1255144165614039041
1245154756630327301
1245354745939836928
1245488279979515904
1246537701899137024
1247251772445523969
1247705749914038273
1248229855445094401
1248271972628299776
1248332114573090819
1249112008202436608
1249811504318296065
1249892525701091329
1250048570562088963
1250846481302589441
1251507272166989835
1252244903377207306
1252692201064280065
1252696514389999616
1252743497502863360
1253292818589777922
1245475294422671362
1246393133992157185
1247533142551851010
1247603667517288458
1247675655682220037
1248611054449385478
1248639406048710658
1248882980342333440
1249032506114035712
1249767778699161602
1251536009197694985
1251583275497373697
1251627549869957123
1251810885271793664
1253022105605562368
1253025605475602434
1255925535772999681
1255975222806818818
1245323756664479744
1246445827066822657
1247249667475124231
1247584096366268417
1248046447053832192
1248229375704694785
1248230919242240000
1248977211107020801
1250145586113847299
1252603010984882178
1253134349395886081
1245521988136980480
1246044349487616003
1246127514214334464
1246804884613140480
1246889604415881216
1247260377638895619
1247614733164908545
1247619665888772096
1247899346281979906
1248650168645193728
1250137095559090182
1251503092866187264
1252623084697407491
1252710336521744384
1252780650689712128
1252972578026647560
1253162219157643264
1245172092397596672
1245783849264701440
1246875168280059904
1247569346823626755
1247840673413414912
1247884364127645696
1248468267166883841
1248506427133407233
1249339298203283456
1249389360191016961
1249827090192633856
1250125667947237381
1251001528825065473
1251390533928316929
1252742186166337537
1252797676782936064
1253714027353485315
1253842569576034306
1254211329470201858
1246135092768133120
1246252327004061696
1246443286035927042
1247885773522624513
1247958158821163010
1247983794398863360
1248408943711272960
1249651579684360192
1249712355090497545
1250053184300539904
1250473235486887937
1250540213979537416
1250892732639428610
1250914416549388288
1251120895151747072
1251584739728908290
1254465398218653697
1245520447032029184
1247501073532588033
1247590489840222208
1247996261472653313
1252263997765632002
1252939855308431362
1253685993535877120
1254009056517332998
1245340151976509440
1245440427530104837
1245711597324177408
1246483211628294146
1247506580574175236
1247919068633538560
1248140500693135361
1249039760758394883
1249771125774614529
1251170766240075776
1252216538721062913
1252404193349865477
1253330256712183808
1254124214531080199
1245485369140928514
1245518395090423808
1245861078086471681
1246172404931420160
1246451074090905604
1246470129166061568
1247566838923431940
1247885390452674563
1247918111594078209
1248315535361794051
1250053310154932230
1250216637808046080
1250224586555260935
1252231512881164296
1245219000730226688
1246125767311982593
1246218179195613189
1247539158714736643
1249802028819177472
1251204527560278018
1251251513743171584
1252604394899718145
1248438205294264320
1248481681318621191
1250594828334673920
1251341372528848896
1252268599936528391
1252935321270050817
1253914175342096388
1255137873344393218
1245160578164723712
1245352496761102336
1246801758707503105
1249762632292237313
1252238451077832707
1252921604784472064
1253019682183024641
1245779836016222208
1245905884817035270
1246055436790497283
1246403927043715074
1246507098860449792
1246610642494279682
1246947935281012737
1247253536703950854
1248340644684337154
1248563088644886529
1248740023412891650
1253021152718569472
1253021874734411776
1253489485305823238
1245128062183919617
1245351424072048640
1246128834124091392
1248053567908458498
1248405050419863552
1248602735274049536
1250465240145432578
1252282112935428100
1253010893505519616
1254069784037261313
1254458971773120512
1255528267915816960
1245402523294404608
1245429956739567623
1245439837160669184
1245711840606330880
1246087729936556034
1246532209021837312
1247698870055862278
1248409393646854144
1248702878803525632
1249678813325340674
1249729564395409415
1250422803137843200
1250424865619771393
1252213822473068544
1253922022922391557
1254644072347766784
1245161686798987264
1245312979069030401
1247124514615562240
1247318601779916800
1247534384246181889
1247538158280904704
1247642018529959936
1248368045321576449
1248686130301554689
1249365930833874944
1250434813120507907
1250746059824828416
1251902182900871172
1252633746878222336
1254795043132649472
1245393326074990596
1246098183446560770
1247544101316079620
1247634297043013634
1248001520664113153
1250534493020094464
1250651619210993665
1251171112811220993
1251937538383757312
1252698297367703556
1253702677562826754
1255286195099258880
1247707671412772865
1248817242726379520
1248983887667007488
1249162926495236102
1252659260590194688
1253833325967368192
1254110789197316098
1255267496908730370
1255785007269855232
1245117503514112000
1246130367406407687
1246875579951046659
1247543879810908160
1248422440729858049
1248460057622147075
1249708945876402177
1249959873640632320
1250754260943417344
1251876201850961924
1252962336803094529
1245119884423573504
1245564135036923904
1246731316508291072
1247158294453485570
1247209756806139905
1247751052478148608
1247809582455386115
1247949831433269252
1248021672206184448
1250474212738895873
1251069430290931713
1251153464396152833
1252991521558855687
1254898880518463488
1255229432786231303
1255877034149990400
1245185525092429832
1245283126051590144
1245362665058377728
1245483176606097408
1246272123133403137
1247593556501544966
1248275851197759491
1248603180495065089
1248773278103199748
1249807219048288260
1251855432370409473
1252231081492918272
1253663333850415104
1245370923206742018
1245397466129858561
1246471467233132545
1247170502096875521
1247176965527932929
1247906908607901696
1248222935430684672
1248324083055382530
1248582509815717890
1248926761582198784
1250173160323981314
1250883263511420928
1252225341139095552
1254936994469351424
1245331606551879681
1246125884521791489
1248569092384186368
1249893499807436801
1251852096422494212
1252815778442690565
1253044947780956160
1253127709821038592
1245524988532330497
1245589138184667136
1246132578404491270
1246309796585902080
1246500847896465412
1247544705325207552
1247888383180812291
1248249314737967104
1249844828206055424
1250116467959480325
1250631654340730880
1250980994569691139
1251984412679507968
1252072206714142721
1255844862013964293
1245186696968155137
1245537626943258625
1246181577111080961
1246199562840276993
1246224059463012354
1248108481837662208
1248690970826178562
1249739475531554816
1250106958222364672
1250785488799227904
1250825045301067776
1252236499891785736
1252408348915326976
1252767857248800768
1252821723411410944
1255029298152509448
1245114068408496128
1245348580333776896
1245405663003652097
1245509490583261185
1247207449821675520
1247508955435167749
1248107891262984192
1249325959771303936
1249463725897027585
1250109491879776257
1252236312473559042
1252975433747922945
1253290787116404738
1253762056572059650
1246145013681020928
1247125275927871489
1247868920792580096
1248236866131746818
1248689803807404032
1250051327473917952
1250766840495824901
1250859011416653824
1251195733711216642
1252757388442165250
1252955740995813376
1253302375869304833
1255450963953037312
1245417986225291264
1248005687533137920
1252301042538217473
1253406273112100868
1253995363423465473
1255520765417590785
1255523701782728704
1245418348424421378
1246043677010661377
1247533790160777222
1247539454861905921
1247612620791824384
1248631847845847047
1248684675180232705
1249407308410601485
1251181854729764864
1251569858459942912
1252271700412182529
1252600956673495041
1253015590459125765
1254522668973514755
1254971133402718210
1245413125765181440
1245803007234768899
1246125988100165632
1246679570553716738
1246799169370685441
1248015759344721920
1248288950994841600
1248330840049954817
1248893832621588480
1250223284328763392
1251286828616998912
1251316331644768256
1252824386115010562
1253431457097252866
1255153583797997578
1245120008557981696
1245152605598334976
1245601744312135686
1245865637299142656
1246132803768631299
1247247725835571205
1247434614932717569
1247544178608914433
1247605047330037760
1248369394218082304
1248406813080309761
1249013836671332352
1250435073905577992
1251322976231972865
1251929392940531712
1252269088962940929
1253714828478251009
1253742743643402240
1254775196206030849
1255124491501527041
1255590676579987457
1245461205776347136
1245899201759887360
1247287971948236800
1247996377340063746
1248476262101741570
1248640643389218821
1249430277325295618
1250047313491492865
1250118061807611905
1252213126453493762
1252721969025306626
1253687435499917313
1246266067397165060
1247781212636082177
1248124311967277060
1248333918111019008
1248796965086752770
1251580398749937664
1252384732655923202
1252625659999866881
1252630178213347330
1252699714274971650
1253106741035835399
1254423089229815808
1254773640052137987
1245150719004606465
1245331892741632003
1245353121120911360
1245399480905666560
1246108681915240448
1246153075112411143
1246309461825933314
1247718269903142912
1248015348139360257
1248101566273523712
1248552208418975744
1249032571721261061
1249595386005721089
1250526826138664960
1250899620013772800
1252557916604940295
1252639006279585796
1254593831682572289
1255267987633967107
1255572474693107712
1246046754040094720
1246136696099528705
1247503350909865985
1247609498900090881
1247913462593925120
1247917843984920577
1248510418651250688
1249750914086375424
1250715259402420224
1251220905096667136
1253999244228407297
1254022430051512321
1255599430297927680
1245270679504793601
1245422965774094337
1245680210483314688
1245689582252781568
1246119875183083520
1247868363159846917
1247986211769049088
1248049548888379392
1248331011491893248
1248677060849131522
1250665675305226241
1251140534845964288
1252665352330371075
1253289530259537920
1255135372918444033
1245352728471015424
1245838386935422976
1246038172708069377
1246127227772850176
1247256046067945474
1247527517637885953
1249728994821517312
1250022047679418368
1250435003227328512
1251089482025181185
1251147329274408960
1251171083778174978
1252950136118030338
1254431660311023616
1245350153168531456
1245365294631026689
1245391787818192897
1246194143107452930
1246897222190579712
1247091175804239872
1247126887404625922
1247642193516531718
1249306587610656768
1249750056992944134
1251856978315554816
1252267274569945088
1245332281256001536
1245457960664354817
1245843718990512129
1246028942550720512
1246413199542489089
1246444270925406209
1246888725981863937
1247799916128133121
1247928660293824512
1249257017329491968
1251161002168602625
1251282404796325888
1252752521745051649
1253884797065166849
1254890565608411136
1255527133092417536
1246131355248984064
1246766865126436870
1247269283740213249
1247560715801673728
1247593578995597313
1247875731985698817
1247975244943577093
1248748597967040515
1249433430816776192
1250425548632809475
1250456418957905920
1251883574380433410
1245370480850284547
1245870410454798338
1246224488364216321
1246455884198187008
1248555382798082048
1248619404033527808
1248692075521921029
1249635125438095361
1249800422551887872
1251203632227377161
1252355579957276676
1252366044129185794
1252692276733554688
1253248413476552708
1253453221340696577
1254045905252167681
1254761104447647745
1245391713365082112
1245416280493973505
1245418113501405184
1245521805089144832
1245890492774178820
1246069521548488704
1246820627551567874
1247647164060307462
1248004609756413952
1248314759054872583
1252373993379651586
1253100165818249217
1253638018180792321
1262429414597500934
1263140966082457603
1257348674759405573
1261979687733080065
1262152886882045954
1262713409860259841
1260230583818616832
1260240664316440576
1261016002764181506
1263137485103796232
1263201140344123392
1266394688535367681
1257746376697528320
1259016026152370176
1259624357128798209
1262899498612817920
1263535262883352578
1264283930292703232
1260614338479439872
1260783758199881729
1263310880126775296
1264720731331411968
1260593742173671426
1260648528184930304
1263152808439799809
1263176276094976000
1263768776740306944
1258535238755512321
1260596733467336707
1263204864923967489
1266020789003919361
1266364347829362689
1261881946608529411
1257418855330328581
1263821671435087872
1264332741186854914
1264633159460642816
1259953978185592833
1256237391960059904
1273003852724387843
1272522186549604352
1273021283651870721
1269814157743755266
1272565960034131968
1276165851452973062
1269341536690540544
1272613229840097280
1277994597361184768
1272438758772744200
1268718779170787328
1273630914992635905
1269868305332015104
1272524705950576644
1269019797636907011
1272520208696123392
1272907586577235969
1269934105577295873
1272590618691170304
1268931457226956801
1268739389808619521
1272529297605971971
1270784169660919808
1271545314525286404
1272610380905406465
1272874396588400641
1268553890175344640
1273046924531240965
1268950725616377860
1269048869108793344
1268000724358553601
1273024806774927360
1272887323408113667
1276072163292745728
1270058823206592517
1269909430117765121
1271148817342218242
1275154164952244225
1272580727541043202
1268630449548595201
1268970946565517313
1272738505228075010
1274368954903998464
1268442447719411717
1269335981792071683
1269748997117239296
1272909433127960579
1275469685530808320
1270082036250767360
1271489971678044160
1269555985997332480
1272572531480895495
1272895854618251264
1276970801334562817
1270744370388533248
1270156147845185537
1272987514089996292
1275366421015519233
1268767191480008706
1273703299385090052
1268215880959299590
1268635269424721920
1272811942684643333
1275864114410205184
1269557321937702912
1270895419082641420
1276292138708471816
1270155878256132098
1271700457035952128
1272654950582177794
1268399309084594178
1268963307114975232
1272900183135830020
1267517330852110336
1272601024038141954
1273524066780094464
1272249736431616001
1272669956942036994
1274374099343683585
1276554074633261057
1276204054004166656
1269983255777939457
1272383160488275969
1272535661644525568
1273025039185645568
1270149650847236107
1268227590810144769
1268630369361944577
1272382211753418757
1272654845716172801
1273337499297988608
1272895468771717123
1274562094591959040
1277722226918375424
1269497453377617920
1274690022118047745
1276462590080712711
1267888801705275393
1271629489395679233
1270791818452451329
1270761273920294912
1271080303247814656
1275604485654622209
1272992351896637441
1268585829989056515
1271106436219703298
1271292954200571904
1268609380477353988
1274543400411443200
1274356330355134465
1268605969799491584
1272703281547141126
1267510893060947975
1268185761263706112
1269979809783914497
1271303632802025472
1272530536448352264
1268232558229291020
1270804276701528065
1271703183308386304
1276773737308790784
1270020776394141702
1273244750804660237
1268618654335201285
1278043930769215489
1272572266912636936
1269662338182975491
1270823658752278528
1277971655160029186
1272531830940540928
1272545764586082304
1270737494770941952
1268698488797184001
1275889472488554496
1273710556239650816
1273954347022499840
1272570183685566465
1268624988011143170
1272616966948257792
1274646427092701184
1268204512688271360
1277052086945972224
1277737268447453184
1269838018262691841
1270741077075677185
1268542446339833861
1270095754074492929
1269046355508580354
1267548720893067264
1268179152957575168
1273029446874861568
1270356643977605120
1272586262646579206
1269302768457613317
1268495349640986625
1273016666981621763
1268222540494798850
1271156254480773124
1268904634636054530
1272613547709730818
1272550968178196481
1272766396032626688
1274193828149370880
1267579058419724288
1270005171431657476
1274739155793305600
1276394170479972353
1268622064388198400
1270739793530499073
1273027770596102146
1273066107335774208
1276158042506170368
1278058585679974403
1268664984696913920
1275437498412363776
1270369248427335682
1274103424091594752
1286260672980975618
1282819664570179585
1288658640463962112
1279378621577269249
1280816176566861826
1282703245358448651
1285578976480632838
1282812553836584961
1283399415793934337
1284834588720803848
1279654759226638338
1284183355848785921
1284575410223747079
1288887532004966401
1280544054728687617
1288980808334741506
1282982086232748033
1286746940248674304
1281941445797175296
1283828762187042817
1283192350169354240
1278870735570821120
1281023866329014273
1284013843040141312
1284137431210455040
1279036585330294786
1281264395390259201
1284014728029908992
1278412966614806528
1285400886802616322
1288908679706587136
1278776510061690880
1280425848965824514
1283033708400975877
1285517446514970624
1283136590471024640
1283197740554620929
1279367815271788544
1281626897600913408
1282306226378862603
1280692971575414784
1284215676538884097
1288433697574850561
1282751663707688961
1283171701052841985
1280501349009035271
1286596234078302211
1287379344197849088
1285674057606868999
1278400597608271873
1279188491050442753
1280290265790656512
1288957531667275777
1278455676956815360
1283435780711440387
1286667882609475586
1285598258237243393
1280306468370165767
1282654350892990465
1288159213211078658
1285695948757270528
1287693434845790208
1281685630037131272
1284005724603940865
1284174809115561985
1285886994040512513
1279122720165421056
1282012595566903298
1284770753943089154
1286271850985791488
1285703660354392066
1285934565853470720
1280727471718109184
1283375235086024705
1281786041473609728
1289011150722666496
1278326316094414848
1282691393232633862
1286314584979247106
1284127511476043778
1279549515943510016
1284565037517086722
1289199287620911108
1283466138463207427
1281041341867229184
1278862369624600577
1287037324996620288
1287407219542126594
1286046699660759041
1286768874160103425
1286822009280835584
1286003860666892289
1280718185453453312
1282039663855902723
1286997989916135424
1280549247260057602
1283779623797444608
1286827348608909314
1282675414691971074
1283024838744051712
1282352358408757250
1278870980014866438
1288571552485826560
1283106749319393284
1278254224229490692
1278704185958113280
1282998381833523201
1284041525442359296
1278382694838255617
1286174964819927041
1286086915528241157
1284133191801090049
1284201697275867137
1285183595376771072
1285885555138539520
1278759124348567552
1282934986769915907
1281683697733898241
1281955107081457664
1286775132011339777
1281361958311284737
1286060962672517121
1285289985210376193
1280550055368425472
1283217843727798272
1283237779196063747
1279414360897708034
1283125196321435648
1278489336489693184
1281081093421019137
1281575567914082309
1287030922232160256
1288955009971953666
1286321582638542848
1287346565699559424
1283463854387757056
1286067673760239618
1283028661797564422
1283031776965926914
1283639354615721986
1283912119189209089
1279050517591834629
1282955727645085697
1281345930923520002
1284214034619924483
1283837083677855746
1294028358552961025
1298132109400268801
1292479837131726849
1294730524653740036
1294516510262734851
1293528290884542465
1293721251387777025
1293654392411914242
1296067560279093248
1298484505448075264
1292553737848971264
1293240657524543488
1296153436128292866
1292308744672608257
1293169497004802048
1291736155986239488
1292306055125327876
1294079232822464513
1296911399160025088
1291710524695228416
1291511913373933568
1291166439068643329
1298225831123222528
1297529492756484096
1293998345950724097
1289430073431322624
1291383534922469377
1292345257523322885
1297994590151049217
1293899831006711808
1295727174901813256
1297639753861406720
1294021888797216770
1292519568607531008
1293651628856311808
1293981046460108801
1294387835332521984
1290678828499521541
1292459631973928960
1295696908997079041
1298161442521317377
1290283140548714497
1289445198267899905
1293925407008333827
1299068921233002496
1289768509660991489
1295760977066106880
1291334366455640065
1295721368781312000
1293744376913580032
1295877108934336513
1292266127758770178
1291040374417391619
1295537099047866369
1295798793837973505
1296311772354412544
1293188195526553600
1290413045123108867
1293562264960659456
1294124605540622336
1298553015826341889
1293202465853190146
1295912525427507201
1291325955882004482
1293502134629961728
1289887904550907911
1293687679490629638
1293946359142326275
1291454814430343169
1292420664801013760
1294594557678624776
1296848958535405573
1292648709231185921
1295053988270731266
1292134636357849088
1292083134222278656
1292917020824965122
1290701533026410496
1291764200306544642
1293371550608117761
1294399682467241987
1297198196544937984
1296799810939486208
1299522430650724352
1290377900995346432
1292121127557292038
1290340384376262662
1297991817766604801
1297906855751147526
1290775782516830208
1294332147977711616
1295715614665969667
1298428760321073152
1295467979736457280
1293889205504966656
1296170368005296135
1289694447672807425
1293653626553081864
1290293167313453058
1292842941061435392
1291316119949774848
1293624243637440512
1302433640782213120
1303679013437743104
1304480216253784064
1303358727161032705
1304147274012987394
1310571868487901186
1301319507781193728
1303053147854831619
1305622688531181570
1301847314810785798
1307796557518045186
1308789291049455617
1303862326492266496
1305159250495172610
1306729656599666688
1308791758218825728
1309564949224714240
1303838657116160001
1306466169680007171
1304189439560880133
1302957530306547713
1306580509334605826
1307111278637445125
1309472815205281794
1306099089151586305
1304556566750867457
1306486836173443072
1306913664927174657
1303741248826675203
1310291847173083136
1309070757733990406
1309561699897311239
1305137690149437440
1305184244369633281
1310756708587839488
1308388704487116801
1308536552532844546
1307386105113784321
1302537724029624320
1308790198625501184
1310849234908839936
1308567903558668295
1301422936654569472
1302529565697294336
1311171603322077189
1303170580716249088
1305619445520318465
1308886988611817472
1301520715766792197
1306332410661998601
1302639115444207617
1301896199440658432
1306582394745417729
1305825341265641473
1307671821060317191
1307680454624120838
1308300758224232450
1301273626289811460
1303425975347277827
1306670823122579457
1308506928704872449
1309395466216525824
1309486981970239488
1302894377103220736
1304161496885321729
1308840387696623617
1311309827415699456
1301308385070022656
1304871277966974976
1305500854024364034
1309828966266687493
1303676782885953536
1309609314747785216
1306662057039724544
1305620485540110336
1303363983311867904
1304232820764745731
1301386566321963009
1305523579199553542
1302832686860509184
1307321896543821825
1308060926655033345
1308114509937225728
1306489981511237632
1309121617868488707
1303399142992076801
1306363999206944773
1310567319198928896
1305648853937422338
1305708336281784322
1308394372426235904
1306270137058762754
1300972580124471296
1307768009264697345
1311396410915520512
1307757512511217669
1300574087106961408
1302231660449193985
1308038434536259585
1304458914977718277
1306527500084813824
1301609922669555712
1305843466723897344
1308476869482819584
1301322603202711552
1306139038944866309
1307469338912456711
1303928028204904448
1305884274474835972
1305733060780912645
1308993074689957888
1302568076605521920
1303753479161360384
1308783891914854401
1314218133452779525
1314228980430635008
1316016039885332483
1319674662239035392
1314691330585452544
1319984575838289920
1320753609869455361
1321593152843763717
1312571031907897344
1317617381963911170
1312756418504732674
1313184325572018176
1316753225584914433
1312724918296084482
1313126295660687362
1321807657410404353
1321055692028059649
1313135617140756482
1313645233444397057
1322570642517069824
1312730967476404227
1312789826110980105
1318593136734646273
1321130048628224000
1313900962613002240
1320514369021640704
1322544515639578626
1312926695222108166
1319292198005817345
1312997309949517826
1317030029310652417
1315457319929548800
1320012883200180227
1319378104654114818
1322541853795885056
1312907254547570691
1313140292753686528
1313207327512760327
1320389665074126849
1314364605465088000
1314554980850905090
1316769318403743745
1320755191117795329
1311653987893084160
1313495546250715137
1315611183710380034
1321839901042638851
1313203554644045829
1322575847081979904
1316382900175212553
1312030145381793792
1313614594087301121
1318487741978521600
1320954236000108548
1316079297564639233
1318198473431404544
1311651830208790538
1313411934105096192
1316209798686351360
1316900943624024066
1319029071716691971
1312939679218634759
1313077978994278400
1320768868739026945
1312934149209161729
1313460254391271424
1318533690557976577
1319001609758756865
1312776519098331136
1314565260251201536
1313519889257238529
1314763191625281537
1312369232718430209
1314712435635429381
1315791240722432002
1318197149260222469
1312730812232720384
1311672306415140865
1315185934606856195
1313181283577724930
1313761658964238339
1312712421757288448
1312770953814970370
1313283592177451012
1321826636497649664
1313518540306223104
1319663818566500354
1312747629919514624
1318200960632508416
1312217805278846977
1315993993965113346
1320769250416496641
1318287891789852673
1311705036527992837
1312783068873195520
1313004307533516800
1319973116723036160
1311684504751407106
1313198353669410816
1319433696789790720
1321769990371102720
1312811845032374279
1320751718229962754
1321587147347025921
1318228291963203587
1313566264934232066
1317195219390038017
1312049722409062401
1312818313844711432
1313113275236712454
1313879659017273344
1319471620822532096
1320773641835933697
1312915709790351360
1317228459727310848
1312853255383404545
1317485085529178115
1312776056235982849
1320367884888137731
1316071213337317376
1322503710757539841
1314647644334182401
1318402316710694912
1322114057541836801
1313929436086128640
1317307359971205120
1318973726231269378
1321623323965444097
1312729377604595712
1314899460372086785
1313917619653636096
1313474353338744836
1319385369171943427
1311425607478185985
1312795794639138821
1312825224212119553
1316013613337862144
1313093346957631489
1313851583332077568
1313942182823419914
1316734574425247745
1322664480220827648
1315656536451158016
1320064096604094464
1315986069905649664
1317433321534726144
1319108135253147648
1320836610930495488
1315534285076561920
1321567273526677504
1319216418399764480
1315510050379698177
1316343723777818625
1313175079241609219
1313151768554070016
1312075503906377728
1318256327551078402
1312717357236858882
1321541122611683331
1313839863435722753
1316737484001288192
1322496055477489665
1312859397039636481
1318677093828341760
1315013604169658369
1314944215420370950
1321590078012071940
1322658190291537921
1319221577414705152
1314032831048237058
1316454100125483010
1318342434502381568
1319021116539752454
1320755161740898306
1311632799582040064
1314041689670119426
1319266393733419010
1322539255080591364
1317232894318989314
1317213738987118593
1322181485693181953
1333536141358886913
1322687468521574401
1322880246778109952
1324428172486692864
1326282407163518977
1329542475225165824
1333156203946446849
1325946334357061633
1322730299751600128
1330751807082082305
1329791973604069376
1323538255372079104
1323603718378418176
1325112235711229958
1328940586355875842
1324852942101385216
1329383591663591425
1323599747068825608
1330901053097865216
1323636619358994433
1331764590686900225
1323413561952014336
1328690094220472326
1331199180019290112
1323624749008883714
1330509766494392326
1328782457299230723
1323251148292317186
1327291950974857216
1328357190944624641
1332595843225022467
1323325699785183233
1326404192492253184
1327886029462769664
1330494222370304005
1326133276420018178
1330158103460007939
1331074941656190976
1323007804655968257
1330875982622978048
1325933698659840000
1327349012819656705
1329504303736778753
1330916022338121737
1325991115435208705
1329078447650394118
1325993294501965824
1327266026229288960
1330962164061003776
1324004058387107840
1329177529861742593
1331291794466869250
1329105482318049281
1331689110692638727
1331732665154891784
1328362920359682048
1327296085497323520
1327299781723648003
1331112483763970050
1326005172057812992
1327667697681838083
1329519151573061636
1331767612251000832
1330262990755655680
1332889317153370114
1328375600126496770
1330976898705281024
1331560448005533697
1333449723806670850
1327454471878750209
1327248893428576256
1327292652384083971
1328761253406396416
1330941129693519874
1325995625826152448
1331832568082280451
1323541828554039297
1329205256673222657
1333513240471539713
1325984462321184769
1332430066832257025
1327624617545101312
1325814881996693504
1332593582574694400
1327260413231206409
1327337765831380992
1328523146962538498
1328855595911352320
1333193550628941824
1328420916716576769
1323116890429005824
1324092402123026434
1325825483871821824
1323336411139944457
1325802431972839424
1326205454259773448
1327284069303001088
1323601208754475008
1323342271933284354
1329604594486349825
1331106482176274433
1323757533731999747
1326168980457926657
1330908192159670274
1326594297450389504
1325814591297904641
1323294805540007936
1331380277503901697
1322678416706076674
1330883979592015873
1332840854617268227
1331097195341176834
1325838674903306240
1329543082132561920
1331049914894258180
1326440539672113153
1323302725174595585
1322894047086825472
1325838466106724358
1334781761566302208
1337230877076570115
1336804906372648961
1340917164291735553
1334880667453149186
1341859696630706177
1339442296471871494
1338837011436892162
1343807249467265024
1337064670897856513
1339659392753553411
1338916665854222339
1343458857993965576
1341521012408557568
1340811485904314368
1337511154558652418
1338605169056026635
1340145398476922881
1340492470027603969
1338319740893241348
1339958606461083652
1340484043708706817
1343648276944478218
1338593696040751106
1341027158345572354
1337598337365778434
1339458561257160707
1343658477521170446
1343827059173326848
1335736322527465472
1344456552875511808
1339573449677651969
1341495897536884738
1334325110908469250
1336831213399658496
1341078951175839747
1337435475087245313
1334284807849738241
1344146990381334528
1336385053811757060
1338190201701732353
1344720749760819201
1341786677090656257
1339608262178648065
1337131426962092032
1341050476071170050
1344271238856925185
1336047775641980930
1335699490125336582
1339932731439013889
1339945620677640195
1341145929974505472
1337394276112740358
1334275607232995331
1334916558104178689
1335664400406106112
1344035474541838337
1335700335281795072
1343975022961025025
1336129144367828993
1344306031908810758
1339293758874148864
1336668227280179200
1343300092569255941
1334504002894041093
1336694133117870082
1342098071669366785
1340794489493835776
1344339106327883778
1336695716652191749
1334874835659468800
1333929537734729728
1338991110077767691
1336175589510746114
1336320046474403841
1337375511488720897
1341257451245625344
1337420041227292673
1344324365362425856
1334877518088843266
1340337071081328643
1341427237820592130
1343223389780144128
1334888614094925824
1340813984761450496
1343959975723413506
1343457574524317697
1336321191267594243
1262429414597500934
1263140966082457603
1257348674759405573
1261979687733080065
1262152886882045954
1262713409860259841
1260230583818616832
1260240664316440576
1261016002764181506
1263137485103796232
1263201140344123392
1266394688535367681
1257746376697528320
1259016026152370176
1259624357128798209
1262899498612817920
1263535262883352578
1264283930292703232
1260614338479439872
1260783758199881729
1263310880126775296
1264720731331411968
1260593742173671426
1260648528184930304
1263152808439799809
1263176276094976000
1263768776740306944
1258535238755512321
1260596733467336707
1263204864923967489
1266020789003919361
1266364347829362689
1261881946608529411
1257418855330328581
1263821671435087872
1264332741186854914
1264633159460642816
1259953978185592833
1256237391960059904
1264943996440363008
1259887497225650176
1261991901546319872
1258285986502639617
1259228724614094849
1262789226145423360
1264606127360299010
1261352173708865537
1260035238102614018
1261423659706494976
1261438312146808834
1263347330129907713
1264188215268970496
1256682634123440128
1258824662206873600
1263090387410919425
1263122375509520384
1257417754635894784
1257439518459822082
1258326566397829120
1261235629343625216
1264249771037872128
1258192687372685312
1260419884812398592
1260928291432796162
1262505682902945796
1263482951460810752
1263952780722499585
1262464216440516609
1264588666287976448
1264663866102906881
1258757064165339138
1259495659855437827
1264233807349256197
1261606902515077120
1263237342489448448
1265307220188815362
1264230109227167745
1257298753578586112
1259683117541011456
1260007068833964032
1261285050949271552
1262206821881782277
1257697605355819008
1258617625912832001
1262475632858009605
1266681204054601728
1258417167533355011
1259151921337810946
1260212670252421121
1264281586700353536
1265747109195796486
1257311836342374400
1260936582262960137
1264326621047259136
1260670591914262529
1262119390541160451
1256063101864079360
1256245843000201218
1257431029826060291
1257429216024498179
1258863293646725121
1262608717276688385
1263128841414828037
1260648361742368768
1263002120627855363
1263205477212663809
1259093292161130496
1263128920582389761
1263364231531020294
1264921804059086851
1260682120269201408
1256301342513037315
1257784414362361856
1259847118837231621
1263521052992421889
1257690772838797312
1258481365562953728
1265327805228867587
1258497853363826694
1260607244342898690
1261686729427292160
1262399973305520128
1256310767097241601
1261978958435954693
1257240753379717120
1261417301070446592
1261783519065526275
1263150812911620096
1256064561481908224
1262795169495203841
1258912967841767424
1261738411888717824
1263501332956082179
1264315877320785923
1257346923775868931
1258623012003348486
1262237801015316484
1263481874178904065
1263840482498658309
1264312404416106496
1256340044232581120
1259196046548369409
1260031451984093186
1256048359774838786
1256249135822442496
1258136968837443586
1263127216805883912
1263481210833174531
1260926727980793859
1263543267578318849
1262345092989362178
1257535423972347905
1259850215705776128
1260344945162031110
1264308394015567872
1264315898845786112
1256570763617996803
1257313103311560720
1262415907940216839
1264031146997772288
1264316472916168705
1265008992448905216
1257316804474449920
1262897737286266880
1263673985876799488
1265372879748808704
1267183443248545795
1257425611070541826
1260929651146285057
1266010304669986817
1258544829585223683
1258919798890729475
1262874913628663811
1256359031108665352
1260303762838573056
1262908264712474624
1263110274602741761
1262384026859589639
1263486241544290306
1263563618215514117
1262470166446854144
1263439850797228033
1264216837220454401
1265740592237117446
1266035869116497923
1261462440425992192
1258119353461071872
1263811538105688064
1258466542880272384
1258750602139643906
1260964241684615170
1264028792655405058
1264170532171386880
1264912059881357314
1259283479684100098
1260001251305181186
1263107147547783173
1263994957729280000
1258461395441549313
1262791845043679233
1264134737162989568
1261707896825491456
1263873259038220291
1264268553001238528
1261305357080682501
1262518084209971208
1262787562206367744
1264979845911654401
1264143949486309376
1258545693628624897
1258836233259749382
1263113853820383234
1263235668790202369
1258698534221754368
1260691578865115136
1264145173342289922
1264375537109262336
1262720667293712384
1264672154060275718
1257203767998476288
1259927486080733186
1261796672503414784
1262517154659827714
1262804258665177090
1263937731450699776
1264237573871984640
1261779234562945025
1265395587626631168
1256657793165164544
1256731464177049600
1258824383537262592
1260208007125905409
1259713810664878082
1262375856095350784
1260327270369067008
1260941249386672128
1263511958520762369
1258837961094975488
1263335324530421760
1263424432527335424
1266092651176251394
1256630293395636224
1261436030437089280
1261667449910579200
1263552737410797570
1258781530920534016
1261755342813192192
1256100091406028802
1257713198658183170
1258040540123279361
1259294590764449797
1260222307899002880
1262390325546561537
1263099152285732864
1262955815524356104
1265847773968109568
1266732236432343041
1261643332796788739
1263530749753524225
1263530749753524225
1261822443267727365
1265420712577126400
1266314832409759747
1258822681270444032
1261340059803901953
1261358275687321602
1257422152833400836
1262979626592280576
1256484272262778880
1258854767243284481
1260570986249936897
1256029241222758400
1261276571379343360
1264427710937432064
1264898010720407553
1257269408118038529
1257554294347370496
1258807732456632321
1260945481422823426
1263123226953121792
1260760482761375744
1263163207901986822
1266144998392651776
1257248180623867904
1265024843424071682
1256435367286210560
1257222415870046208
1259230032049954817
1256331756862468097
1257135293364187136
1259156201599897606
1262767608702685185
1257452674372567043
1257778726848217088
1261866901858222081
1260030692110434304
1263962532240334855
1260576873391800320
1263242350358388741
1263899995922628609
1265821133342945280
1256728932260470789
1263757259345199105
1260561027336482818
1263947730650574848
1266072960739221507
1258427453766348801
1260651551019823104
1257379714752184321
1260910957615857669
1263102465773314048
1263839651682492419
1257301440101408768
1258535425964007425
1259850235867734022
1263911119812464640
1265367903991406592
1256318711117553669
1263204814621683713
1258816768870682626
1260642996615368704
1261723997806493697
1262525403484360705
1262801951680593920
1262829596380143617
1256449703434166272
1257457491144781835
1263307839277166593
1263311484043563013
1256385486542667777
1257729036731797505
1264264454872551424
1263903570052644866
1256008759773556736
1258811802416283648
1260700752185565189
1261015661448437760
1262535051977392135
1262715162924105728
1266868553896116224
1258519482718253056
1258844004369735681
1261036197511671809
1261904154211094529
1265466943752060929
1259847758053326851
1261361153709670403
1266026150918266886
1258879723796598785
1261291024225312768
1263098459026006016
1263532343576403968
1258038620755316737
1263824385913298944
1266018858764288001
1263180891750203392
1257673099006394369
1260067555865059328
1262540116960202758
1262542236165668864
1263089988041932800
1263891382931877889
1256134873703755784
1262743291079962624
1260541804824461313
1262402904134123520
1263960115876691970
1262154825728315392
1263556367027253249
1259906095751016450
1263975760869707778
1263501338010423299
1264281743181447175
1256297842966245379
1257286622070091777
1258898417780219904
1259932544365137921
1262751136529825792
1257419459360428033
1263919639127568385
1264910797391704064
1265777804387315712
1266497833961578496
1265166469597327361
1265685296093462531
1266077299247472640
1258489057530785793
1259906179574235137
1260973415487455232
1262762075702677504
1265043446252867586
1263114509859926017
1264621643764125696
1264331614328217600
1265881128797384705
1259952171598168064
