1207314002969317382
1219318029508665345
1223292365122822150
1232881726256492546
1232904988436893696
1240747309446635521
1243725439966814208
1243739563161518082
1237701537826246656
1241240351022645248
1234832273280831490
1240966927880728577
1252035981009698816
1253752391654088704
1251618849847459840
1247500955786055688
1252601341429649408
1255493217073737730
1252040177092083723
1248742369261993984
1269096689123631104
1280424908816879616
1282719987313123331
1283943571666735110
1291107233204297728
1293997762460225537
1298627337907572737
1308109307892895745
1305733117890695169
1321995250844508161
1321853247271960576
1322750231738486784
1341262191941591040
1341866320707670018
1260576722422038532
1261061052143411201
