1197293087057465344
1199470800824422402
1196430301024673793
1204536660232290304
1207756782573105154
1215694413978054656
1228368313866125314
1233232901698916358
1238615317288562689
1243436908035727366
1243623751243235338
1237870582647025667
1242874075179102209
1242879599089942528
1242751551162236929
1239234736700129286
1243225308339122177
1241245670192959490
1242942471627251713
1243197103473430528
1242068866219589635
1243256136545042442
1254850127975645186
1245416179918913538
1255031371937898497
1253541826008621056
1254096091684929536
1254099531098198025
1254489218627375104
1254151489301422086
1250948609488547843
1254088615807893504
1257398404679970816
1272373310341279749
1296034617649176576
1296169951040958466
1306805204453654528
1300757797689147393
1301067242977636352
1300908791353966593
1316373382405988357
1311498831947726848
1325755015391285252
1323820447197286401
1344354316749058048
1342602194873409536
1344052029707137024
1257398404679970816
1257510619076595712
1260309217640091650
1262649189021908992
1262285342398349314
1261990311905177602
1260383625029320705
