1180143003404402688
1185932195661340672
1188462111774695425
1181722391170420736
1182254424422572032
1187378251045490688
1187491720805670913
1180065011043049472
1185014361364013056
1186777142400446464
1186954582452248576
1188256897054445568
1189578371249913857
1180289694174781441
1180981570594754560
1186220197566435328
1188964828460834816
1179143811131416576
1179496245888462848
1183135442167848972
1185842345301950465
1185642623798784000
1186389828205711360
1184170680901951489
1184229165656137728
1182324303074938881
1182801395201671169
1180250092365914112
1183366632179036160
1179410036185075715
1180816113703280641
1181743795156725760
1186359591065522177
1180950553720786944
1186776332904124422
1189228583094489088
1184973958732537862
1185959471648006149
1189311168910970881
1181691756007624704
1184501778613784576
1187005211841302528
1188542545925672962
1182113023349145600
1188919852955852800
1188856388912443392
1189235650480001026
1183080622614601728
1181382416042270720
1188992817038843904
1179496845707481090
1181649684151947265
1179194709010518016
1182446326413266944
1188630329516613632
1180257470121267201
1179416609049456640
1185244758857388032
1186328306616025088
1187813047429152768
1183788844606545920
1184471443658199050
1180978961750220805
1181264719677706240
1184665507489824769
1184935608088612864
1182443769800605696
1179003316954697733
1181392864032575490
1183353655002447872
1182857825376190464
1188437025621495810
1178850205657161728
1179131425347510282
1179621441936879617
1189508066342928385
1180790792664821761
1179443940577161216
1183908196550709248
1179874848962531330
1180534759769956354
1188178300012810240
1189214083389759489
1181754824104108032
1183779045537800192
1179174186280816641
1184545927891173376
1184782205622439937
1186108746511994880
1179098217109229568
1187395521234788353
1189009279690391555
1182801613297246209
1183186159666515968
1186390049505583105
1192405399254786048
1199152436360777729
1199074996921999361
1190338127468081153
1196869749315133441
1199813680969334784
1191528378857340929
1193551920650235904
1195303182014066688
1197178143905329154
1197240660010647552
1197611197425688581
1191317971442061312
1195148138538885120
1200242951193972736
1195803166798946304
1190310155050790912
1195625358072176641
1192881771534258179
1193552566560444416
1197971660105768960
1192534567036608512
1199365184051003392
1200459670894206976
1200470316033536000
1196013746407321600
1196191913017303040
1192742130558607360
1195713291617652736
1196035711989899264
1196190574077861888
1199759654135435267
1194783443785113600
1192477876827893760
1194440991463243776
1195390372182142976
1191471375116111872
1191762303399673858
1200392956517191680
1191885313964154881
1199725646722691072
1197573020857991168
1199139006203613184
1192878193788772353
1194664816318832640
1191505318389436416
1200110331500093440
1192452007933685762
1193010503112699904
1197271488140861448
1190111735748943872
1190710782926954497
1197163358996140033
1197963217286422528
1195782627669794816
1196721786848784386
1192257705215479808
1197290513524768768
1197983599858860032
1198314741564936193
1190330698990833664
1190676981093937157
1190414111236079616
1190425935239094272
1194747469260828672
1196521795261779968
1197287967573757952
1194706507683762178
1196874258191917058
1198823787493548032
1192991586814177280
1200621755573760000
1191362015794749441
1192956822749110272
1190475943938318341
1197212743457296384
1199496843245314050
1191841697367543808
1192278789990080513
1194059167188697089
1199447799244480513
1196897414952538112
1190672254113206272
1191294173569277953
1194643714997706753
1194864297400242176
1190403999016669184
1199788729054957568
1192446662821593088
1192508737740820481
1200135358933012481
1192158769972678659
1192682386888085504
1195513126877315072
1195761719060000768
1196461680546336768
1192054331836645376
1192947169130627072
1193977562801811457
1198613644453564418
1199950851474907136
1191468500797145088
1193600486508769281
1192829950891614208
1193212379145871366
1195523097732026368
1196110647416643586
1198257359967195136
1199448081219108866
1193607361979654149
1199576233048264705
1203524123420442624
1206646824490225664
1202384697050849280
1204498064507097088
1204803606676987913
1202186491008606210
1203146709800538112
1203333217920704512
1202621994006654977
1209482738668949504
1211836216217194497
1201212703659839489
1205159115305234432
1207542889871331328
1205275876931375105
1205593740716343296
1206393692526800897
1205324182738886656
1208445759923732480
1211321093744668672
1208577922467917825
1207009949005438976
1207053171308318720
1203734524762447873
1212035853481992192
1203668112140169216
1204456561604587520
1204531392182403078
1201256652336484352
1209906459850375168
1201839643047710721
1203353312852004864
1205590269393014784
1207426149799878656
1211710775561269255
1205998375163838464
1209075308202205185
1209203813254606855
1210779994978312192
1204419181954904064
1208419735215456256
1204798728709820416
1206588235021004800
1208551939497168897
1211785537406799880
1206334276830027776
1202372835546746880
1203716128515772416
1203734340192088066
1206609481150476300
1207106933922156550
1203371147036954626
1204111278115041281
1207337339179163649
1202054001342201862
1206337718885769217
1208464609121837056
1204215301031813122
1206341708314742784
1208066498385850368
1205079277311533056
1211056507133014016
1202378376251506691
1207869894571757569
1209143826331267073
1203316696041349120
1203597345843240960
1207267307325677569
1206626598033727490
1204714398025240577
1207797542836166656
1209866538481639424
1210277959006916611
1204187393840107521
1204778168256794625
1205869668742746113
1201295785104531458
1211038775146635264
1201440911546298369
1203812471687012354
1204416162072629259
1210500260050522112
1208101827264335878
1211079493437313026
1202655061899436033
1204789195048443910
1207777903406174208
1211159505112879104
1202602398205673473
1206945650325086208
1207761392130019330
1201201391621902337
1211590380652642305
1201878458122551299
1205502486800261121
1207027618014519297
1210248199178457089
1203701716904009728
1206021288663437312
1209181243738189824
1203482765850755073
1204590260895834112
1219268821674004480
1220798517033295872
1216831578724282368
1221798758721019905
1213539164324552705
1217470241199943680
1212856049608187904
1214943139481427969
1218229515085807616
1219101624146198528
1220346954921570304
1212539782301192192
1214578969019731968
1219240341804589056
1220025965553819649
1223038379551535104
1214289805342846977
1219345355147501570
1217995577906081794
1219409196631973888
1213163559221252097
1214395856289488898
1216918531708768256
1218567886349967365
1216445467862740993
1217324099069976577
1222600672140353536
1223037894543257600
1221846477405917185
1218673784162381825
1213579013391888384
1221993220332294147
1218567160185917441
1222353182808035329
1216895789332606976
1216549310449573889
1220462424115023872
1220526779548545028
1217655285503778816
1215697912887414784
1215967812134547461
1218195987207868418
1218384480475500544
1218986989602725891
1219646338373054464
1222454353623240704
1219994075539132423
1212843763204157440
1212933371627737095
1222450306090401793
1215190897014345728
1218643920688644096
1221981214363570176
1215035338692820992
1215654854149853189
1222734225385766913
1222969137108062210
1213286745908879360
1219014814334275584
1223301087119269900
1215294601197580289
1216558800360001536
1219431170599018496
1215747393091723265
1218592687294730241
1218714091411443712
1213275383530958849
1215501581694783488
1214511696611598336
1214612242911682560
1214149065442832385
1213569970489180160
1218231115812691970
1221978891503329280
1215009845453238272
1215451199408873475
1219401932114202628
1220503169756729344
1221190798580113411
1229439862073413632
1224432996368834561
1224378155017916418
1232184014804574208
1229417487042633730
1232342920235122688
1233819399099953154
1223901740820574208
1232705823974948865
1233680894810099712
1227410587031941122
1233485259884388353
1224049606792753152
1224822201800626176
1226615161886248960
1233461099451834375
1224783876238737410
1226957136074301441
1232494087145525248
1224108596759355392
1228031574182158336
1229470615490396165
1228665551616172033
1233390749636603904
1233880682092548097
1224775829567234048
1228903611901583360
1230933625677451264
1233094568851255296
1228100700498014208
1231996958140719107
1233263246989197312
1226962664196317184
1233041389283246080
1228103426787049473
1233079716845764609
1233131293426274304
1224712273299693569
1229763679115186178
1233811002115923970
1223716380828229632
1232618293053345792
1226906915139211265
1232707564627906560
1233690307130249218
1223684988006227971
1232634013321433089
1224791270901436416
1226548027877445634
1226267902871048194
1233197255848493060
1239739418438590465
1241412414752473089
1243543389636829193
1244027629096796160
1236798546147450882
1239647697822519302
1241374179481567233
1243602814535897091
1236050408117805068
1242893716898992128
1233931103389585408
1237812473681461248
1244636433622732800
1238565799339552768
1238920154941132802
1235647809472192512
1237511116437118976
1242480318088699904
1235645771044638720
1243575030975430658
1239971038336704512
1240000469415723010
1237787091355856896
1242643438782140416
1243615200282107914
1242983898365059072
1236448581780942848
1238507695663190023
1243237830383538177
1243610926496067587
1240363710968971271
1243617591437950978
1241296151774724096
1238106317543182336
1239339858134532097
1240788629494140929
1243569540371337217
1239263479040786432
1240350899341602816
1236822017443106816
1238032896256086017
1244916920207491073
1238492414001569792
1241394383452340225
1245081852622393344
1235260585480249344
1235362114438606851
1243615667401736195
1244283801724809217
1240078802258190346
1240435976582856704
1235997245322952706
1236545281484886017
1242514999282675713
1235239629013618690
1236050117096017920
1236961630707159040
1238415236400656385
1235576447567163393
1240297750081789960
1240056147081494529
1237116788967686144
1244296942487851009
1243205706217594880
1235329898006401035
1235581644238659584
1237547627874418690
1238530768516911106
1244056554329890817
1240682356090056706
1242841170855804929
1239239748503339019
1239569010762452993
1242668822714171392
1238925850982129667
1242656168511770626
1242862050105311232
1236331999184457733
1236644246083551232
1237974691891032065
1242153575121289217
1235157981865619457
1236329866234138624
1240806701957369859
1242588073977712641
1236783118184562689
1241022694239469571
1237368724002205697
1239924040795443200
1240058178836074499
1249005394854371329
1249425703864418304
1253034722088964096
1255311652108603394
1247591621400489986
1246123956110680065
1253404972286226432
1255704123971907586
1247193893734678528
1254162884415950848
1254467420816695296
1255267313009545216
1246242068894187523
1250753347881177089
1251697108211699718
1248446849775788033
1250170247333785606
1254070799063044098
1252690541701148674
1254520169927491585
1255505188124794882
1255635077335138304
1252296939829411840
1250707529295953920
1248274588481376256
1255808297887608832
1247278039861547013
1247588474716327940
1249999442687733761
1245409477639024641
1245750205917478913
1246909956105871360
1246528454822105088
1249358209103482880
1253409636520087552
1254438215458709504
1247590692572008450
1251483878163836929
1251951765383233538
1255845505537581058
1248251803763965953
1254071222696099842
1248737271194570754
1248757085652897792
1246508959701315584
1247545883895398406
1254250688567181312
1247848184170393600
1251271679973527553
1251914809345359877
1247419832489979904
1252592348845965312
1247526928271028230
1251894290810204161
1253140603103260674
1248944583628603393
1250446152450879490
1252270087886835718
1254342233454592000
1254626561615159296
1253026551563608064
1248591817479720965
1250867126749073416
1255274832750575616
1246267300648554496
1248677502119292934
1249711818294956032
1251901635061862400
1255233279785152513
1247189608196005888
1255558317365174274
1245900355713536001
1245343236761190402
1245362929018507267
1245881688921526272
1249783465417023494
1247776369301315586
1248770814633263104
1248934643115663361
1252263112776077312
1255236266104360961
1250065612052869128
1252661575837679618
1252693321845096448
1255910811601702915
1245410708117958657
1251142541539500032
1247188298532978691
1252358369593065477
1246116105040596992
1248435894240960515
1247972729841737728
1246122542663897088
1255659307804352513
1247173632650067968
1252312618129375240
1254645376776273920
1246250984818556928
1251270384814522374
1252297053079851010
1252986126878588931
1263239182685798401
1260586138630119425
1268899093960515585
1273386120114507778
1273709637666127873
1267498328218050560
1271689132520009728
1277291330033512449
1270694771976110080
1275583118892769281
1274252530726301702
1268632529164255232
1275240927746031617
1273965356026146819
1268638610888122369
1270017207343304705
1276248093374242823
1277981234317099008
1267897821316943872
1270991251190546433
1273452579318620160
1274785353992409088
1272648659138740230
1276166505768669193
1273650574043623424
1268366397425332226
1268175954012016641
1268910473661087745
1273578762798542853
1272753452482007042
1275507962300313602
1275439314147569667
1268017101387649024
1270881082938806272
1275966789319397376
1273073344976433152
1270759959844851717
1271899544775770112
1273291901781737474
1276202933298900999
1268946680667308033
1275235106039271425
1272187897177915392
1272552286615744513
1268354602015117323
1272284471023349760
1276211273534001152
1277436750739025920
1271269110605705218
1270794650937446402
1276930800466849792
1278034673957064706
1267433625118740483
1271484007021113345
1269967894911344640
1270263601710972929
1271538447816130560
1274888691681542144
1277225915685142529
1273909408452554752
1271194263229997058
1272917487747809283
1267956341995442178
1274863469762875392
1271077707711950850
1277414856493273090
1274384942290649093
1269990442709463040
1268656491227041792
1270803534464856064
1271776587835416578
1268958033838661633
1270383705622827011
1274732129310478336
1270780105082707971
1275438781462544384
1276706698590388225
1273934548838100993
1268281495266955273
1271812658833088513
1276184155835912207
1275521669302497282
1267846579525873670
1272711898664845313
1270754991876136961
1271688800654123008
1271080597671350272
1275900847851896832
1277177593104609280
1274287513583136768
1276462413928333313
1275090718781030402
1275235393663676416
1286275143321280512
1278379756103168000
1280791311205888003
1282079035783352321
1286351576840441862
1286433322227372042
1283922886911160320
1285235656365608962
1283145991215091721
1279543264413200384
1283547834898251776
1279109258747969537
1279685438752653312
1280925312772079617
1289021786198245376
1284591562299772929
1281592144168390657
1285350035052527618
1282320191473487877
1286087683098411008
1288250496671571969
1289038002690437124
1288509417441435649
1285224344323411968
1285944326003064832
1283039753705750529
1280997850239959043
1279089881130491906
1284363203380641792
1288129617421905921
1283543908249632768
1281254505569452036
1279030909241643008
1286447764113518592
1285554901641302021
1284052002809483266
1279179463075540993
1279268229001535488
1283702046881918981
1280241234368516099
1281280087959224321
1284358677764296709
1289270860835061760
1280935353910583296
1283669109893328901
1284911477577711617
1287032286517637121
1280528804579065857
1281313545947426819
1282341720961757189
1285138801510289409
1285720287225556992
1288477001943330818
1279467091658182657
1284175797712875520
1285906464012476417
1287361476437696513
1282035683427864577
1284891719243198465
1282967074780790785
1283175233885736961
1289224820903653376
1278153238542520322
1278837891293208576
1282425906426859520
1288135908529786880
1280214403745370112
1280159911004057601
1283113871042060289
1282967259145662464
1283357107320877057
1278297536453906433
1280233617470353408
1287770148477317121
1278669914341904384
1286781576190267399
1281991420950306822
1282702466275069959
1278756375267405824
1283790819300966407
1287794332796239872
1286377821351313415
1286154304257228801
1283537969908002817
1280618340029886465
1282370575373963264
1281452877295149056
1281793741846650880
1288626453383389184
1286076194912428032
1281989747418763265
1285213200091418625
1282747775600463875
1286355622699700224
1288543389357445120
1282837630158331904
1291440290302222336
1297946079435137025
1299673025357508608
1291306131294322688
1298589057816186881
1292027730473738240
1289643781814226945
1291310107465326593
1292864445186637824
1297276235718959104
1300347515590586368
1289746386594930688
1292918180172578816
1296256500516651008
1290507278802706432
1299098997114707968
1296953803082739712
1297643109803679744
1294088540263862272
1296208995846369280
1295477165299912704
1293455582058483713
1294072847531483136
1291157094721257473
1292865590294585344
1293544811664945153
1291057526218334210
1296013889612787712
1299400704507949057
1293485115880873984
1294973664270655489
1298172001421611008
1300047962601664513
1292035755213074433
1298593478608183296
1292473448015462408
1294752448276393984
1293869803128619008
1291380282394849280
1292034799452819457
1297290597800304648
1289390153648111618
1291003986204483584
1294651688507203587
1290191901841268737
1295933308430295041
1298272341298786306
1291968692893429760
1300192529036578816
1299318367593984001
1293961729169403904
1297635071776694273
1299534403618603008
1291478160664440832
1291551070234320896
1296834277733273602
1293286272639754241
1298987894191714310
1290423003784896514
1293741488778678272
1297199040241848321
1290467327172055045
1298989675986657284
1296972342439088128
1294712601293848581
1289590234154377217
1298858559644422144
1293905995777728512
1296992345024376833
1293717818320584705
1296324977285713921
1293652226871906305
1294324063029080064
1295877067007913985
1296962041186377728
1290337561840361472
1297944900797968384
1299136590657335297
1298072408981569536
1297663454615089159
1296159385606029320
1296514164073156611
1291128859027484674
1295834097068236801
1291771731565318145
1294079639955148800
1297969432291979264
1297994824117870594
1297875355072593921
1291179828767592449
1298130024827105280
1289963056399704069
1294102217922768896
1298530031375982592
1296223948527611904
1299336096925593606
1297622602098196480
1296606942996180999
1300137792018808833
1297179428951396359
1292788926814523393
1295578612893011968
1295804983317876741
1292978844865949698
1299086179158159361
1289582397155991552
1297828395632517121
1298776797295845376
1293877895383756801
1298389161506816000
1293391465905676289
1293934783228186625
1296751090151624705
1290088663238561792
1300200386263826433
1296165266020274178
1290461185188429827
1296822903523008514
1305587224692416512
1308921365920190466
1310593196414480385
1308843380315693062
1300840711210905602
1301613793445847040
1311212836748701696
1301617331496513537
1302186441083060225
1305218096597274624
1310743198734716928
1303700286263844864
1309944720693624837
1301532784889036801
1304921050434560000
1306686221859598336
1310256944683405318
1302278787053174785
1305200753154424834
1306601575188541440
1300556782016716800
1308566937962651648
1302461981660712960
1305608570608799745
1301665547755511808
1301362961831788545
1309217860376555522
1304449083520688136
1305694326249332737
1304156887345246208
1308612743944179712
1306368430585544704
1301174992059719686
1304746908485812224
1309591681923272705
1307624121371631618
1305449735390670848
1308149270378352640
1301176188405080064
1304460268617957377
1305794372966002688
1305586322900361216
1306298754811572224
1311351263725051904
1303362502953259019
1304179440101003264
1308120065749942275
1308952482551267328
1304094853576437762
1303266214295281666
1306602401445498882
1306681431716818944
1304572702242422784
1305854271817015299
1307128945998008327
1302912383556485121
1310238836363087878
1306176415369433089
1309359171255459840
1301952679942397953
1304454276081614848
1302618877860483072
1305758314542895104
1304175770097430529
1308476919785181185
1311415503722819586
1306384348787212288
1310621098321510400
1306995220534497280
1311336683607031809
1302389118224138241
1303747928981467136
1300813561464193024
1309786910089457665
1300749791303958530
1302020906831810560
1309695184750354432
1304160733521870848
1311250516580720642
1304575534505046018
1310699072752365571
1308347869431238657
1303449631221624832
1300907154811924480
1301663478449463296
1305176157730471937
1309559373199364098
1310765735195672576
1304025249089024000
1306636027197616128
1307020816815620098
1306266596441313286
1306642550573285376
1302194074708062208
1306257341617188864
1305299206048026632
1300588889610969088
1303827370219048962
1301335207484760066
1308562059978854400
1301188234446159873
1302269970621976578
1310983943391383552
1302039690997043202
1306328856136163328
1305511624980271105
1301576392124051457
1304056482560987136
1314943185991462913
1321018928584445952
1315672017622925315
1315060479727935493
1320739957384880128
1312205015465877507
1318544927450607616
1315273374201905159
1316136134120857600
1311658681054842887
1314572179191877633
1318564354506227712
1314566747207368705
1322595738832924672
1315314369299804160
1321579208263389185
1314297684602298385
1322567298205405184
1317882612946407429
1322436714162495488
1312747090360045568
1318650761975418881
1315919322162880528
1315237242248421376
1315776051612717058
1319004429891391494
1320740284410535941
1322213001164804096
1312141609014714368
1319719911049015296
1322592330327580672
1313111905054023680
1311714830198484995
1314336903823589376
1316444004444237825
1322636051240808448
1311705796233764864
1316395531497861121
1311980160149843969
1311980539361087494
1312404994382016517
1313104898066649090
1320090880473243649
1317501826145583105
1316516402623324161
1319995481016176640
1321262760597094401
1313428090132082688
1314572429105098752
1322170374432305152
1313137244514004992
1320747235240484865
1315310422484869120
1316738297771720704
1312063578204065792
1318942886881234944
1315297038473596928
1313493363002404867
1312069962119303169
1317645411365097472
1318614397380554752
1313855938533621760
1312532267776970753
1315639566301368321
1322002149312729088
1313588119623655425
1320166900849139714
1320047293253308418
1318578523494359041
1318587495114747904
1320158460995133446
1320768561326030848
1312141474826530817
1314130616997294080
1319156058162647040
1311658190317268992
1314966594427125763
1320541281597100032
1321532735383654401
1321908902091497472
1320582499043594240
1315237647120433153
1320419403519803392
1311563625551728640
1317256915097952257
1319472665200123905
1316109324129796098
1316551571560296448
1319568559572275201
1319938920809959424
1321201007892770819
1317477963286286337
1316453072529428483
1319308584056832005
1315736114271977474
1320035566340157441
1318585041451163654
1320342608258895872
1317635731293077504
1318293247895179265
1321213683079417857
1319791214237937670
1322248405289259008
1312743298709229575
1314381645844226048
1314197442938703872
1311517941205217280
1327194387286290433
1328392351799259136
1328856787072724993
1326994054744301569
1327717886735970304
1330578762761531393
1324875712751407105
1323661118175277057
1329341107562553344
1331440851654901761
1330256342418927618
1322907665962618880
1331294379412099072
1328376400605229056
1325593366923517953
1333213978080784386
1323422214822285312
1329898476050784256
1325532251703140352
1325629500479041537
1324516157605511171
1326354507270381568
1330589865113772032
1328694995977572352
1322999621896065025
1328710519109382144
1325830378624585728
1323695796458586115
1329512318678384640
1324785079084818432
1329460871697985537
1323653073475117056
1324757127550930945
1331350275651678208
1323610274809741313
1328417945446461442
1323287065950343168
1329601318001004546
1329547878608474113
1331460816537874432
1324540718233329666
1324446967154573314
1330998182801797120
1326506445916004352
1329606141987446785
1332366336731664385
1324246410565316608
1330241914139009027
1326673434743611397
1332820991555362823
1328987193164050432
1331664529676185602
1326643856113364992
1326516487067201537
1332796291299106816
1329073842313019392
1330565374560018434
1333512804238823428
1333486373391589376
1325630229507829760
1329968265066582017
1323437311233822720
1322948456944644099
1325629576614047744
1325820194883842049
1331771087793872897
1327988192201625601
1326247497992450048
1330662581753815040
1325397518021222400
1324532121906630661
1327919892809519107
1330201531254235142
1323757469957578752
1344289430862000128
1333965865428062211
1338686501773864964
1339237748209750018
1333828891195138049
1337816575408267264
1338003365884661761
1344051068980895745
1338666755263180801
1336462553417998336
1341567143024967681
1333557582808510470
1337237178426904576
1341376881002688512
1336465480572399622
1337632034420793347
1339021836185645057
1339975741514067969
1341001826322231296
1336448338917527555
1334630305806708737
1338517082896560131
1341067330315554819
1335589555181924352
1336833332156510209
1341055131446620163
1339666674514063370
1340451818833403906
1336793373860982784
1339969838803001345
1341806470136999936
1336323964541444101
1336136471422644224
1341121586267492353
1340019331590205443
1341098040078311428
1333898198746730498
1337706734975062019
1341956714158030851
1344428808359866368
1337651828847210496
1344500853793726464
1337439348094980098
1338681943974699010
1338886181346373633
1339265632475492352
1342167381460873218
1337876465862500358
1333564159313719296
1337218278918414340
1341351090219040770
1339622839830376452
1340452343121383424
1344178771264479232
1337816986458464257
1344450001372549120
1334189559404519425
1339622770129420288
1339669241402814464
1341089134954295300
1341179253778309120
1344477801257132032
1333897400973312001
1341350582712471553
1335684254156591105
1341143535077236737
1339037570865520641
1337075693520363520
1334591629588639745
1343594057180844033
1335962290382901252
1340452036949762049
1337585962428342272
1335969394254618624
1340665266976374784
1263239182685798401
1260586138630119425
1260597542926065672
1261678385719398400
1260281799915245573
1266469112143851522
1260164103554859008
1265322594145841153
1266198754903744513
1263475217172758529
1260582468601761798
1257677618163232771
1257902895556689920
1262437954695430145
1264007637907181579
1257271581484691458
1258045204101074950
1259533648765779969
1258436729771560960
1260586143038476303
1265734009230897154
1259755609680826369
1265794294033469440
1262746452654043138
1259183454308102144
1258411371005390853
1262085434521387008
1260855626856574976
1258750799275909123
1260725493919289350
1257715565340364800
1264862965540536323
1258322773002371072
1260581304187445250
1263418787006746624
1257712855815766017
1260626844350590989
1257368831598698503
1260855371004030984
1256238771877498880
1257684884019085314
1258763731561066502
1260194004760584193
1260413492697247744
1260632003319263232
1260700460639490051
1259154085808410626
1261305646319906816
1256520631165890560
1257779868206542849
1260427803662704655
1263927660905930753
1267156394186289153
1258547161605660676
1261717861816557574
1264481442672885760
1257143487453069316
1256398155421229057
1255999574918828033
1261353022262820864
1262482429593505794
1265091529955311616
1258328067954454535
1261998511752650752
1263613973112348672
1258327396874285057
1259169424554237952
1259606693136216067
1256756797165252608
1263879665514504193
1262130590410657792
1260981854414528517
1266414207920074754
1261267058341396482
1256976280882425857
1256734552975831041
1265075268630306818
1256063535378915329
1264446190143156226
1259161270650941441
1258277040052043777
1261247320307503104
1263613373339455489
1260815206327808001
1260227370444881921
1265845758085025792
1260435315640217600
1265734965540671489
