1189510154120814592
1189534557877473281
1189250871206518786
1187325354874028033
1185446528841846784
1184187595271491585
1184871676300922880
1180966112579608577
1185614430995992576
1184181164761698304
1184192113027747842
1180193152000376832
1187354157231022080
1190113974043299841
1197252690033750017
1200819607591718917
1197092514198642688
1196237382133207040
1199243788973047809
1192309651704033280
1207073522427846656
1222675880532557824
1222315876352851969
1222655997874987009
1219698937197625344
1222656552634658819
1222665605687468032
1231407267527847936
1232368645558489089
1241337559072071682
1238194306814480396
1239696750245376000
1241754489662529538
1242894992164651011
1240789191522304001
1237807350838431744
1238482897155178496
1240039071302352897
1239239706551808000
1240762641569722369
1243195775082999808
1239556898115944448
1242532637845184519
1240031144604827650
1243930646306791424
1241771988244455424
1238544219645476864
1238465008914268160
1240762835459878915
1243578065537527808
1240049908037627905
1241004392175861761
1238860841874841602
1240038946291277824
1238469378082914306
1239969420451000320
1239814084465315840
1240789193133039618
1238547504657911808
1240126161675583488
1242551042476253184
1238641470770462720
1251478056440672257
1247314267654651904
1252004978522275842
1255496067149369347
1251813799960678406
1254587090152505351
1252257027381956615
1254583235218202625
1245873355263225862
1252162543721811969
1259946263979720706
1271901220207296513
1273791372638601216
1281649459345141760
1279982644625727488
1288913968334024708
1287091040042835969
1287181037500616704
1294796405676994560
1303483270982594565
1305015597881872385
1320000019064188928
1322585245254733825
1318728568227115029
1313602358467719168
1313533013070761984
1320900431464288256
1313581455176609795
1331437514284888064
1329549692473024512
1328497848145481733
1339930924033708032
1333875511534235648
1340402166532489216
1335223682281697283
1336774718079205376
1335084187662094343
1334996188911656961
1259946263979720706
1261430496266817536
1266463669149470720
1264888190977994753
1255987113625038853
1264986552624533504
