1184873656763244544
1181194142258487297
1184250212493254656
1179481425495506944
1181665567368810496
1196835867144445952
1192183807711023105
1195475245974609920
1203303646320111616
1211046163681611776
1201659397048586240
1216809892314517504
1217435766692904963
1221858913043329029
1223062844855529472
1213223835560038404
1220824171292319745
1218917620017192961
1219827641659920387
1221878289419194369
1222966734296092678
1215301345630203904
1220450881407156224
1220318307842240513
1221793732061777920
1233071542126252032
1223678652350488576
1224342778613727232
1243195093793849345
1244726592804282368
1241251986756034560
1242190380923260931
1239799928588767235
1240016600733863938
1241086607782023176
1241064388175564806
1242883447703699456
1234660039509463042
1242255306262003713
1244787914879438853
1237884908413968389
1238540554004303877
1243594130518933505
1244277388617420803
1239703556598480896
1239692965091704835
1239284283703013378
1240740829527977986
1239705467233996800
1243710144812396545
1240814816987578368
1240278212221063168
1240733391542194181
1238416637310709763
1240401269099028480
1237027678642978818
1238983291971219458
1245829402342109184
1245555365351022592
1250221298682343425
1245115662223192064
1248017024015577088
1248774767059947526
1250145836467662852
1249726716454502401
1247320433981927424
1249149737703542788
1253117582615482370
1254332565575446535
1250194874785095680
1249117022073630721
1246996801674260480
1249083807237459968
1253651941906923522
1253768924866412551
1250608338208989186
1246251389728075776
1247217002529210368
1253799123725299715
1245421552813740033
1248693808071671808
1248350974558834688
1253434966907801600
1253293318290759680
1253521796378198016
1251905825184124932
1249346031398948867
1248723690621218819
1267855611137572867
1272675414599782406
1269138109851209728
1271196006290542594
1268559141422825472
1270425932101111808
1271610326031597568
1277748515008020480
1269620122328559620
1275872319630696448
1277616812218363904
1277842935816622082
1272274110110855168
1288287375739691009
1283018778113118211
1285667021292740608
1287750607210778624
1288466304739897344
1281047289662930945
1282823875244376064
1279139855134588928
1288184816874250244
1283527966471983106
1282292202950004742
1288872480967282688
1287074690905899010
1285598530426621953
1281047290459848706
1283254882972184577
1292431432216969216
1300517714449051653
1292453075664482305
1296487659402145792
1289523354597093376
1291388734743744516
1292178767062867968
1296562905182167040
1293317772265455617
1305108742699184128
1302075227304722432
1306339711082999808
1300842102172119041
1304204507539279877
1318592312608493579
1318628687361789955
1320196130446184449
1328901596772708352
1341069923263467520
1337484044934782977
1341459742288470020
1344257929726238723
1261682569789108224
1262044706147459072
1257696388286119938
1264508631262904320
1262131332798386187
1263783264134856704
1266157306791653376
1263446555538993152
1264278424723640324
1263248638911737856
1263947587591106561
1259170265633714176
1259360164546658304
1261042390812577796
1257801494054744064
1257684224573931521
1257513825428860929
1259917285529010176
