1259092097656856576
1259137437021941762
1278017652053757955
1274810466330697729
1273647641679839232
1279072276105879559
1282106058085994497
1283420655711653894
1284492725044174848
1292886540830482433
1292698103322161152
1289886591469592578
1296150548190822403
1296600792124858368
1305635865746604033
1305064731842052096
1259092097656856576
1259137437021941762
1260239776395001859
1260900198806683650
1259454621048848384
1260919205614047232
1264032672134938624
1263290331229020160
1259877209008934913
