1180305493929189376
1222685862405632000
1222908150791069696
1213974587551211521
1221624363335716867
1223995496131452932
1234235892102987778
1238517512050016257
1238845464696545281
1242045502994202624
1237338156518735872
1247538804031807488
1245863584900370434
1251669424882569221
1246110521134325761
1251728284527865856
1252782832574959624
1252329943419236352
1259986487363481602
1274827642462785536
1277892029847089152
1269252703135227904
1274997343264419841
1273827849938579456
1271064648280760320
1271351532538204162
1281619193234948096
1280033742371737602
1282615759865176070
1285448680691191810
1295601320754180097
1296817152255766530
1291874247246262272
1302788679224696834
1308556689038172163
1301895494789148681
1316990484514889728
1326904537848946696
1335403588114239488
1259986487363481602
1260053144735604738
1262428528253054976
1259910196715020288
1256214288362020866
