1179354772022923265
1182218356826525696
1186025326335418368
1189245229913821184
1186679694818775045
1187150181709631489
1179652382822686720
1182986482727948288
1188379919941885952
1187534288872497152
1184216140194684929
1179079951552790529
1179008097446182913
1189233051039158272
1186303680590598144
1186613193390604288
1179710857795776515
1179790219874312192
1184467825748008960
1197191433859600385
1199995400318574592
1197903847848587264
1199339615561252864
1197035677738819584
1199655677565816832
1191512765132943360
1199021338716987392
1191363672561639425
1198721735325102080
1190375888787050498
1197505763381518336
1199687420628885504
1204108254026055680
1204478294487437314
1202250594116874241
1204022946894876673
1201506842851106819
1201196008551485440
1205277346019913728
1201581435662094336
1207249928898170880
1205336087465463808
1205133360181501953
1206932070565601280
1215686327120719872
1213844722588045312
1219953537863573504
1218088394884030465
1213747724232876033
1213044773050863617
1220255415289765888
1220400499217793024
1224279977006370816
1224119948827598853
1228307588732915712
1232574651315830784
1229407484554727428
1233390213692608512
1226921404811153409
1229325870713724934
1226804270474944512
1231911267100655616
1233717764394754048
1232018738284769282
1235983809704837121
1240031268911398919
1240196533263499264
1240559888897581056
1241487113255899139
1243463414854410241
1235945044986732547
1241509240201773057
1242057687451435008
1242553029766848512
1239912986522914817
1244683732805705734
1240380992537444355
1240737760417329153
1240828194338398209
1240948088711282689
1241737408573583361
1243193588495851521
1243574013072412674
1244539990039764992
1244871331423846400
1240989721758703617
1240588765208489984
1241261264615231489
1242999488609910784
1244726354245017601
1237292689672089600
1243455215807971328
1243542834088730626
1239803387610308609
1242425691746054144
1243127386201300994
1243093995296874496
1244602716648886272
1240620605638152192
1240982705162063872
1244154602687270912
1244684027086372865
1243447866376491008
1244684024418906112
1237173877542981643
1241321706662346752
1242923496642052096
1240957542466977793
1241086471186067458
1241609668658696192
1242193485291233282
1242976942716051456
1241237575194398720
1241754831502614529
1244643297181798400
1235980970219786240
1240348500178669568
1240685521308774400
1243135730223898625
1244651105490890753
1240540966228033536
1238189981321043968
1241074914435780608
1242752331323768834
1243843638863544321
1240012146358005760
1242053955489849359
1238106690316361729
1239068722121379841
1239812967199277056
1242900309799829510
1240990536120578049
1239618451821473792
1235963682095579136
1239228097435705348
1240600233102409728
1241760550381551619
1243186905283547136
1240624759727099906
1241756523258417154
1242451444860510209
1243217445487345664
1244684023156355072
1240963803946328065
1244648211249336320
1244958220185149440
1239630517542281225
1241346870280163330
1242483674399928320
1242775032192876547
1238521457174552580
1243026101913432065
1244674524840329222
1239809026021564422
1240588334193393666
1240597580746305536
1242357131401138176
1234734554323267585
1240449062211633162
1242756875940175877
1237327296807264256
1240014866368401408
1240609424357670914
1242852878286495744
1240531291629592576
1240692137265475584
1239698588600602625
1240181291636723712
1244193792154128388
1240416143443202048
1240552673121894403
1242593569141112834
1243458990870233089
1242611507558412288
1244202781734580224
1239845514981576704
1239932342988406792
1240376320737107976
1241593610157486080
1244679400752324610
1238501383231373313
1240634376049885185
1244648869453082624
1242053573309091841
1242454904246943750
1243235825833447436
1237549188126101506
1243264871048904708
1244832641054097408
1240931189676027904
1241295232458567685
1241483174254981124
1239595678751391744
1240608538793324544
1239351654316740609
1239510474041036803
1240181750598377472
1242738531916754944
1243484917331382272
1239939104206393344
1240240309407277058
1237620402869784577
1239352105539944449
1242888352677924864
1243274044021051411
1243283691318710274
1246784705049100289
1248304743291772928
1249052723565064192
1253469130356862977
1255936208703717377
1246092041676824578
1246560921155231751
1248593606623068160
1250423713305997317
1249414163706896385
1249585552984334336
1250016148617334786
1251835740142608385
1255119576398024704
1246435785869529088
1251831644211818497
1246695552147959809
1246694150734516224
1247061234173784064
1251948721245478914
1255853445241806852
1250553416570605570
1252296378811846659
1246048640067608576
1247211559916625922
1247833090820636672
1251501906637262850
1245355505037520897
1250409069862625281
1250659810690785282
1253020398532296705
1251531296012218374
1255436787960426497
1246380220870844416
1253691491484123137
1254764831799943174
1255451777857699840
1251462038435631104
1251568516316237825
1245336613959487488
1247861987998130182
1253368211208384513
1248898609749340160
1246824825886322689
1249417088302747650
1249735981785219078
1251378938393305088
1252287127422894082
1253372575587225603
1253728761419304960
1254455230143528961
1247274739833372681
1248234257291579392
1245488267430178824
1246832089288318980
1251270199053090824
1251942872422780930
1252522593644695552
1253976130471825408
1248299575187771394
1255504391756566528
1247624301978812416
1251066679406329858
1248621537483091968
1250132783126675457
1251226020771962880
1252673504425754627
1254717879502737408
1255519818012336128
1246093909622771714
1250389002139635713
1251466431012769792
1252896211897589760
1248626910646525952
1250036138200293378
1251434063459684352
1252339935627087872
1245110749955067905
1245242716113588226
1247422206474412033
1251519236104691714
1255780187507171328
1248321018122440710
1251526021846876160
1246327103819321344
1251441188546043904
1251543360084619264
1253255183250984960
1254386722420535298
1254745523329863681
1245677955168296961
1246116985089462275
1247849280364318721
1248137733761097728
1251812631842873344
1247793803932516356
1248160903142559745
1250712594345836546
1251802884381052929
1255547880284225538
1247579519575359489
1253007442318888960
1245598855149707264
1245910001761177600
1248287981405900800
1251224208270594048
1251424950147309568
1252946756242980864
1253340676873285633
1253380616340434944
1245358533400502274
1246603590082289664
1248690054802706432
1249290799835209730
1248568732470960129
1248809969643708416
1250500531027496960
1247047107057455120
1250348198838685698
1248186801950470144
1251432137259192321
1250471462122803200
1251556212669321216
1252943193886412800
1255760653777846272
1246128221818687488
1247486620049301505
1248273254558519297
1248373281683472389
1249414020689526785
1255562621870313473
1253422589738749953
1247917143523557377
1251417815132889090
1247273848845844483
1248333571934375936
1250721395656531968
1251812852714872833
1252904829896339457
1245980477368000513
1248211008759500800
1251538072426217478
1254781475574042627
1250524187875323906
1250788467887484928
1255862077236879367
1251447992269365248
1246370347970113536
1247854102215884802
1247879395588608000
1250083951013658625
1252863216998207489
1249148183525175296
1251462151207882752
1253010985771810816
1248586536670683136
1247221550660694018
1247928907757748228
1249094304628432898
1257985741302489088
1265641164008566790
1264134059288133633
1261589982361378816
1257582051080966144
1257743117941452800
1267009224464162816
1257617093081653248
1260115919398817793
1261212342274142208
1265247009461678080
1274054886221647873
1269584732637052936
1268851912214040582
1276076795125796869
1272564107175170048
1271490651742322688
1267441443284582400
1268930411931074560
1271178673035587584
1275419079764054018
1270421328722636801
1275542041091547136
1269565859829293059
1270229358993649676
1268173757983518720
1268848646054912000
1273949291820826627
1277873714982457349
1271102467875405827
1272574734539112448
1271935617778278400
1273978377804939264
1268067323874889731
1273659960749162497
1277628339868573697
1269907920717742082
1268169293117734912
1267495245761130496
1268860191803613184
1272536029497606144
1269532098299408384
1270034063865401351
1274718721492295681
1275193430809939968
1270309751625310210
1269220008531550210
1267789843154771971
1268180889361502209
1272247180338900992
1267863549646458881
1276801220036853760
1272521797083283458
1272611480823828483
1268951337175302145
1273489474308190214
1276170064815849476
1276476414984728577
1268196593687318528
1270340151944843264
1273915452184506369
1270736012147335170
1273240121492623360
1270420204934369289
1269555320759750666
1269631457686945792
1271759234917707776
1270250800044965888
1277270557097185280
1273847332266745856
1267455861863186434
1270768298104406016
1271002176710676480
1268485993616871425
1269323473647808515
1272487788030681091
1276809498900955136
1271385391136935936
1273272323676819456
1276690823137067008
1277629123419144194
1273541219537301504
1268167675278249990
1268558262116519938
1271092471678881794
1267803163358302208
1268130063519809538
1273179349915766784
1275357435268562945
1273574715190214656
1280539599249592320
1283500420464365569
1283117817064292354
1289138175617753089
1284731419277832192
1280238975173701633
1288908473435119617
1285284822013939719
1279829441250803712
1288015259006046209
1278731110663565312
1282960058557575168
1278723195458203651
1281589219698319360
1285234915697664007
1278794967058702336
1280463250644242434
1283448950582804481
1286192202931109888
1287824596880822273
1282789933749612545
1289228116523487235
1280127363204947969
1285987736344764420
1281499046264348672
1286345330813014017
1279354319201079296
1283846053150826496
1280683192366829568
1280025168094670849
1283000893462519808
1286298680694386695
1278358538453164033
1282658170930892802
1278424288740114432
1278965427755003904
1280248699243855873
1278631086344544256
1285226578885120010
1285267842775027715
1279080583226933248
1287982247610548224
1285911256680062977
1287811652121960448
1278957052841340933
1284412654384287745
1283797308556087296
1279380184169357317
1285702325521321984
1282718784579665920
1288791533626388481
1288849608777568257
1281270777531240448
1289228563770613760
1280957216040894468
1281534487374036992
1284366348051787777
1282670331975602177
1283072555323187201
1287873810817900545
1281521802347520000
1283450750467743744
1289197893727817728
1281215291247284224
1279330470585667584
1278678596912062464
1284121372571119616
1280177787559690247
1286992084554178560
1280516925357842433
1284460408267472896
1281147331790987264
1282147009835589633
1283666093295521792
1285492215066824706
1285088245810900992
1286738022537605122
1300476399380303875
1294931543337717760
1289992340556267520
1292736250403790848
1298949468654645253
1298908113970565120
1299614011504418816
1295065179697242112
1295733440793452551
1297602968590721025
1293475756652335106
1295321482483171328
1296399947508613120
1292823051667738625
1293458564460228608
1296041645968961538
1290639896198209541
1293870608145670144
1294805317491011584
1294589746883239936
1293136332408197120
1291048058227171330
1290681928186814464
1293818046843441152
1296472737284861952
1297523185815085056
1296801856371470338
1294737931786170370
1295686226251591681
1297478718739423233
1295331323385720833
1299323170340720640
1293174087313952768
1296063912299945984
1297252727412621312
1290191765106909184
1293082125441392640
1289604941661605894
1293198505453015046
1293547049770799104
1298531813980360704
1296846547930554368
1297537604527759361
1298999741796282368
1294972066219917312
1297920664356163587
1296070673996161024
1299744217741373441
1291099344096157696
1296689769829859329
1290958339585855489
1291939383843729409
1291060979502129152
1291311001896353792
1298948055207743493
1299614299451781120
1295378603350384640
1309538393278361605
1306586341480845312
1307016601535995904
1308697246221950976
1306570239178674176
1307999772607942657
1307062566921940993
1303978871704956928
1301777065100877824
1303279440298942471
1311002853754966019
1306986402572390403
1306061231376064512
1308695155877257216
1308714338010750976
1304377921449144321
1310934457478778885
1306921406937083904
1300803113922760704
1308084127434973191
1304354602620530688
1301443301799755776
1304283542025891840
1304434527360749571
1307250648581394434
1302977448146071553
1309746715969363968
1308583636183273477
1309106079150768129
1306663759939694593
1311244403336335360
1307239616882315265
1308536322148237314
1301479159865249793
1308666234712526848
1309135122726359043
1307030368831385600
1305068702895878144
1305498972333711360
1305098922977832960
1306186179675656192
1308516726674513925
1307099892058333185
1308785670899544064
1321504100857434112
1317389893702537216
1315582958993055745
1314283187330260996
1314561950311952385
1321561830116990977
1321090170410643456
1316366900083986432
1320840536215953412
1318609181809741824
1311697756289994752
1321576947617583105
1319324271689256960
1313665739706953728
1314139428026281984
1318643287750828033
1321563651279650823
1317389892507193349
1318934062069960707
1318644738052980738
1321432608262283269
1321513646166544386
1321447544858312706
1319352926238871555
1321187433325694977
1314240621696225280
1317565846169026560
1318588756434296833
1318452699931828224
1313422368270888960
1315440893902630914
1318252503700541442
1313384750409711616
1311686090831671296
1315600660839239683
1316662009342107648
1314440075099463680
1319972487824814082
1322177831896535041
1318246031621050368
1321777930196914178
1311629874579345408
1321527272734625792
1317565168214302720
1314582408189140996
1321566562441170953
1322485990418796546
1314222830939189255
1313468946851520512
1317329679905378304
1313796719147130881
1318235967598231560
1311691290065633281
1322306402585579520
1313115292755689475
1313504272336613384
1319020636677832709
1312121282259939330
1313578131060649984
1315798801412689922
1313368886708850688
1318587985072304130
1321844459366133761
1322527494520668161
1318997328930418694
1318298331127418881
1322162294814609408
1313932392286097408
1317564346524946432
1318901635897241603
1318276815778099202
1313439779263066115
1313758551874195456
1312423059895222272
1316062808233082881
1321738619065913346
1314919190386675713
1318954261808599052
1311616725511794689
1326823691754369025
1328269119943270400
1325874238474084354
1324271485578584064
1323732467702968320
1328987693867556866
1329929706804744197
1327630205545033728
1329692204584099840
1328395103900225540
1324440868779151361
1325030235272851456
1322926596492267520
1323401148884279297
1329514844035428352
1329141514035982336
1331294786767163395
1326545353181523974
1323742049322020864
1323565671553400834
1327536889415536640
1329549808013635587
1328740945169354753
1328635241662132224
1327569726361440259
1333361989431812097
1329530048383250434
1326566182158266370
1323550592493621249
1326836512768581632
1329362414622695424
1324028798338322432
1323408916236005376
1329140687992975366
1329005177928605697
1328281548165144581
1323340204485345287
1336017013475569665
1334860005397422081
1341697660697362435
1343896075988586503
1343334046458408960
1341142033499451393
1340605364249751554
1340412844966354944
1343872261196021766
1343315319260143616
1341363876563181571
1334045859110121472
1336386342381645826
1344616892766576642
1334418354493329413
1333698246997372929
1339894302076530691
1339149432928006146
1339532963516715009
1338736969258512384
1339107692053491712
1339963635431596032
1341009301759021058
1336444828268236802
1342010274572853249
1340601909019893760
1341082868668362753
1334469921770774529
1341437174512758785
1337738158759432194
1336683275209863168
1340279578489720834
1341810022247002115
1340353105775497216
1342143504160583680
1333882381166473217
1343881672803176448
1338944913141018628
1338414487020384258
1334796067565674497
1338556057073967105
1334086341777387520
1339803049569603585
1257985741302489088
1265641164008566790
1264134059288133633
1261589982361378816
1257582051080966144
1257743117941452800
1267009224464162816
1257617093081653248
1260115919398817793
1261212342274142208
1265247009461678080
1266063275806076930
1257262060796366848
1257291395397754880
1265277505407082496
1263796392709021699
1260102451501424641
1259899723642798081
1265209521577869312
1256141954615840771
1258286648820891648
1261265892681428993
1262403763744247814
1263232370066386944
1264974559184388104
1257603944781680642
1261212734076551173
1260946449015201793
1263733850032746496
1260857514209554437
1265221402380185600
1260963134099128321
1258465443121152001
1259574048863985667
1260984700820226050
1265888595979767809
1263214509965168640
1261061281941016576
1259889055938031617
1264187946867011584
1264473948051382278
1256179425000992768
1258456750765871106
1267007420896854016
1263106386851844096
1257725281093267456
1256856074247983106
1264649154799730688
1265963867546550274
1266310991115100166
1266768862349008896
1257240161974456320
1263197922579091459
1256327355305299969
1265192076129550336
1260578492409839618
1257216657090633730
1259236101203640321
1257611047474782212
1263394988513210368
1266451839060529164
1266035449677611012
1256357265155616768
1257271954479951874
1260578105175035906
1258007364747304960
1264952776142004230
1262022805165617159
1266001627292602368
1256228888243589121
1257218456447057922
1257605192222203905
1257643455099985920
1265217865705275392
1258819001360224257
1257420190876344325
1262727454914867206
1264502036080537600
1257621036029358080
1258423821746548738
1259821891063296000
1262697932282871808
1266841187522097152
1257365804498157569
1259444639406448642
1261236777983016960
1265967061345480706
1260562944279982086
1259739166784524288
1260498260390809605
1260501765776183297
1266424030992662529
1266984067133833217
1265529842331725824
1256233202911510532
1267095518083153920
1260597593719091200
1260893142561296384
1263231505251422208
1260871090328547328
1261008405138980864
1257947631978008576
1263464293900660738
1263510143121137664
1261298637604368385
1265031898230697985
1265974905134297088
