1187253658779553793
1190258804459524096
1195388342386466817
1195992294551363584
1206340183483764739
1205286626525618176
1201373513279508481
1206305465203867650
1201511377644507138
1216271110750253056
1218619087074611200
1217799951457116162
1222930049239830528
1215217930079735815
1219030488741867520
1238199368810971143
1235333083060203520
1234292721302560773
1249220690475171840
1247040103291158528
1247665690015825920
1252401830971072518
1246556925699010562
1245115343460278272
1261566859150852097
1272770299398885376
1267917118856744962
1272188254641627137
1270807613119307779
1270365484580589569
1268324226831876096
1268845763381071872
1270006167473881089
1286686253203718144
1278459399930023936
1288291600414789632
1280216011581657088
1299052564235853825
1291363084725092352
1298239266485678082
1292469020453634050
1303789350862426116
1310940723387269122
1321897644797632512
1331447685916876800
1336333895181058051
1339692987064967169
1344170586877018112
1261566859150852097
1261910402012774400
1259237534690926592
1265533957719891980
