1179743055823417344
1188032651430637569
1183647137852051456
1185312851713388545
1186333605611692033
1181101863191683072
1189572997247619077
1183300109074862080
1179984570525081600
1183490469340299264
1189693483084394501
1181373656083107840
1184879857890725891
1189786473349955585
1181147181119614977
1180169963497295873
1186150727527387136
1181951332942569472
1181224068722413568
1180060417550360577
1182376480950624259
1194993503773888513
1192154718342172672
1197037412683259904
1197608420263780352
1193483497391960064
1194622353147346944
1192366204654096386
1199417852920508424
1197503886053068800
1193981834281078784
1203554837767569408
1210183534725488640
1205500931888091143
1211957105420316673
1206559763833774080
1207406032475082755
1209911779222073345
1206287975090442240
1206725752592486401
1206620024284368896
1201154058637266944
1206602229655973888
1202075144451170308
1207224098780274688
1215211634475655168
1214636702729420800
1219197926519582721
1223203224972398593
1215710010686234625
1219258401802412032
1217525161395720193
1219294680409694208
1212719032127885312
1213475200710434816
1218971395729821697
1223335314791583749
1221055126884012034
1212750501848199169
1220028438553206789
1221085346907283462
1216993407379349505
1223290008418820096
1232576127790657543
1223518821786562560
1223652280278437894
1228790784377413633
1233605640569769984
1228326573062918144
1233014036641525760
1224377204777287680
1233467082467049472
1227321485708156929
1233655090961141762
1226351025612738560
1232455267083620354
1226101484040982529
1239068911905243136
1241058944870645762
1243498054755463168
1234841757726232577
1237951529837039617
1239702992141549568
1240548672158515201
1241801880659001344
1243190994172076033
1244625556760604673
1240714778110242816
1244889614424440832
1239424626083667970
1243659188766756870
1244927500037300224
1235183423104352263
1240820441998077952
1242103812313268229
1244351334196883456
1241318718547865600
1244882240280158211
1239642595460079617
1239657695407419392
1240624116274790400
1244700944673243136
1239901299304521728
1240457970087014400
1244323549147512837
1242149271643791360
1238374237133553665
1242440753273540610
1242919201565786118
1236498687796404225
1244577940538626049
1242843729284796421
1244232876704649217
1242375608073584640
1239491695043117056
1241348993277407234
1243779909736189953
1239521940953579522
1239627581256806402
1241062020507713541
1243598716382187525
1241711331071291392
1240020178198462464
1244664060983066624
1243885634852458497
1238072473104658436
1243387324244754434
1235127556380209152
1240204800937115648
1241681114319683590
1241741542035009538
1242496507905015808
1243628879186669569
1242481687591714816
1244052611692716033
1240201322110095360
1242466311906775040
1244244366916452357
1242888696388616195
1243636549314633728
1243752192147771393
1240005015848222722
1243649606174625793
1243915845363027969
1245033213799682048
1240263894934990850
1241004137006981122
1242390739390271488
1238479578454208512
1235309125531316226
1240600166786351104
1237679718968758273
1240572393510154240
1239854028848324608
1242753107425181696
1242932258543198215
1243674179368562688
1237649554327175169
1240639294810832896
1239204747019792384
1240745073417039876
1244658015917281280
1239974834903236608
1241092214081703936
1241107319599104000
1243568644241620996
1244202739414044672
1239582206915497985
1241379125937528833
1244169429044408322
1246074981525618688
1251737378882027523
1253307681777074179
1254676226737942529
1255738341103976455
1250611825290301440
1252161096347049985
1252205520695504898
1253700315242803202
1254968707870347266
1255859632494596096
1250831562578550785
1253639873489240065
1255451863304069124
1250548995321065474
1252129946534907904
1246029814206783489
1247549112578379779
1252244030466994177
1253732290888380423
1250501246454124546
1254108128058249218
1246565729174016002
1252550594558115843
1252942028931059712
1253368246012649480
1253768905660739584
1245848487180120066
1246467690501492737
1251057715910078464
1251269419239526406
1253353831653613568
1254440225318862848
1246090192873836544
1250771142761201669
1254847807422332930
1255923486926819336
1248566396067491840
1250579921770090506
1252366007856816128
1246830041780101127
1252562611239034880
1253166368691613696
1245727746568916999
1247388764038729729
1247798572323467264
1252183018325893120
1248702582283030530
1245410635892039682
1247458982748438529
1248309746291093505
1252794344450535425
1252918418103205888
1252919160616767488
1253413476111810566
1245546587457273856
1246480629312770048
1254470338194411522
1254802816419467264
1255270745531392001
1245301437774659584
1246860250784968706
1248913705183707137
1251224409358172162
1253292754937004033
1254712112993259527
1248396987868692480
1250163823539097600
1252598168719679488
1252967404222595073
1253760687760957440
1255029075737001984
1247872044093628416
1255382106244554753
1245244525913792512
1245380636778602496
1250136757615702016
1250876804937723904
1253311057596211209
1249716163615043584
1252254638230982659
1248264435623395329
1250709624023629825
1254058572360663040
1255475264945098755
1250846561304817667
1253243340272947200
1251152940070342656
1252955482429546499
1253356636313452555
1247494366635208710
1250462319374733312
1252175179180113921
1253670196205826050
1255950155376988160
1249412079032901638
1250499267912962050
1253404594752720896
1253594531825700869
1255829439533002752
1246799757365981184
1247147128599777280
1249608337215422464
1253575341039378432
1255330969055305729
1251843059538636801
1253458717326139393
1252983897849290757
1254862953548886027
1248204151533842432
1251832007996383234
1254817704437075968
1255089426524508165
1245637141792604162
1245652210454630403
1250801286393577473
1251253162083708928
1252854652191662080
1252284537242959873
1252996029626097670
1253398241200275457
1249597842299269120
1255225431864868870
1247932343073026048
1246060160499494912
1247992639301042177
1252926109857046532
1250835920888176641
1254127086639464454
1251012632968081416
1254047603173490688
1245290416330682368
1253147860578832385
1253775850266296321
1246014581132201985
1246090461762248704
1248022924101144577
1251239109277908992
1247570134308438016
1255406546454032391
1252129221310386176
1254666752857911298
1247796320363900928
1253168645871677442
1245335325980966920
1248219268291928064
1250366429242757120
1250725731644190720
1261233260283265030
1266082054082625536
1266263022802055168
1265891823739981824
1256327535257780231
1260585753509273602
1261361880599343107
1264799011468386309
1258019911974227968
1269902061736472577
1268888394270150656
1276606247618387968
1276802781710446593
1271125098863505413
1270791089956380673
1271744203471704064
1274431931380310018
1277211650823720960
1271366659735986177
1271895121404014592
1274588845997264896
1268814906729660417
1268845067709669376
1267456037352878081
1276814878716694528
1276785038860914688
1276560955393159169
1275847153840201731
1269343527349170182
1275051217849384962
1268512941848100864
1273812839728386048
1274796228996468738
1270853351828344833
1275322745606279177
1273525861942263808
1267591800144957443
1277210208922632192
1272965053478842368
1273450364478599168
1267848476269961216
1268635660283453440
1272453898914205697
1271350203686273024
1276591076346925057
1277240375086919682
1269197472250974209
1273295299277021184
1270219155011231745
1273118176994373632
1270657064956764166
1272570385033318404
1271110191371739138
1267466124922433537
1269328212452130817
1276786683854413825
1269600028798193670
1273646664708960256
1277879492455915520
1270038036856877062
1271396901573799936
1268376939967864833
1270395733158408194
1270777901609299969
1267471064495464449
1278595321476648960
1282953283930333191
1287749599319535618
1283597222161059840
1284216481090330625
1286390669834149894
1283093905563627522
1278201830493818880
1279067432418770945
1284760012854890497
1278599309878087681
1283114119298719744
1280033809052905472
1286496325643665408
1278765505978011650
1282691367995682816
1284171294842458119
1281558905663959047
1288429140270551040
1288414033838776321
1281981799233736704
1279777102477307906
1286209588837208065
1283355646755299331
1288774593633812480
1289244519376883712
1289063259866370048
1286911486556884997
1288871284034736128
1280698173611216897
1280486809647091712
1279686698981642245
1288700931958345733
1288374840366333954
1280773737260908549
1284110844641648640
1284910942812332037
1281679629472927745
1285952903392505859
1279505328950960133
1283906821196075008
1282752997991358466
1288519905520816128
1285812596495581184
1288504872636231680
1278101026139234309
1289319058425274368
1286075319913517056
1280185067940298752
1282251706898829312
1278221832626286592
1282313890290966528
1284880835326414849
1283023608445640710
1282751917127544838
1289104426058358784
1290117788481159168
1293646941247565824
1289915225194594305
1297838510418862080
1295310222714646530
1290376964658921472
1293132717136252928
1294574615164002304
1295694113229209603
1295429611237642245
1289471055392731137
1299804149224222720
1294639449523937283
1299300801073098752
1295284231007023105
1297760679768854528
1289561706335625217
1293079759644176386
1290186129933627393
1289939280161198080
1293215776535707649
1296833941119422465
1296054309600350211
1291910960479965186
1289829451073646592
1298424960814387201
1297035773066334208
1294801051397369856
1297121976566321152
1290256188949409792
1293895138612215808
1299285596679045121
1299345995441078272
1295284300011667461
1297171761860096000
1290573203614633986
1299647988185399296
1295359837132541953
1296975496429875206
1292007707273297920
1294206991913680898
1300127656856387585
1293283061963128836
1295661816421523456
1297866387747147787
1292128518055383041
1294499108011552768
1294997402722672643
1295683759904301057
1296733938304647168
1298878031088496640
1299255512752685057
1298198564183724032
1292551244398157824
1291645387137323008
1290844980513255426
1290996841224581120
1290633723575181312
1294604900563857408
1294936997266587649
1299495272733724673
1294242477927477248
1291781182976339975
1298172387293372417
1298441141524856837
1291811369638080512
1295309271354281985
1289833361347944448
1294000883974516737
1298543251771850753
1290422263301447680
1291690590254575619
1296513231633211392
1295737288962584576
1292243694842716162
1295525916400123905
1289486275871780865
1294924821575299076
1295254102415413250
1295314465584492545
1297807841496043520
1298998859893485568
1311048232412250112
1303558849677455360
1304147742319677441
1309570974648610817
1301973434721763329
1307650716387991554
1308437980206583809
1308496414603907074
1308611999039881217
1305204700317351938
1310965055530434561
1307379180464746499
1310836854472794112
1306645500398104576
1309266375668531201
1304223352169562114
1305416057226747906
1301459944609329155
1309756426626174977
1310957720485453826
1307288328866332678
1310640591835987969
1308662503992426496
1310488226977775618
1309513366000599040
1309719348563640325
1308058437851504642
1304947987915911168
1308043524877750272
1308699914550022145
1303227552006369280
1309478174418493441
1308405809550897152
1306950211059830785
1307779222669266950
1308179346511802369
1309032320037515264
1308791320614502400
1311259654127857669
1306231397447860225
1310700813380186115
1304359103628795904
1302985056181465088
1309583548677001216
1310474355193843719
1302834009009983488
1301535997080018945
1310535017853059075
1308134027296157696
1310142132519424000
1308468061876498433
1308632184249618432
1308045748005679112
1308301914170220544
1306880792296132608
1310217684555042817
1301475944645963776
1303166169197826048
1309168065612066816
1305793482334797825
1308804146829471745
1310595275455631360
1307943805996404736
1309462796460003329
1309432556081872896
1308723034249924608
1301354400204681217
1306969474361446407
1308428363275657217
1307069592758628353
1302154500434665472
1308692585297383429
1303063278772301830
1309838855760236544
1301898184940285955
1303255351039582214
1304585652349153280
1306966035011121156
1308439179467124737
1308118818162724866
1308269933646749698
1310483996934049792
1311003087818108935
1314896156820938755
1318537485178253312
1312663821681602561
1311595782844411906
1319639881962917891
1311727802509647872
1319020652653936641
1322463393060704258
1313811385139245057
1316755966319357953
1313894451211894791
1314521119081279488
1315608314869428231
1311583674849267712
1316937019189305344
1316967263975735296
1313766064505917440
1321361151343632384
1313118593513656322
1318960349685731328
1319247384715628545
1317406001629401090
1317329493602803712
1314654779499573248
1316278569417551872
1312462259273166849
1316801120761765888
1321484918891991041
1315321330129088512
1316816759920488449
1311567664653844481
1318794211362222080
1313972034574200833
1315955439285293056
1315039824420765698
1316365672415399937
1320440148253941760
1314958958436679685
1319111246327709696
1313192337225535491
1321663174723198977
1314892290956156928
1319564217381433344
1320755002378473474
1322418022745853953
1313469942960992256
1315970672506671109
1314831746962161664
1315806827913846784
1315381770502766592
1315759420714999809
1312105221934313472
1316650054745292800
1313222637443862528
1314662608780263426
1316277424938790912
1319156674574299136
1320651538986094593
1321830650064887810
1313932309800902656
1317369077606776832
1318507548803293185
1316808619464298503
1318900011736965121
1313403730176479235
1319745412014723074
1315940340164112386
1314714247205662720
1321602650509639683
1321514038208176136
1315565611251052544
1316061249357176833
1312724290152865793
1314023664548040705
1315019270951178240
1317903535930023941
1321552033137205251
1316096418260676608
1313417172358750209
1316106563623542787
1316778489287241734
1313517772765360129
1313494376270704641
1314234291619016704
1315925342461341708
1315729136334364676
1311580947536654337
1317767385760358400
1317842931152261125
1313076833970204672
1315623429148749824
1316348119903358976
1321330993077407744
1318854569900769280
1321482117117890566
1312558201309626368
1316332327249817602
1316401712526225411
1321753755067523073
1316091541748883460
1315193072003821569
1316374195564142595
1314037853953851394
1321406525265432577
1318084559280443394
1312044749952618497
1313041354977673217
1311652451787956229
1314792778065477632
1321466847859003392
1314939299385597952
1315306261521596417
1311561614265647110
1313388627330846721
1316009590883004419
1319302584046321667
1313343260618821633
1312588266147917829
1318168229865545728
1313841704261353475
1321799840620290049
1316619884038627329
1312561094741889026
1314676248656912389
1315678040928718850
1316710420292546564
1326117526380666881
1324034593415114759
1331810037988208640
1332202494030716928
1329092035836448768
1323311644567633920
1331492847162372099
1325875878442790913
1328246426640543749
1329893753042186240
1328427898823389185
1324276810448805889
1326917879321812992
1330330160118321154
1323565668546084865
1327370761087176705
1324400339777392640
1328231326659571712
1324290489923837952
1329004504264667136
1326193140567576583
1328697330300833793
1325830557767524353
1325384142452908032
1331504262552104963
1331251290194792458
1325779348201345025
1322916541298581505
1326580582856450049
1328367474581123073
1328321924842262528
1326011859263238145
1324306412076519430
1323520367583965184
1327899175808360448
1326223111805603840
1329817030447542276
1327234969933111302
1330843540184772611
1323303354924064768
1324279607906967552
1330103672060121088
1330813413061226496
1324303733816205313
1326132532195323906
1326472259985399809
1328261536331292674
1327265260408102913
1324833940524486667
1323248493612408833
1331367442929606656
1325392664225845248
1323671328579309571
1326268465292963840
1333842166192300034
1342737157908291584
1333743890025885696
1337125059731857414
1340913530439131136
1334950838301814785
1333748660388196355
1334165528651444226
1344772330694828038
1344206626513965056
1344685020334739462
1334787690483642376
1334920525013987331
1334639809789308931
1336739994929684484
1341338248354951168
1344327560734375944
1337094979810942979
1343602612550172672
1343296253178867712
1344341430463041538
1343119548749373440
1336702348861841411
1343213714569383938
1334014454485413894
1339199801435549696
1334255850366640134
1341624578070687744
1340628154453508097
1337502529094115332
1339957941210935298
1342455058882043905
1339328125646286848
1344666296965758979
1338743948584640512
1337426959840784384
1333569565754736640
1341669889770188801
1334437350835953664
1338580216587939842
1341066101610999809
1340163978161483776
1334965801233883138
1343300622569910272
1341730480253775873
1343170751235502080
1339361048168685571
1261233260283265030
1266082054082625536
1266263022802055168
1265891823739981824
1256327535257780231
1260585753509273602
1261361880599343107
1264799011468386309
1258019911974227968
1260132692173230080
1260525296710832128
1260869881832095744
1259732014489645056
1264042731652947970
1261230187821314048
1265137818298277890
1260242467754053634
1263122322074017793
1265992734252335104
1256886344330162176
1266957641408020481
1258788865407619073
1262449378469560320
1265311934062133249
1257444971138953216
1261765259238522880
1264200150450397184
1261981487081062401
1266278218140487683
1260313873837633537
1265535470211080199
1261642717030948864
1256221889116209160
1263635736949133312
1264031465181859841
1257038927665549315
1257007120802811905
1263507894236065795
1259833142191575045
1257226606336229376
1259755311243702272
1259891185289760771
1265524466630754305
1264994771606609920
1266791600933556225
1261546607931088896
1262971316518477824
1263722938316054532
1265613847056068608
1256146431641030657
1257747060012580864
1262110703323942913
1263756589615505409
1260238347416600580
1257578394813939713
1259936403640770566
1260895382961184770
1261823752259731461
1264895451851096065
1263016838331617280
1264058617893961728
1265719420548153345
1261295592346726400
1260933098591543298
1265189702841389056
1258332992046534657
1265236321934684160
1258426564049584129
1258668092756037633
1260426648861708289
1261159376229990406
1261738954895785984
1261265133059391490
1261734275008933888
1262331853907918853
1259438144346259456
1260661249370517504
1265607949428408321
1263726311379472389
1263379147159633922
1261025017753751553
1265704320621830145
1259151216468262918
1260510192996884480
1264580171320954883
1264640738740129797
1258471857226952707
1266429167459094528
1260940525462568963
1259834951366778884
1261959669322563584
1264164430721560577
1262518371549052928
1262835614581473288
1263182826435948544
1261541356901728260
1256448465707708417
1258441540411809793
1263103265287204871
1261370957525999616
1257399657212317697
1267036063823990786
1261204750244229120
1266640642274443265
1261687875181182977
1262352427111591938
1262699539468869634
1260948218642391041
1261929650923679749
1264271933589225473
1261567191608102914
1260208367554920450
1260601062685323266
1259436920188407808
1260917971179970568
1258657527396524032
1263560288634372096
1261596166103457795
1266291956524564480
1258834131389231104
1256206775507980288
1261748277449576448
1261098992546578434
1265372304223207424
1259019554195456002
1261249990065885184
1266052632940089344
1259862910580514818
1260970744433061889
1262805366385057793
1257656387917709312
1259090748789657601
1256879403797184512
1261935082551545858
1263500003580002305
1262367362134806528
1264647357624352772
1261521785763385345
1263801841344708608
1262083512032690177
1264845242349518848
1263818969947004928
1265477884669542400
1262247118636367873
1263484825568194560
1261385962140995584
1265175878788620290
1258350997535174656
1258291226568261633
1261696103944200192
1259483455504764928
1266693118226653185
1262050319556653058
1257263722646646784
1264858847350489094
1259921345938325512
1261719826529161216
1264419372849942528
1256204541156081667
1257762004997201921
1259172496143679507
1261944547329916928
