1178865942668951552
1182674794246037504
1183735009955454977
1201179992295497728
1220522088097878024
1223984751008071681
1223984751008071681
1238080526768058368
1242552736974946304
1238127951771648000
1239014778607001600
1244418833135185920
1247740977776922624
1255608213350703104
1246200766811029504
1253369171687153667
1251039323912196096
1272186790741303296
1267956063636242441
1277565486511697920
1277300498471612416
1288523990722519041
1288523990722519041
1283919731267796994
1287437053626441728
1287437053626441728
1289196379588313096
1279166410392875008
1279770948049293312
1288899120841863174
1286799167067574273
1290061916165926915
1296460259071057926
1296980164773998592
1294151059670069248
1295013136030990336
1299855108486737920
1302837531281506305
1302837531281506305
1303873339799212032
1307539023104299008
1300855231912144896
1317133579894349825
1315349715987255297
1313210808437018630
1312078681888550912
1312078681888550912
1328702201804492801
1327593282373816320
1326747632702795782
1338724478637932547
1344512119044075524
1344512119044075524
1339258871878209538
1335979696731922433
1343402859862245377
1342113685993504774
1342113685993504774
1339710282692747267
1343421437269315585
1333822436177940481
1333822436177940481
1262070662186729472
1258217576041070592
1262251860309598209
