1183604570561355776
1189144948672737280
1179646914637303808
1185298457214509062
1179200378069540864
1178879776280514560
1180645794594131970
1196864572071780352
1195959111411593216
1192832696831098881
1195088407468351489
1198443897279729664
1200846949051748355
1200113736557703168
1194307938137055233
1200472338803953665
1193180723383095296
1200224476174135296
1198062371350159361
1200455689082167301
1197033780617400320
1198740444756267010
1196914942873653253
1192944640988794880
1198129212382539777
1190068166984118272
1193969492319232003
1193608224982700032
1199714998509019141
1201701516551307266
1201982931608199174
1208444086409191424
1208803769569304576
1210279327130095621
1201359214255497221
1208471332364673024
1211735065308385280
1207662325303595014
1208412879101321221
1208424928279744512
1202234794588942339
1209142408933498880
1205542001304838144
1208801235031248896
1209293500967215104
1207479197511356416
1201508544194985985
1208063891470790656
1211485705148534786
1208610183154425856
1209516057188286468
1201878852261294080
1211485179853856770
1208478967281410054
1212852617640062977
1221224792138960896
1220749256979632128
1223361352942735360
1218985037305126913
1221120718693445633
1223109130916773888
1223345867006058496
1222663123699740673
1221262059767304192
1222703537060294658
1222636190748246017
1220390012790984704
1223350856525000704
1222921240270327809
1220488043469180933
1217663669913341952
1220479558778081280
1220390004926623744
1212193912481308673
1221277829364453376
1224403153077989376
1228171908954243073
1228444053093654528
1232365554234732544
1233622220062126080
1223641083080511491
1233434793251045376
1224492119387267072
1226289168738856960
1227385919549906944
1229448502880505859
1226578999561850881
1224498853426188288
1228451810169491456
1231705095408099330
1232982004830015488
1224383783119523841
1226188403068280832
1226887080405499912
1233034649292681216
1223891148089036800
1233090746116460548
1233808304037490689
1226615583317381120
1233820757832105990
1227976194294980610
1229442112304840705
1228726729709105154
1232724274701578240
1226213354223624193
1224785217153650693
1227299226104844291
1226295683910529024
1233874134482006017
1236686293138104327
1239654441323761666
1242011076155166720
1242261268016267267
1243608934495158272
1244087079656620033
1244322635959459846
1244828028431216641
1242186317661966337
1243068842177429505
1244766243162218496
1245036363512270857
1235265167262461954
1236682327805308931
1239009840174755840
1239650900785926144
1240341172867956744
1245022827293683713
1238154746738900994
1241864665925324802
1242558734674558976
1243578801772277762
1243762592352481280
1244439251519000578
1237199138913161217
1238497658840453121
1242275753837854721
1242494237981249536
1243183287671152642
1243809165509898241
1244184924237844480
1241934008939950085
1242583846849306627
1244675979110465537
1245072500070981632
1236667591785172993
1244697888690757633
1237487165090791424
1242632039544901634
1243742619861164032
1243792153458999298
1244677769998544901
1236356844425281542
1238509112532615168
1239233380300066817
1239630494075150336
1241564020555071492
1243613308332146690
1243717770602254337
1244384431470714880
1244816883821563906
1237856725534773249
1238236758065774592
1239596597429899272
1239636924710694914
1242270074389618688
1245039200405262339
1239097760705654785
1239992277214388226
1241848592001884161
1243694219061071878
1244087088431140864
1244826833335586817
1236453850355306496
1237038371316420609
1241459027256770563
1242606754464182275
1244743992094400514
1238079912222887936
1239009830322331648
1239768830739722240
1241546234445389826
1243723015747239942
1236831743006707714
1238165560942374912
1238990811154522117
1240324119662600193
1241097440280875008
1242272392920961025
1243045956465176576
1243178267181486083
1243251950281527296
1243281459806429187
1243623766061613056
1244443260371828742
1235279543340085248
1236730536778960901
1237042271587008512
1238512187414589442
1241868311538872320
1243268764784824326
1243767898138537986
1240748073866932226
1241071501190795269
1242596261133537282
1242872642320961539
1243700811215122435
1235803245311938560
1239614348726804481
1239992268762812417
1244351277259280386
1236686283411468294
1238695952812212224
1242909191590772738
1244819138515742720
1237028292961734656
1239589334359162880
1241402837134913536
1241446168351178753
1241459330794360833
1242621993368858624
1243045949456384000
1243580198324441091
1244896436908679168
1238992252053196805
1241435314750664712
1241446119642628096
1243178157907365892
1243768576101793792
1243776246632394757
1244828753026519041
1237039727443836929
1238124048820908032
1240834613963980800
1241876116987678720
1243208542343086091
1243685392630648834
1243724324168663041
1242494110222757896
1239574554898509825
1240650806006816770
1242296345852960768
1243664563645620224
1243747079878475778
1243997523112538114
1244490578622103553
1235023236582129664
1239261699087257605
1241815859951054848
1242270065690652672
1242555294380625920
1242560149568532481
1243233488062603267
1243530957736620034
1238152762841542657
1241585341875785728
1243607130445398016
1243997404560535552
1235585264531034113
1238991952844029952
1242287911841734666
1245071848544645125
1238152754822086656
1240029610512965637
1240172740553912321
1240659510827593730
1242623161440616448
1243542379937792004
1244489256158068738
1245032821242114052
1238849623348908039
1239003356095549442
1243608785660362753
1237406885403394048
1239271000384159750
1240850694158127105
1244316352980176896
1244488508594622465
1245040845616820225
1236709691436261376
1241863467923103745
1243526645182496769
1244322611229835265
1244348725054648322
1240413662004772864
1241413837649215488
1242426939224125443
1242428405708206080
1244961778368425985
1238115068694482945
1240981122869334016
1242258141674213382
1242945472182079494
1238123236807847936
1242554644255182849
1242844959499333633
1243841814345416705
1234215958635569154
1235614155446640647
1236713078718423041
1241085399151390720
1241422699165032450
1242492261797158912
1243565995140284417
1236676104225804288
1237412388158287872
1238137024055578626
1240305393567502336
1241125941918736384
1241541374111092737
1241778061755940871
1240647669665710080
1241071479296589825
1241126366541746179
1243242536937951235
1243613722762977281
1234847878067126272
1240321179686232071
1242772291982888966
1242921434722250753
1243230808019734532
1244681060971089920
1238634714438799360
1241675745757409280
1243357875549790210
1243570481552293890
1243598064562188288
1243700803182919680
1243791024633319424
1244361268942778369
1244682907010154501
1237852194876968962
1238122129532600323
1239959729016729600
1240748668262678529
1241783306825408515
1242637839105318912
1243336247713595394
1243570677833228289
1244827006983905283
1239994197534482433
1240794406497722370
1241130624808816643
1242555211794833415
1243261799539056640
1239224411473018881
1240794414252994565
1241403490955649030
1241964412623302658
1243572432725856258
1243710355144085505
1244184885889314816
1244323515400142848
1240393948167897089
1241829110013480960
1242153246367637505
1244025316269535233
1244712576371523587
1238550447713124358
1239580996313518080
1239597023982243842
1242948114295795712
1244324187667345408
1244961970358534145
1234997280660324352
1239097817559334912
1239987378762264578
1242186390185611266
1242638976776888325
1242932460255666179
1243793313091801089
1244350931325648903
1244361276102500352
1244587943295176706
1244937976217567233
1239562357598310404
1244356814101270534
1244874377705017345
1236291250342563842
1238562376422653955
1239657641510658049
1244821059339276288
1240776990405386240
1242913216973455360
1244317725901586433
1244349477017849858
1245076455450697728
1238156213369659394
1239571450459312128
1240398756824207367
1241964404700262400
1242478525371895809
1243221100525432834
1244298938951315459
1244818711036538882
1245032505759215619
1238511474932363269
1241839209528295430
1242675999797579777
1244434961391923200
1239636494979129347
1239943164489871360
1242491770044383232
1246860298549628931
1247296805466976261
1252048839512592384
1245424303559938049
1247194545751830529
1247211735855124480
1248014154348163072
1248667458740903938
1252597182089367553
1247223882592985093
1248280715172642816
1248637460130795526
1248641955090911235
1252078022318067713
1252714966127382528
1253081511185784836
1254142230354374658
1254481152993353729
1255966511732326403
1245586548336103431
1246924694902714369
1249759376065388546
1254956487719469058
1247703965019635713
1249721905617272833
1252744494245711874
1245526649803878400
1245874792856764416
1246984028877721600
1248668461653508098
1255646754193707008
1245495759967059969
1253899125164212224
1254506050679648258
1246971761461268483
1247951791301578752
1254071785840160768
1254195116132179970
1255378411297689604
1249119435656396801
1252628394229084167
1253369345654349827
1255185282569318400
1245424313441767424
1246873046780084224
1247229447981465601
1253082557622648833
1254144420741603330
1255187010530283522
1255331402096271360
1245405295691644932
1245896414909136896
1250939274607972352
1251180912106242048
1252072287588810753
1252683436533452801
1252740860061589504
1254959216298778624
1246852951928451073
1246912824267456513
1247663896766406656
1250939281876684803
1246183334155366415
1247300196498800643
1247945257980960775
1250882652196003843
1251610329857081345
1252067462226509826
1246899999276961795
1252633685372940288
1253757012632109059
1254720717012295681
1255286696486322177
1248644964243906562
1248671539551186946
1250647018617397248
1245900001286422529
1246468228106407939
1246506277544570881
1247196841168551937
1248017158497423361
1250799023621054464
1253035148595036161
1245486432845811713
1246880414230368265
1247937695608967169
1248637777106870272
1252851259054276609
1254141196278083584
1255225465113128967
1246504123639398400
1247358651658010624
1252062576944480256
1252630186375483392
1253799444769882112
1245169388996747264
1247225898614603777
1247681522611531776
1254892981959766017
1245241312783319040
1245518966765826049
1248641836308185088
1250638586732523521
1246849736113639431
1247900599984611329
1247903013856882693
1249103805767127044
1254442383569231872
1246488166091173889
1246909679709675520
1247206521450135558
1247545747010195459
1246902563003346955
1247689163731873793
1247907754414616577
1248565933834153984
1251115281008807939
1251131581827362816
1246528732191436800
1246843697301467142
1247329533805592578
1250805913969143808
1245278384709611522
1245415289518465025
1246917225786806272
1247739250591830016
1249167464740593665
1252612240752205827
1255292192844898305
1246659023123947521
1247306372338929669
1247331732053012480
1247588220025610241
1252706007463137286
1252975254340861952
1246266361975799817
1246671326204628993
1246880153722126337
1247229456860749825
1247704139309744129
1252685440534089731
1253502376415281152
1255631704431173635
1249397374549721089
1246659151939461120
1247303308756295688
1247336045299073024
1249397718096764929
1250797658362576897
1250820478400294917
1255185805968117760
1246908179667189761
1251972831803592705
1254951351223713800
1245476475589050377
1245527076742062085
1246482474051526657
1247356982044098560
1247954977471029252
1249405258624835591
1252067550613180416
1254642921069932545
1245219039779184640
1245483263109537795
1247953225598349312
1249083949797736451
1249479049564618755
1251173972353454082
1251916575176888326
1254559586486489095
1254604911750402048
1245880321947643906
1246671459239505922
1249739426261012483
1252011488291753984
1254070244253073410
1245710630201503744
1247286081495502849
1247906147396354048
1251568815802105856
1252615325222305793
1254435192711905280
1249090722764075009
1249090758222774272
1250830368426602497
1252490953966915585
1253886853473845248
1245520465977905154
1246494622534316032
1247279040093962240
1248631921669746688
1249087243077267459
1250570383515885568
1252482391970590721
1255533795882737667
1247296812853100544
1247582640426954753
1249097563409649664
1249748737267818497
1251425773136875520
1251445561296814080
1252662266731868162
1252906650845020160
1247314882179055617
1251194136784506880
1254604919388151808
1255605420057559051
1247550753482215425
1252655564217344000
1253379290126835714
1255642052446035969
1246032182604431361
1247329540994666501
1247660347135275011
1247588069450055681
1247626873036832770
1249744240474763266
1254163728502853635
1246109139266396160
1247257519749292032
1247697131231682565
1249908277632253953
1250657046917234689
1251550806320599044
1251976877985726467
1252837286242205701
1254076415240278016
1255711778543198209
1245398071497961480
1245521695416426496
1246642415424942082
1246849033957769216
1247931707170455557
1249107318823936001
1250456525728100357
1251122866340401152
1251921682907967489
1254442390720561155
1249077657062576135
1249426382930628608
1249355452481224706
1249756767418028036
1250860953262063619
1255525509531873280
1245405505843060742
1245484550639271946
1247915231268962306
1254809510302158854
1254911277496926214
1255309375620726784
1246659079843520512
1246817633460240385
1246913144456450048
1247906701426204673
1250987112402489345
1251127947152547840
1254822424463409157
1246115357703704576
1246917041476567048
1251701110047375366
1255974276122972168
1264024767788732416
1263363862805598208
1266730560145276929
1261902490376822785
1261109821933322241
1262532996302876672
1256050502292443142
1262815768749670400
1264038775031828480
1265058194579247105
1255995803757350912
1260256562809110529
1263245902325657600
1264775691096272896
1264287979171909639
1275513545116000256
1267216670592024576
1272224901236166664
1277624591993540609
1268914262396862464
1270055039957073926
1269524753557204992
1277795825121464320
1277430426211160065
1276372376230428673
1272355103442456576
1276631828846333953
1275498970203271169
1277998590275784705
1270057208387178497
1274735924648333312
1275114864827129856
1268573020832047105
1274571632540094464
1271466917967077382
1277436557025333254
1277764525090111488
1277743492047962113
1271607290089611275
1275347302014746626
1273831040436633601
1274223093888753665
1274569114816831488
1267703192797790209
1268084637093572608
1269216797045252097
1276650967954591745
1271175532303040517
1270356098390917131
1275842924656447489
1271599447462613001
1267875448601677824
1275064230115409920
1277459302043787264
1278034864449732609
1268675559892148225
1269749091506032640
1275949445218254849
1276682194170380288
1269588747580039168
1275165941689704448
1267898138561523713
1269529003058233344
1268894929411080194
1274805717602631680
1276938662148743168
1275117448283525123
1268716511721672705
1273105459348754435
1277430421530333185
1275804809824817152
1275804815432572936
1275207783508586502
1277522723128762368
1273109629250277379
1269754300458287105
1283780691893850113
1284702464156086272
1279861747898298369
1280249912379269120
1282525105252270080
1281129930902962176
1278765833314074624
1285005795982278657
1287420535975096328
1288128249797545985
1283498554544345089
1285323635968925697
1278727707170353152
1287052155258626053
1285949944222724097
1283505026154061835
1283505020995022850
1278516129883971584
1284146338469421058
1287525663952470016
1289022161353662466
1284718842133065728
1288242060940779520
1283641647356612608
1278121350666780672
1278423979708030981
1282527663522029569
1288270550876422144
1280328026711044096
1281715692111364098
1288219928668049411
1283774223270453251
1279852971497570309
1279993856675778565
1280893380248117248
1286661712213618688
1283149122309099520
1283786307873968129
1284977211775361024
1285335643527274496
1283756400875798528
1279095114778976256
1286372126765850625
1286556402798997506
1283854479150985219
1283461730706890754
1283987829362700288
1288634651993681920
1282523501317021698
1286521009584181249
1280036845821329409
1280198766105149447
1288487910640103425
1278879075382300675
1287527766569738245
1283073977120768000
1287490279189155842
1287547867121557504
1285607029185355779
1280562978501386240
1288851379583356929
1280509101160742912
1278547678885031937
1286360648092471296
1289294865574973440
1284530088734855171
1279113135614459904
1286057647561756673
1283384936536432643
1286475365112860673
1286060235204026377
1288250181436284928
1288156371981139968
1284189359701463040
1285958484912222210
1280719779477815296
1283161393324269569
1285984934469959680
1280559288445001730
1288873894120689667
1289231519203000320
1280693207542743040
1280999449377091588
1288166837570723842
1279867660272988160
1280212964704911360
1289277876731346944
1280399569130577921
1285093707067293698
1289240062945681420
1284904109477224448
1280321634969231360
1280210725114429441
1280212969796833282
1288947429522452480
1280142549936676868
1285589340630941698
1281280319975538695
1283522582101327873
1285607034164043777
1280714343307456514
1284525808057561089
1281249647189729283
1286692618945138689
1288230878896885760
1281324837282217985
1285262071823728641
1288900783883333632
1282175511763005451
1282530318428311552
1280273252489846787
1281613178603032577
1288683572262400001
1282022437979402240
1278352674329690113
1279281184745406464
1285320310003306497
1282514004485853184
1285273984439902210
1286001175263928323
1279991913769324544
1278390241863360516
1283071972889571328
1285763924567171072
1282912278065688577
1283338028614901760
1288182794145988610
1282919179838947328
1288242674554740736
1288873898998726660
1286001940875431941
1284540656023732224
1283210377988210689
1283637263050715137
1279239802982891520
1287517521730572288
1287868181286019072
1287953545485058048
1282006336629350402
1282531713726521347
1284800007086968832
1288698563455746049
1278396943555858434
1285234543881003015
1285330784010698752
1282018824947195904
1287059588261580801
1287830859081494528
1283095421833936897
1279847054739681280
1284976195000578049
1283794703239000064
1293020997503918081
1289687823847763968
1300283043165409287
1299127887321280512
1300089589386932231
1294435833580261376
1299855305476628480
1300333517847568385
1290308299640811525
1293253365443579910
1294018298418520070
1294796468310675456
1299844347211456524
1290714130199044098
1291079698496335873
1300127561435947008
1300277157600669702
1291124090116472833
1298754016373960704
1293589086259863553
1300493939947036672
1290720059376250883
1290798072537194496
1292214611945684992
1299111350875181056
1299819742115565569
1298464524375269376
1293034874010566657
1294368756270084098
1294490429082218497
1298258357287968768
1300252216641585152
1289356530693713920
1293189847730065409
1290991211197718530
1292623122684928001
1298730447820730369
1298436136843579393
1299411093404647433
1296905797801316353
1292975883960160262
1298684565821816833
1300119500038311943
1289700506147803136
1291084688786952193
1300106938777251841
1300375815021101057
1291760810637889542
1292551403412611073
1293010075393511425
1300425185720520705
1291467212499357710
1289993795908509697
1291166525236314114
1290306287469641734
1300134167036850177
1292674422164393984
1293018781099479042
1292257890162573312
1298635679878897664
1296904137565708294
1290063350328709120
1295483263474171905
1293317353179172864
1293564828905361408
1291029038211960832
1298384975595618304
1298454240055173122
1291460937090764802
1295516562254966785
1295851007130374150
1299372160956461056
1297580570491461633
1290748469309771785
1294485911401635840
1298409178453676032
1299481127581868032
1292562279993573377
1298037464984981504
1299682345239314432
1293662410675564550
1300119505104965632
1298633424584966145
1294484154151841793
1300534458626592770
1290720064166072326
1298682287530209280
1295521509973401601
1299033947813351424
1290669413004443648
1295111027965808641
1298678446856568841
1298824129764831232
1298388268325756929
1298594956945371136
1289984191199735808
1294093432500236289
1291103570138464264
1292148766263382016
1297542982569164807
1298670291296477184
1289989267393875968
1296549879343460353
1294010237855424513
1298410849426640897
1298469483103703040
1290206092232818688
1292953461320044549
1294289012790894592
1296254240810295296
1298644241334370305
1297403294550298624
1297577533785989120
1298403166459850753
1299729604651806726
1300501178090881024
1292677489886670849
1290284766814547969
1292962859824160770
1298038091467198464
1299400615383257092
1295370208065007617
1290318958613102595
1298637642482044929
1293197288727339008
1300128160122634241
1296483940866363400
1289610302955249664
1292150275726344192
1298432474452619270
1291463433175605249
1291825650005716994
1292586236616552449
1293274123888726016
1298627467192741889
1293261720744386560
1299912846143303681
1300196467773263878
1300530551426871298
1296832159500599296
1300181510834868224
1291613659052072960
1293206106974687241
1300270666080489473
1296991732291248131
1298713688094826497
1299374461888745473
1300435389547569152
1300370744627658753
1291474009822048259
1298790044946149376
1299778198100676611
1292477672950505474
1294004125710061568
1290141992979177472
1293596778827259904
1298383327536152576
1291464887466700802
1295111033066074114
1299739423232458752
1292984013485998080
1292546998571339781
1297867348825833474
1298406978012749824
1299513361789603846
1300473844512112643
1299353791997841409
1290052917865508867
1298684279862497283
1299107223747145733
1299806437649133569
1299013081507540995
1296579152603156481
1298245800217260033
1290035141109100544
1291103168907153409
1290854678704656384
1294369743139373056
1298395084178591744
1291144459304960000
1297916045836025857
1300482465664917505
1299125297699315715
1300418450964336641
1300253760107810816
1296504740407386112
1298547383547113474
1293969856338034688
1294012937569480704
1295079532677005312
1299726072091561984
1298439815575281664
1291397963416309761
1296670852893880320
1291464545073012736
1300119047657451523
1298430104314548224
1298519682459119616
1299107219078868993
1300470474720321536
1300255280652070912
1291058345399521282
1298008660497649664
1298683070409736194
1295144033816379392
1291184423870894080
1298472792673759232
1292820862308155392
1293215569584492546
1295855034379522053
1294429627537141763
1298419003983974401
1298315028274262023
1299884882517258242
1294483285700157440
1298223104481779712
1298533860809080833
1298383322163359744
1292955795357917190
1292195792489533442
1298409248032878594
1295570482171973632
1297951339826352131
1296480978496622594
1298736527229378560
1296123368517898242
1289986341967663106
1290321902091800580
1290381077941559298
1292232292677672963
1295561324852924418
1296571988211834880
1298957800274571264
1295612728518860803
1292148760936689664
1298395400924205059
1299468338746150912
1301597662236549121
1308526538858680326
1303162678542700544
1309268589946568706
1300574390481039360
1304465708852617223
1309915377326055426
1302307306730856456
1301518968809717761
1304489428883312641
1301271335700557825
1305618565006008323
1300917135934455814
1309466707388489729
1310088428663574528
1308072793800609792
1309206365773033472
1301304954402017280
1304034131773403138
1303743283986870272
1304210821166243841
1303297027074392064
1303168622010007553
1308814583109423104
1301237261045059586
1309875833897656321
1302692577125314560
1308824660151332864
1307410915197956100
1304155795937001473
1305226834125168641
1309554126129332229
1301333143799107584
1304053478206115842
1303392000247562240
1301619381882019841
1310261214195392512
1308759700721274882
1301669109613105152
1304030849495638017
1308803506652889089
1309914790329024512
1301909774234275845
1300599893086613504
1308496460963549184
1300840853825622022
1302660170921717760
1309289772679008256
1309516646894243840
1303326261289398275
1303360993737748481
1309992161723781121
1304087735347675138
1307155108770217984
1301893521620848640
1305243036067139584
1306728295573204992
1300812375579394048
1311403108589764608
1309514247395835904
1306882715460001793
1300571608541736960
1302058549166649344
1309009087204593666
1311421571412692993
1302634760532037633
1302844865638797312
1302676515591782401
1309216027469910017
1309498304775032834
1303077121087229952
1308824654631628802
1303440336753172480
1305284285260353537
1303373413633884161
1307158451601240064
1310008764259598338
1307154751713423360
1302980926830448641
1307126429449170946
1303723996383338496
1309215090521124865
1305573686792146945
1303420212381974530
1302058554178891776
1305551651315613697
1309186684655984640
1302692954109247488
1303118469928427521
1307156553661902848
1308766880052785152
1305336872286158849
1309153293248102412
1304603716360843264
1305673310882148353
1303703113350746117
1309260125241311234
1303395475639414786
1311059803855302662
1309949947266166784
1305520566233899009
1308817315258142720
1301205760131637249
1309804416460099584
1300812037010976768
1300840268346863618
1310096730650808321
1304033182321455104
1307754144413954048
1309698851511570432
1310258855180410880
1300845332524273664
1306959654547845120
1302699798705958913
1305609311494828032
1307157369575571456
1302709758865084421
1302990453210574850
1303796658191372289
1304828710655328256
1300577904363843584
1309153302362427395
1303347802823692288
1304030964377624582
1305199768797409281
1309198437385109504
1310301993651654656
1303363980359094276
1302472097546076160
1302692938602995712
1303743278655905792
1310835112758710272
1300929587761819649
1307169576388456448
1302993065800601601
1303816483093573633
1300862088299020289
1309994274424082436
1300908152548978693
1303001712442122241
1303392005205250048
1305542680693399558
1305720798712410112
1308436673676677120
1304038660376080386
1304277455394406402
1308147746612957184
1310952261099675651
1317937233312190464
1317863729619492864
1317845609072775168
1318723484391006209
1314362619134971904
1317885472883003398
1321926457963220994
1320055501640634369
1315273512202969093
1312738770513428483
1315461545229520896
1318370934286417920
1320403196225925123
1321931988769644547
1311711176707977216
1313134792171499521
1317247545068965891
1313878936540123136
1320821815288188936
1320900035668856832
1312470761035108352
1313099974708793344
1316058620702883840
1317218459936280576
1319642948330573825
1312177917430910976
1319646283066462209
1317881597320925189
1313125722404331527
1322371688533807105
1319750791540989952
1312547580170174465
1313712487649480704
1321488580204744705
1318764105642217473
1316170957913030656
1313573702643208193
1321491017103745025
1321256674968117248
1321637318789353474
1317716139900796928
1318196925393502210
1318187917412585472
1320148076011638784
1312135485360201729
1313193741327446017
1312801497596465154
1317733949624348674
1312522261727907840
1316447242308456451
1312431128020541441
1313879205688610818
1317937225728864257
1317881602148585472
1312551426074177536
1317886096831877120
1311644431783800832
1317939939796017159
1313516204082987010
1317940032985059328
1313568549466771457
1318607582529978371
1312470771520815105
1319305604486340611
1320745404737138691
1318646123150626823
1312738633850519552
1318619203914633219
1318653173222068226
1319635937450774533
1313713560447582208
1316796550983671810
1315506707536080897
1319424790495625222
1318212961773756425
1312558079846776833
1318304948384387074
1312476210480377856
1316033868953268225
1319488766269034496
1313083440665948166
1318708669530492930
1315184347264299008
1320174557886582784
1317319682785935360
1318127136209711106
1313653638833868802
1314929938185834496
1313092944983883776
1313506472760881152
1321527509024935936
1319771679728504833
1312470766407962624
1313193736638287873
1317983016187170816
1312451238483558400
1313796396156432385
1312758131643027457
1315819549862686722
1317336871937212416
1319424779892424708
1313141960023179265
1317089183316480000
1311713230415429632
1313127663809294342
1313150879273541633
1319643071978622976
1320747086778933248
1320760920516251650
1315487253989330945
1315860646119067648
1314361918191267845
1315769459429314560
1320748306042114051
1321859857121685504
1321560108300705792
1312967922009231360
1320587208630435840
1312545166046224390
1313099660211425287
1319456448158597129
1313477636358836227
1316973170998521856
1311868115505086465
1325879991519879173
1332846481242513411
1332968890578595841
1328389576382144513
1332846476297429002
1333490187037413377
1329133726614384640
1330211965080309762
1333208264226480128
1327393146985193474
1328216614748217345
1330380281652666368
1325233640805031937
1333274232235716608
1323379301580972032
1322958315211657217
1327854461671370752
1329843865797484544
1333413040436490245
1332933585100271616
1329637858781655041
1331521739663306752
1332451259987742721
1328190879690084352
1329133730951270400
1329217755376214016
1333205345007771650
1329874234357768193
1333170937404026885
1329996121440182272
1330265506876682243
1328044735534166016
1328726484790501377
1328843334610194432
1333170927496990721
1330694770050691080
1330282406746722304
1329428272506163203
1324534517231702018
1330960435949015043
1328029363204485120
1328160694143946752
1329247925436903424
1327468471614124032
1328216609274654721
1328758215857803265
1332603293332353024
1329556270710476801
1330568476008837124
1333273273824649216
1325911124550815748
1328294880943214593
1328370856595230721
1332933579383447553
1333155638579486721
1333275977863008258
1332444254715736064
1333464779541909509
1330349191038717954
1332940718583676928
1331030313531813892
1328373868696924160
1329633352530468864
1328452220807995397
1331995106069647362
1332950649315545089
1329670494367440896
1333163213068902402
1327729418257768454
1325472885922816002
1329637853954002944
1328545043498618880
1332934005801578501
1333340262773391362
1328194155990962177
1328889202398949378
1330252685862440969
1332523323637575681
1328715413191077890
1329140756066562048
1333075195129630721
1330939222660935681
1328886618825035776
1333126013409169411
1333154565311635462
1333281701460647937
1333295370328268802
1327422329455058945
1332834075246276617
1331038902031945729
1329843860638478336
1328379460782010369
1333480420680327169
1324016284711964673
1328058301704245248
1331930526995902464
1332440853386842119
1333533416122408961
1326589689403420682
1332937281913688064
1331101512227962880
1325165870855827457
1328244157094256642
1331094543928848384
1333122137989713927
1333483871757807616
1330564391343943683
1333168699155615745
1326666164907495426
1333456579262341122
1326538079390191616
1329450711361445891
1332937277572599810
1333127629424168960
1333792405368147968
1334210507251716096
1341435884256841729
1334628752773570568
1339347859255283715
1341635317099450373
1338912668623712256
1339804735847731200
1338885251825872899
1341435889843658752
1342563825036513285
1341854894249152517
1340428797326348288
1337912322392793092
1344109860800094217
1334009124636356611
1344439173290348546
1341921479236214784
1338961240429883394
1333797233058140160
1334150549831344132
1333887205916504068
1336415152103710727
1341519662144741378
1342129317535502336
1333956340339838981
1334510658394656785
1334267672889090049
1342872230586445826
1344071838951993344
1334579278311280644
1342558268787466240
1333954680163069954
1334005343177879554
1335836480581881856
1334516239729893377
1339246382100656141
1335652499966058496
1341482189192572939
1341892608591880193
1344105012587352077
1341788777556156416
1341108739122741249
1341786478272196609
1343730456009842688
1344379026136309761
1336364988617945089
1342822998974332930
1342872274714685441
1339009455959240704
1338898228192960519
1342953502897795072
1336359886137872384
1338866526829518851
1341104085244776449
1342603935224377350
1342569309013495811
1342894908139597831
1343779683687690241
1336149373273710595
1342134104419143686
1343007156241494016
1344109866303037440
1339698398325321730
1333894852749254661
1333792399248691205
1342281427434565632
1334607073431203840
1338967708759711746
1336360619214336003
1341597269460697088
1334598805757583363
1341424436436738049
1341986623307862016
1333803106623131649
1334375857863995393
1343612598953062406
1337911612154458112
1341926061718839297
1344296762496987136
1342257849439838209
1343616950702891009
1344325295516643328
1334352967680598017
1334357018682007553
1344105017230454787
1340428792431603721
1344105007315116032
1334333841109114881
1334908556978626562
1341629608765091840
1342580797665107971
1341943355308064769
1342135933890686976
1343048080451489792
1344319455728459776
1340507256945844226
1344292846753509379
1344319039292715008
1336425253468180481
1342498193574158338
1333824704797356034
1338262039979024386
1335764169451302924
1342564604405309440
1336670710023004164
1333854257565483009
1336375791538458625
1336420851097473024
1341287884381442049
1344071834069831681
1333854267032027138
1342257892041306117
1339627755714080771
1344466963146293252
1337981730272239616
1338262305302323200
1341786757344464899
1333814097415172098
1337111356680658956
1341601826345545728
1342723873654059014
1334361250009059328
1342531680968519685
1264024767788732416
1263363862805598208
1266730560145276929
1261902490376822785
1261109821933322241
1262532996302876672
1256050502292443142
1262815768749670400
1264038775031828480
1265058194579247105
1255995803757350912
1260256562809110529
1263245902325657600
1264775691096272896
1264287979171909639
1258518311811219456
1256078080852058114
1258222699069034496
1263231623899856900
1263253009124990976
1266251847787937793
1266554406687965185
1258069489511542788
1261130226639216640
1257884913505886208
1257800080922419206
1265088312487763968
1261933651157278721
1257805182475345920
1261134489134288902
1263296691169607681
1257731233704030211
1263376926028300288
1258830550930010117
1260369481412554753
1256619774064328707
1256780716240748544
1261691405677801472
1263675854510411776
1261933409254981632
1262128191541587970
1262540404039258112
1263205427526938625
1263940554196504578
1264246345864445954
1262070824670040066
1263245906960355328
1264646828890509313
1265790591201349634
1262824276295585800
1264372513372504072
1266661944683044866
1264255403543625730
1259178079643209728
1261477126248845312
1266300731977420800
1256050509431144450
1263589316116090891
1265788641626009600
1263371832247320576
1262605073127006209
1260836065088241668
1261852917893607426
1260823653459070977
1258117744945479680
1264991995912740864
1265497819407953921
1261134494087725056
1262206177263435781
1258248084716470274
1263244554616164353
1264775743982141442
1260278798479654912
1264287983710146560
1264870608644435969
1261402562843955200
1263391199634825218
1261308594819137536
1263988094489055238
1261038285616545792
1258917033711939585
1260720435643252737
1261099467345932288
1262028438552096770
1264755363607445505
1259941543647096837
1266241363294576640
1266598223600287746
1258207813719011329
1261133427694338049
1262225654294237185
1263160120852320263
1263359589292138497
1258572924598063104
1260926242158592000
1261995352825180160
1261903175633833985
1265393645399793667
1266696853355139072
1264754275315585024
1259952312174481409
1263370090776494080
1265295090496536576
1259933706699112451
1260700589614174208
1263569710614024192
1258559865238274051
1260432252665827334
1260446938039713792
1265735332609363976
1266160431552499712
1263419912867000321
1262773759469129734
1262973766419742721
1256042888061947905
1264407021266354178
1262946005064060928
1263538822761119746
1263245897087037441
1263986112055386115
1257165983028072448
1267149133875478529
1257435246037028864
1260990227537178626
1261141007648862208
1259226422561865730
1260289997736992768
1261043649267281921
1262604571152658432
1256763769709002752
1256789460114640896
1257854761719775234
1258925813971501057
1262096154633830407
1264368435703820291
1262554846860804097
1262774196607877120
1258520157153984512
1265402296885743619
1258369084858736640
1262645486923714560
1263194648387911680
1256245176709910531
1257801628712919041
1262945724049829888
