1181284745851916290
1185227356337770500
1189608171444289536
1185369293816500224
1186120337790062593
1179812222475915264
1184879592747798530
1188804434094104576
1179814327823429632
1180278951333072897
1188909050550898688
1179885634955173894
1181249286283169795
1187880461575409664
1187825475130929155
1181590118886465536
1187518157642035201
1180154814317158400
1189244986434424832
1184588870094086145
1189648787431665670
1179876295477346305
1186826478878625805
1186671831845163008
1186671831845163008
1188850828838178816
1186075892004655105
1181460287473569792
1180270510623596544
1179470761314017281
1178856416540364800
1179113783140204546
1179818072573710342
1187934406209441792
1188161694104768514
1180202791232528385
1180193228227612672
1188913882749755392
1189354032198045696
1199852486133108736
1200593269924777984
1190310923593928704
1194732914057105415
1200489108709265410
1198335425380835329
1191979173759389696
1191422376124260358
1192225486417596416
1192795565609889793
1200071706171334657
1190307861420744705
1190320689921703938
1200875919482802176
1200260208498483200
1200549476089253888
1192159767323656194
1199134174428446721
1195864510650867713
1198002860727963651
1200207760266350594
1199039263725232129
1190308212836380674
1190338816877293568
1190418045560377344
1197606014796926977
1200513787276644352
1199413293930209280
1190387212761911301
1211767758263738368
1202678418954801152
1201142694870994944
1206733380525510656
1207396413627228160
1204091278264348673
1203125063001821184
1204098202259132418
1202270124713160704
1203860237402460161
1202736579111899136
1206405944927760390
1204559578186342400
1203006895495294976
1207742742509563904
1205628478349086722
1201973169357279238
1204549037325570048
1203348693832720385
1204196242378674177
1205590968482709504
1207666935216906240
1203371520304783360
1204092147844165633
1214219094016155648
1215761971011715073
1223058889823981570
1216978706586931203
1219030622150131713
1216684102331633671
1221199327646887936
1220093262460964864
1220098568289165312
1221522141000216580
1221183300187906049
1221507302693335041
1221960023259172872
1220813124355289088
1220867693097734145
1221865348091334657
1219087262912143360
1223058230508650496
1215762236183965696
1215786744626515969
1220954867323359234
1221213122595213312
1221597058831876096
1217205897144852482
1221208344997892096
1216871254222954497
1221330712932036608
1213095032674230273
1222316181454905347
1220135708238594049
1220112722580275200
1220463032284909573
1219630958363795460
1221220998000803840
1217997424448417792
1215814575762751488
1220788338065436672
1213820521441189888
1220122089597784065
1214771033523118080
1222976779238772736
1223088008338923520
1220423565033594882
1221202331032674304
1220091245172862977
1223159084389519360
1221208275259031552
1216593294844624903
1221173122319159297
1215852959919149056
1221801815248965632
1218025160214794240
1214558114147532802
1216453198619336705
1224097576229769216
1227619700047216640
1225610248620142592
1229190657077583873
1231263885195436034
1225616514906087424
1233085110339166221
1227313993867546625
1224101243615895554
1225225820437917701
1231706922597797889
1231699434557378572
1232804201023070210
1231752613869314049
1232443897437048832
1224468305559224320
1223725514646609920
1229471882258403328
1231629817017196546
1232678808458756096
1225623477941612544
1225951883786739713
1223657255373099010
1224714294476099591
1226210097799553024
1233116537118248961
1226209209190158337
1227621522958737414
1226876824220831747
1226255728031059968
1231748549299195904
1233846201977647104
1229143909042991104
1224433574352277504
1233846438192439299
1224656254154313728
1226643764212465665
1228369768924794881
1232979416696926208
1230950507038101504
1225650800589852674
1225926661050380289
1242584498627321856
1244725124332425219
1240020287820832768
1240465234348986368
1242555754143309824
1239595300785983488
1240712935057604609
1238294937290104833
1241000366516457472
1239630499326218247
1239655576713326592
1236748808890880000
1240371333520900096
1243920079861006336
1245021654268477444
1237548816296865792
1238287930491199489
1240460567841607680
1241367238692802560
1241384518944198656
1242475690194284546
1242550358792179713
1243612752586747904
1244761050236375041
1238197394145239041
1239197538512769024
1240020405810655232
1240034630130155521
1242415292690636800
1243236265627127809
1244408402526105600
1238172513571442694
1240079128843313153
1244033044979146752
1238138515772313609
1240740653799223298
1242147079406915584
1242652284405739520
1242525713066078210
1242538814943432715
1243574910997401602
1235784846171127811
1239287400783687680
1241871932493926400
1242790825135751169
1240715957980495872
1244717687672012806
1244348100392693760
1240316996149002248
1242114785459699714
1243926772846153728
1243966418552528897
1234578203328401409
1240746543344427013
1242585643101958145
1235423281299124225
1240337196122427392
1244650715060060160
1239606626803421185
1238592198922448896
1239717318709481472
1242801363077259264
1242171483557896196
1243228240291880960
1244305293552635909
1244773994160697345
1241503249120636932
1238116579017199617
1238447856803098628
1242522316808097794
1242462060299964416
1243195772595732481
1242115537653469184
1237115853465845761
1239745576369094659
1240379303436533760
1240734664081342464
1241226687238594560
1244197266363121665
1237136948503822338
1242259331338379274
1243534676175671297
1234278652830875648
1241653925171720193
1244342358382182403
1244385249989189632
1244710106186596354
1239310967483387909
1238296816346492928
1240277735299317761
1240777920756322304
1242478472892563458
1242478774316199936
1242594134755590146
1237151871086858241
1240740990450839559
1241484413776642048
1242883882267049987
1243603368175640577
1239552037643153408
1239724340217864192
1242193440881782784
1238121154344181760
1240464161294798848
1241207583425417217
1242475088798199808
1243981933924794369
1234954695757762562
1236333719897554944
1236413824284139521
1241005507302707201
1242974616840065026
1239550771298885637
1242169964787912707
1243972953726844934
1245089895531433985
1237123007937687553
1241810221904912386
1242517252601192448
1242588303767023618
1244105189780418560
1239987409128996871
1242871788058685443
1237089499135557633
1240369465788858372
1241119455825899521
1242826782811684864
1242980665030778881
1244994919946571777
1235325942278561793
1239925334213931008
1240371791425441793
1240445655644090368
1241006890605297664
1243942641408053248
1241136883637170176
1242825634025529351
1236663405966024706
1240623035020988416
1242905291957710857
1244432415357112320
1243003039713128448
1235056669949911040
1240094293097734145
1243314427518042115
1243967693033746434
1244599104338120707
1244718020796264449
1247766474770399232
1255195676734078976
1247655464374059014
1247943173474746369
1250086074606632962
1250493045205762048
1250855516915392512
1251174647799955456
1252245479020167170
1252392503761711107
1246578310290845698
1248345079858827270
1250112038166310912
1250173632179044353
1252264223075418114
1253345428168466433
1252708691813548032
1248967578837381120
1250117512236134400
1251536842878574594
1252988089573801992
1247307423624413185
1248328812699570178
1248468928067547138
1249819661950046208
1253391919033528320
1247258515363823618
1252257533407965185
1247991421589753856
1248188969042489346
1250132658182598660
1250202762022813696
1248326474253447175
1250865439112073217
1250196162319171584
1253420581342461953
1246895706268368901
1247760710169292803
1255500527863037954
1247166821796417541
1250523618087321600
1250625966868582401
1255277957519638529
1251313204464160769
1251541335947063299
1252325019058765824
1254808743897976832
1246871818385993728
1247956016815321089
1252135484744032256
1252285820448497670
1246910237145088000
1250465263046311938
1247954658188017664
1248054719970529281
1250129507865985025
1255184456870027265
1245442380255440903
1246186169265557504
1249734061574119425
1250080914878726144
1255139771564748800
1255194384439537664
1246517006196781057
1248709258130206721
1250462538237726733
1252754002254737413
1245340164844597248
1247310482790383616
1251647246371823618
1255534443852414978
1248272205676523522
1251297495914655745
1254142789522079744
1246272206797074433
1245435880166305792
1247941618373705728
1248377471436591104
1248437095527354374
1255577879066415104
1245792198022627331
1246105409909395461
1251955013041049600
1253003637003038727
1255323143809499136
1245822467634892800
1247947677842767874
1250142922143662081
1255506713886838786
1246893816423964673
1251140589766279168
1252710336332886017
1255524089604734982
1248058062432321536
1248643846226968578
1251953732436275200
1254217168066998273
1250158533649108993
1253003845451632640
1245796419232870403
1247325343213633542
1247656550040244226
1252230637169360896
1254793776989700096
1255185512073252867
1245557051163430912
1246641829291884544
1247946045830594560
1255578305409007618
1247282289664339973
1250549163823005696
1255162251612491776
1245392725442277376
1247585239062454276
1249752772578246657
1251358397959745537
1253524097717469189
1254821865853509639
1251182920099868677
1251200860492828674
1254809827471130629
1246181833018130432
1249762070872174592
1250084126364798977
1252587934777257985
1253529654683631622
1246151716271243265
1247311585820864513
1255247157952745474
1247861775430823936
1248689142105550850
1245732969223987206
1246323991511359489
1247544657023619072
1249752399029440515
1250192491812446208
1253067542207377408
1255220184538927104
1248332735342510081
1250623441616564224
1247210902459383810
1247361748354641922
1249705016543379456
1252325065745711108
1254100177960480769
1246156610940145665
1255897647833104386
1247265242855292928
1250084241636913154
1251658118070755328
1247168531797618688
1253675091902291970
1255578468894597122
1246182293741293569
1247552285674295297
1252639098847866880
1265732211988455427
1261834614882082816
1266029316091056130
1257716437768196100
1275081224634040323
1268729261575286784
1269739013734141952
1275319252170522628
1276763345404690432
1277995887122243584
1273309282965078016
1276688122437304320
1268645360429391882
1273292740231491589
1268206247024549888
1276235234875371520
1268628152730910720
1269038807334215680
1270035154233372683
1271906718662852608
1268425122836176897
1277633515144740864
1270057556258574343
1273244031137570820
1268503314674733058
1273016002519982080
1271469567706042369
1275077295661694976
1268598230293581830
1268991590518964225
1277664026059816963
1277683995736670211
1269041310872358913
1277653957989429248
1269399961352847361
1277416209307361281
1268921996349526019
1276226198092349444
1268421821612711936
1275864868206321664
1275886864369700865
1269817033807605761
1268683969777799168
1275531538495606797
1268296943588925440
1276599704176992256
1271100099716841472
1274247938869518336
1271832222383902720
1270025967893962753
1268266551649714179
1272928974784598020
1273337166274236416
1273042304996184064
1271531957504139266
1270030638486294528
1270072276998856707
1268920787672748034
1272573617025531904
1275096291354333184
1270114876405493760
1276897644221206530
1269797932817174528
1271927779798536193
1272561807736090625
1272576773012635649
1272892298620293129
1273637069051568129
1272258098036523010
1268086713944965120
1269961185501184001
1272259765976985600
1268492642540752897
1270883035563454464
1268322018589659136
1270063356649648131
1275589820862074880
1271045544992006146
1270834758335860736
1276532387514470403
1269664364652630016
1288901455152328706
1280581761483800576
1280580810375073793
1284135485326135296
1281231670117634048
1283461787053166595
1288252070521376768
1278691453854760960
1286056065520619521
1287072329076543495
1287912747049525248
1288175561756434432
1286712837478522881
1288122987611213828
1286682599491088386
1282685860941639681
1288125577283551234
1284969260096221184
1279804993604734976
1283473967563628551
1282434725592756224
1284646008387964929
1278376595322032134
1282695275509739525
1282847291569852416
1287786345008693249
1285672627676368897
1283082541214433280
1284605648441876481
1279111705910444034
1284968091290492928
1280947209798705152
1286852758742667270
1282774356859518976
1287468262490386432
1281010250775068672
1285333271488995329
1284571832578977796
1283422490052747269
1281276968214892546
1288322538297339904
1280528427469213696
1280529544689201159
1298261225403367425
1292812867247513602
1300544865747566598
1296167098947780608
1295435285157892097
1300300723922415616
1293373091737792514
1294323082199470083
1300490229246115841
1298292187726262280
1295080192445222920
1298364514119716864
1292578213273706496
1292160408820752386
1292192086062661633
1300205919264018433
1292449127243091968
1291819442243014662
1292628562520862720
1294706879927660552
1299061839645605891
1289636161674072064
1291752992144650242
1300413119802400770
1297110119902306304
1290843296688873472
1290330501455069184
1292158719636078594
1300343647741906945
1289914760390049793
1291082364743974913
1299854367579803649
1290774606278807553
1294434275794837511
1291807816768983040
1292133286635020290
1289790366418378752
1299050465259290624
1296628031260250116
1291918128771825664
1290700876450082817
1291525732468957185
1297038648873951233
1289641995976077313
1292571410171334658
1295159572563234816
1290281678372405248
1300422620098240512
1295145097768706048
1290727213466255361
1295300340548620291
1295742268524158976
1292845495363092481
1290695532562833409
1300285066560573440
1290673992186187777
1297474442927443968
1298981030729146375
1294373982683066368
1310603477450539009
1304876223672320004
1305617131321655296
1308809079305850880
1311293319474040833
1309530636596793344
1305437750036889601
1307766314237296640
1303357734276993024
1302401153162903552
1304455574755487744
1304594974005243905
1304896667540426752
1302223995534626816
1301979771388084224
1303353342169579521
1302081042245971968
1305581605520580609
1302309281501454338
1303060242557800457
1311292587291049984
1301269669274247168
1302020950419009538
1302023644638597121
1307769108579012608
1308788308139536386
1303825474892607488
1300560588456620033
1307886961592594432
1305080196265947141
1306268377619542024
1303027638097903617
1300649156810166272
1305566316082987015
1310768796915781632
1301860160772673538
1307426311237844993
1304225393948405760
1307768297736331264
1310027948381020160
1307038353230102531
1301580101226819584
1310570191051464704
1301528191211892736
1304450492425175042
1303707231293075456
1311150655390638080
1310618768515751937
1310236561636614144
1308441277848059907
1306242391066783744
1309618025054650368
1304080874254659584
1303369269506433029
1307763265062150144
1303788200448741377
1303361164018167810
1308149696955740160
1308725398755250176
1306410867286634497
1305618913963769856
1309556403619520512
1303444885698220033
1300734175876714498
1308335759695380480
1310406522472665090
1301285868192313344
1304635413022216194
1305617877475692544
1307054052023336967
1302216049509765120
1302678347114098689
1304197515030474752
1308477397742821383
1308420946819252226
1301149920334950401
1301641183899328516
1303738986129743872
1305989647198285824
1303929639941926912
1305599171253075968
1307142654560362496
1305615962347986945
1306977040311214082
1304755066902056962
1305616281773568000
1302681501591646208
1303765122905706496
1305733060780912645
1303456262391304197
1311670811632300032
1317589070990761985
1312848794409558017
1315270291677999104
1320728838309965825
1318930962881925124
1322347563232698371
1314290679778955264
1313514840854589447
1319658715662995456
1321575025598750720
1312952218778132483
1313190402359353344
1317822680553320449
1315332648626159618
1320456458379509760
1320518070339776512
1315754214627454976
1320779729465692161
1313893498983272456
1313524961194041345
1318932327100239872
1313109040487182336
1318713385350037504
1314602751037374465
1316085962510925826
1321226444740030464
1321633854831185920
1313137647167180801
1318243813639417856
1319448633134206979
1320908975278153728
1321155674697535489
1311755922385985536
1313244941259214848
1319337825490268160
1316697057600696326
1319311816493879298
1316477706293456908
1319720283599589376
1321660601819693066
1313212372883038208
1318944061357617153
1315334236031733760
1314966929375813632
1317115478406410241
1318926414121500672
1314363234594553856
1315662510456963072
1318747959065006081
1315346087322947589
1315825506009391104
1320092914702311424
1317284334437531648
1314292314857246720
1318323381494714368
1314236331527028737
1316540541719334913
1318952476729638919
1320783444763357187
1316560548171968515
1311758586519810048
1321592425660534791
1320454283989372929
1321272685570203648
1321272855091384321
1319333548021682183
1312509521277845504
1318958998234619904
1318054187129765888
1314366928169906178
1316633516025819136
1314227929694511105
1318591685220274179
1313572435371806720
1320422664448606208
1320529019939352577
1315239620766883845
1317245061793423365
1318548146474070016
1318698447013212161
1320367579224035333
1315381301017542657
1330933741863235585
1332062843437518878
1324353383726080000
1331323184742756352
1327228258388234241
1329410875606896640
1332103119875035136
1326187280344768514
1327377817449996288
1326576127838621699
1329244047047704576
1329073810482499584
1332732782699679745
1322936538271985668
1330594588994772994
1326968017004212227
1329158156698542080
1322687408769396737
1325903835735355392
1324404928119508994
1328885647231373312
1327803551217831936
1331029777373929473
1326566156681949184
1331338072718536705
1331342735077371904
1328148324705128448
1322685891106820096
1328355716453822464
1324173246875504640
1331335345082830850
1329142851192586240
1326139340540489729
1329442586629730311
1326526467459719169
1332056541202178049
1326956812164362241
1327837785366081539
1325669694850949121
1327062951854043136
1322912789111939072
1328451957040746496
1330668402419982337
1332474665265053696
1323248570598764544
1328063138369998848
1331303902738845696
1323326916464529408
1322694485793513472
1330511125448941571
1332786590213677058
1327048135278014464
1327285254110015489
1325059460759515142
1323660872770818048
1324784812490690561
1328148639479439362
1329882216470634499
1332457001503367176
1331975282987773952
1325913260680470529
1332783089316229130
1331724357148815366
1325538892053966853
1327443981098217473
1330586539005382657
1332751445179969536
1326952691080302596
1331044164935372800
1332194077316681729
1329141732080898049
1325837847971188742
1328870545404923904
1331434718198452226
1332491337598455808
1325805725063507968
1327317630403940352
1331290981992460289
1328493801019764738
1330681780660101120
1331749139114127360
1324759663452155904
1327281912465993728
1325245004797759488
1329320964438560768
1332040589433393152
1322934393657303044
1328353501144080384
1330768854461497344
1328349880255918080
1323705949979242498
1330958329565286400
1330987606738341890
1333115275319799809
1332874607364247553
1327620847343951872
1322682877386002433
1332871913685782528
1330350265669660674
1331245875214037006
1322837772093317121
1322842977236967425
1327312417664225285
1329323534158614528
1328136467919499265
1322970306663821317
1325558866961068032
1325847107614482438
1336916433142353921
1337567869966700550
1333939121711173632
1334248116082511872
1344392671939366912
1344704406135205890
1339639025972498432
1338889037340438530
1337661056500387842
1334480810976698368
1343927655377358849
1334216314873896961
1338894645548429316
1343709947402596353
1334948195743494144
1340164966222094338
1335091537722667009
1337432406660362240
1343634464514043904
1336681333507108872
1341843125501915136
1334366762960375808
1339769863305220097
1342946906314563586
1339283460373024769
1340028399448969220
1341597611422203905
1341090115242795013
1341813413371113474
1343577212847583233
1337465185095671808
1340830867854278656
1344241832386048002
1333883960351461378
1335624480396365829
1342560077387993088
1341871215561027584
1337580642255724548
1340717288929046528
1342937437149024261
1337077150004834305
1337427752903958529
1338585587473932288
1341814569212276737
1339582771644096513
1338678526694862851
1342509575644336128
1343252020208181248
1338915360242872322
1340391462085783557
1335934850264682498
1339680780876984325
1335970209509896202
1339642033955360770
1343551207256813574
1341551700457484288
1338901822745030657
1335621168599101445
1336057910498037767
1336036560475721729
1336878260949413889
1343995862389764097
1337703750912380928
1339321252561833984
1334943451851452416
1341838565534277634
1343287656709500929
1335994523521048579
1339720000446357504
1338218097992491010
1341490823465033728
1333881649864519681
1337900900292173824
1342896653934718977
1337104669710180356
1336858181130137603
1341067773359890434
1342395945858850816
1338601043115077632
1337942110868160512
1333855817754431502
1343360013121839109
1333804056842788865
1340688251288481795
1343956211373240322
1335629481852035074
1337159558410723330
1341361292926308354
1342262191563579392
1342983713462902785
1343713351029956608
1334557700005523456
1342198792594976768
1338956838872616960
1335705576135745537
1338986159813365760
1340010243422609409
1343582730844426240
1334269669952397315
1335407084242784259
1337576673110265856
1337690775396655104
1341509769115430913
1339180846222340096
1343934888441827330
1333855768311984137
1340473241572319237
1333871136027848707
1338345018034098179
1341010542035668998
1341949390810882054
1343531326184501250
1334559941588381702
1339696887369232384
1337175193341587456
1343989313873321984
1337352470624919552
1343051830146818048
1338556292034662404
1338908366421299205
1341034282161201152
1344290605275480065
1334926886946951169
1338217337288151040
1335644423288459265
1340361265726808064
1334940545521754115
1341846245099397120
1336018030069944321
1343742044661923840
1343890980810985472
1334925693420003330
1343879444918886402
1338939288616988672
1343688827823644675
1343593218332651524
1336430351867138049
1337852008850620416
1339307500731064320
1340453932775161862
1339594457700683783
1343913734369120265
1333915084146536450
1342967621189206016
1334559748545458176
1334610011830382592
1336845893937532928
1342627723731107840
1338234215633129472
1339660660825833473
1340379284611874818
1338292630371913733
1333704275571171329
1340732354990538752
1338900200061104137
1343169767310557185
1344704554466734081
1336684707992440834
1342968835410862080
1343031932985233412
1344360332538494977
1265732211988455427
1261834614882082816
1266029316091056130
1257716437768196100
1265844399122063362
1258049728450899974
1260620509110079488
1262899814900969473
1260615583185244162
1258093417323737095
1264956777197645830
1257835838244704257
1256980879869689856
1259903789596921863
1260288037273038848
1266849857685331968
1257341615779262464
1261012332022546436
1260994972033191936
1257384796885565443
1258825530582929408
1265167820163293185
1260947719503220737
1259156509906345987
1264214798872596481
1256557635459039232
1261001361140801538
1261477250370695169
1258131665962053636
1260946211172950017
1258114730398560259
1260587397059883013
1260613730452340738
1259947914513825792
1266367595172823040
1258688373914578944
1263137682017996801
1256937380579139584
1262842718562275329
1266839052449271808
1265770277310541826
1257902073485680641
1261330527489048582
1258150242710515712
1261300327137058818
1258889589005189121
1259901047289655302
1262047210788859906
1262770447193567234
1260653757131419650
1263481443503800321
1261170212214358016
1265024206787526659
1259901392866537472
1265006106155327493
1257880721517096960
1260624731876851713
1261338309181071361
1260275081785245696
1261752097885782020
1262861662144598016
1261739397122228225
1256576648251613191
1263504306726227968
1266150675458732034
1264277891275198468
1259170635353411584
1266093397699420162
1262540289593561088
1256084836361658371
1257326208527679489
1260711743287963651
1258870206925025290
1265361843415134210
1260662133735464967
1263862156442861571
1264993296126009351
1257783630941818886
1262796023564468226
1261095199528423429
1261074179996213248
1266372001108602880
1266479752061149184
1263484173786001409
1262457917334261760
1260609353327017984
1256419974278774790
1257999122847629312
1262460299107381248
1265294627927621634
1263839384333193216
1263592218377326598
1260685583757840384
1265062640705056768
1261091932186439681
1263901492953714688
1258548166388879362
1258155050263814145
1260649296619167745
1261402568237826048
1264395528093270021
1257378753304563724
1258794658257203200
