1187881783133720577
1182380890640568320
1197153899641217024
1206041525903405056
1213381662547070976
1244884941953019904
1240672262702788608
1238284526742163456
1239961078647250944
1240171878058209280
1244884937758695425
1239582835209416704
1250929231829372939
1245681897474265093
1252501860910616578
1270666751680929793
1273240609667477505
1267483347229593600
1271072139681116161
1284474637657624576
1287326063937241098
1281333376616669192
1289886925604569089
1298343018517340160
1325244593764438017
1331440163768164355
1331440163768164355
1334861773887819776
1343944113834532867
1266029096611590150
1261644198148665344
1257114394070331401
1256908990858121216
1257959599099043840
1261982933411229696
1265745820407791617
1267080020104671233
1261326976687566848
