1178927653438533632
1198841548152229889
1198949582979436544
1199915871692562432
1199207843112443904
1200316489926139904
1190635263585857536
1204401096111853570
1215559041319165953
1215257045085163520
1220111071467405312
1220752380528136192
1220526819285356544
1212808678644101120
1220742200964894730
1224291170936901634
1231467837425901568
1241012966016921601
1240926251981946881
1236922644567646209
1239184593397395461
1240400736363651073
1234825926195785728
1235792315521945600
1238370936178393088
1237115341748285447
1240548566013181952
1253896519280975872
1253640695514107904
1245199259013701633
1247826663737565184
1245984417836867584
1245174480546258944
1250272747239825414
1252839576663584776
1248100082592800769
1262079654783000577
1269716442158698496
1272740704800907264
1268760379917647872
1271668920060125184
1277497095344336897
1270059153457909761
1276772315947130881
1269480202305929219
1278206724369985536
1285545143156834304
1286873842900664321
1284457916033118208
1285514918599557128
1283703061115023360
1296295911434465281
1295571180716470273
1310435204679557120
1306926247021248512
1318824395025076224
1318462085966270465
1317737178525564929
1317797654269747200
1318087893479456769
1315140130680774657
1320213590465482753
1316228489389977601
1325824819074539520
1262079654783000577
1262254089993244672
1263078310155710464
1263637062772817922
1262031211427495936
