1229357112712667141
1227396140171051009
1238908891787857922
1240366623753736192
1238850915551064067
1241670510540394497
1238618260528140289
1238376191637282821
1238121830529093632
1238111924891660290
1238111924891660290
1238115758061674496
1242693545942757378
1241460581112205313
1238118137066917888
1244182876217802752
1244182876217802752
1238107090322886656
1238319161765289985
1244122362951450625
1240821542172479488
1241089054873026560
1248739601977692166
1246012228714860545
1254853125548265473
1248006327378440193
1269916360974446593
1267492021683576835
1340660568689176576
