1196873294147981313
1210170269052088326
1205405453435449344
1205514622352031744
1234867429014212614
1236638344047669248
1238090103043612673
1238188367222898689
1245890358342553603
1245906527115980801
1246605980827181057
1246605176842194944
1246432346066358272
1246278102935715840
1246546218391687168
1246535650133803008
1246673472882790400
1246500211607752705
1247580029715795968
1245891526892363776
1249477281321562113
1246637221920325632
1246630133122969601
1247619107492638722
1246550617499283459
1250093643148427265
1246196966360522753
1246316245491875840
1268153486157512711
1268325254461403138
1271202402033639424
1273609666447228930
1273619923064033291
1275429137616973824
1268080890418204673
1286696494242893828
1290663008864280583
1309202167081897986
1305257929524772864
1305293808276512769
1313251365284581377
1315401500265414663
1315768294289408006
1313974738834853891
1313904653898338307
1313207297859112963
1315401960753893378
1315407098122055681
1315422005693419527
1326894820443480064
1330291863903985666
1326925893911113735
1327830647335907332
1326098569728847872
1328532446007070720
1326097396623958016
1344386940737564672
1343256522307096576
1343309729494429703
1341874611961679872
1256179212567949313
