1181725596939763712
1182113978127962112
1183131403032109056
1188588183014928384
1181978476624187393
1188150745394139136
1182004322269163520
1181605121102401536
1180202281503002624
1189014217736753152
1187378399939092480
1190867085523668992
1194070525401862146
1194296409618436101
1210038115286560768
1208154214159044609
1200977027714695169
1205932952410116101
1240383027714367490
1241095415598141440
1240223002408751105
1239308193521471488
1241178221581721600
1240216881316978691
1242992663512543233
1243005910550638594
1242545001189511169
1248792204002209792
1245255177210187778
1311073055565897737
1311402702698577922
1319616867753992192
1267096500925919233
1258879522465701888
