1179184257853542405
1179195939174510593
1186665132539006976
1186932304947699713
1193936662038040577
1195422940449431552
1193981868053585921
1192894659913273345
1198023693022191617
1202616852033216513
1204173929327280128
1206305431125200898
1204144808681299968
1208865001580253185
1220443099496927232
1222265225711423488
1219347686652096512
1220333655563931648
1214972700235616258
1220110288508346369
1221478028687171584
1223712709176373249
1225464402859745282
1233557648198524929
1227057954584576005
1224339256878886912
1232449826396094464
1239612611668385792
1242170732353904650
1244658710946988035
1242868780868546562
1238536071656476672
1244718876866121728
1240745012016689152
1239657744640155655
1243573869593665538
1239627554904059904
1242113990202929154
1238686838564536322
1234999237252829186
1238878348052508672
1242873956056608771
1240713182559248390
1241062130138460161
1239627368991526912
1244768117651386373
1242496616382304262
1244659441850634240
1234916534612525056
1244761918578913280
1245003102459179008
1240381457333465094
1248708969641713666
1247985104963674115
1247050184271462401
1255542840207110144
1245410742519685123
1250133214192111618
1251258881952620544
1251227980677906438
1255595263269441539
1252274352600604674
1252363973380304898
1250665726538584066
1252749144164311042
1250876833907781633
1253156197521227786
1246226143700754437
1248320807916445700
1268255743687483394
1275187068415750145
1275533447692345344
1271156488627785728
1270436045545299970
1270450860691206145
1273375209849081856
1270439288782667777
1268258946554478593
1280278382828191750
1280215268539666436
1293985852847280129
1310731093700734977
1309251347678724096
1300803141609418753
1312422219256082439
1316835236538454018
1318915090092089345
1331659219737714697
1324864235092979713
1324991920507146240
1325528598447599617
1326161468744667136
1344342717653012481
1340779066836840449
1266492342443429888
1260628346637103105
1258773130320855042
1258550465333096452
1256261078343876609
1264587149179080705
1263530272609484803
