1182721049101787136
1185036267182002176
1203489287993344000
1221346235254300672
1221232172205584384
1233399171815759873
1232796999776423939
1238551513557012482
1235241607903039488
1241908030490345472
1242541496244420608
1239254566979481601
1241180700440657921
1238156577904959495
1239544649687207936
1243727020426588160
1240354342835826690
1238895316474175497
1243242842560122880
1242165447522275328
1241527376443584515
1241452927539204103
1243265152063078402
1235743245356826624
1251575817337024515
1251893405833199616
1251287467308617730
1249496092644986880
1250478159566385158
1255488763226198021
1254970588881227776
1255092071838429184
1245488200291962882
1251319402764656640
1255096422954930177
1254760955025768448
1246502328502562820
1252430873804148738
1248623962646392833
1245448736093831170
1254771256227840000
1257659646875242497
1270731997426659332
1273090851997089795
1272385685820002304
1279107230370013184
1293692396669214721
1300423055022284800
1299454737012666369
1311108212222033923
1300632979908309001
1317129215297392642
1315768700537102338
1313256366958665728
1318561507559591936
1324736722278768640
1332741559834472449
1324744083244568582
1336578541656260610
1336762911692230657
1257659646875242497
1258481327831166981
1261005475757375490
1262184076154372096
1257777363011530752
1262540642359574529
1261321928176001026
1257251788559769600
1261443387233677312
1258840381220741121
1259921622435352578
