1183850088302567429
1184577511000289280
1179076089873870849
1181791297759256576
1180420561454927873
1183353160469008384
1184456970172022785
1184886316627972096
1179607146314571776
1190030482236465152
1189270408966672384
1181546486250688513
1179862492073398289
1198334258487726081
1192638665589178368
1197244426462072833
1197610890033582080
1193501002005204997
1198962436218458116
1197527186456137728
1190248541991641089
1199464111769292800
1191480240335413248
1199900754435346432
1197661347309211648
1196999148727259137
1200955132944560135
1203143052665081856
1201841188053114881
1205149133033611275
1205142861852893184
1204835038828912645
1200965042440564736
1210785074284597248
1204408000368271360
1205646665996214273
1206707021300588549
1204868424934940672
1222889812300050433
1213867252489080834
1213889628589178883
1214447444043284480
1222591416435531776
1223285071282679809
1218352308557316096
1221482523760451589
1212511764350418945
1221477912811130881
1225977991219437568
1232893124822913027
1229365669625520133
1228486790375301120
1226950214373826561
1225858297540022274
1232500521182912512
1232717585793404930
1232702294099144704
1233113648735891456
1224748005682708481
1229657152505163776
1223702351850065920
1225886965918294017
1233240724835119105
1240447346103570433
1242867712625446912
1243674226743271424
1242285131987025920
1244323614033354757
1241741483063103488
1243222483999825922
1238080593193095177
1238272262345830401
1240658466110308352
1235052374248632321
1236285159139409920
1240417137459523584
1240626669867671552
1240697765493010432
1241009156120854529
1242475404369235969
1240372226173607937
1242493752004038659
1235593732310700038
1238310879604719616
1238568921298546694
1243212240918122497
1244978056273551362
1239116364683661313
1239358966955757571
1241033121367195648
1242451460975099904
1244680630572646401
1243538381176557577
1240372945035427845
1238809819752140800
1240978240308744193
1243961137986666497
1238554021729906697
1242868897499492356
1235226713417805824
1238375694595473415
1240253188093038592
1242278002702065664
1239909015880114181
1240989574626717696
1243303716834496513
1243668207312891904
1243649000600936449
1242423875482386433
1238233698568413192
1240008775773405190
1241847197047627783
1242278004098846722
1242390757140582400
1243160846433476608
1243949343964528640
1240412689794576385
1243550810807697408
1243659495277920256
1244716043341357056
1242405936926466055
1245098578344906756
1242962468349100033
1243577403168956422
1238145463305601024
1238249916176035841
1239661995361787904
1241305279234441217
1242550367856078849
1238472504051712001
1241004019578851328
1242131767999389697
1240427810507952131
1243009794774048768
1238929347538571264
1240427769764478982
1240743110856060933
1235181710599430144
1243857868853587969
1239983029306773505
1242079237923835906
1238840081466695680
1240410434643124224
1240656846450503682
1240435320837062660
1237014038640357377
1242305366655991808
1242943165759459328
1234974125350801409
1242861412583723010
1244763837984882688
1243402867861405698
1244974089716076544
1245690045618622464
1246207108716154891
1247615479994363906
1250191013320196096
1250623190214144000
1253286040137338881
1245299385337925638
1248677544985067520
1249910359860957186
1246826853798760448
1249877262637256704
1252962595142656002
1250883734787809281
1253011938239488000
1247923459595866117
1245720177624391680
1251412755451711489
1255139813407068170
1246805345974059008
1252741483993739270
1245540134184984578
1252379063294939140
1254120719652249601
1254893239284482048
1249428338470461441
1253701861623975939
1248634515519680512
1250499129525989377
1251534721529438210
1245241218709311489
1245466242456133635
1246119639329001472
1250416127185993730
1251110661364625408
1253111474811285506
1249464823466909698
1246103686771666944
1249381794727723008
1250068868321742852
1250382347645698049
1250788403869822977
1254769146492944384
1254841423918219264
1255577052360642565
1251598783567323136
1250589754560778243
1245957786841669632
1252990673499848711
1245559808977182720
1246152880068767744
1252200686965739524
1252552701566750720
1250380878523568130
1246792232767717377
1245432052721352705
1246241094859399175
1253724789954482177
1251689837490569216
1246150490733379587
1249933306893873154
1251853769438044161
1252584835337641986
1250837244220407810
1253017552378306563
1245216701773275142
1252982652438798338
1247720935408439297
1252244661181321216
1245836361094946817
1252694985809571842
1247714953412435969
1245747507046633474
1250163024641613824
1252266958952599554
1245380276655501313
1245836356896481284
1249315065716768769
1250816342112047105
1252258738624479233
1247113919262580737
1251950598645264385
1245709749884260358
1250519283647512584
1252961594339782658
1255202768748457987
1250068939050299398
1250905275428745222
1263575632971063297
1263620591187353600
1265756585713901570
1257877767460274176
1261673397794287618
1256685364586127361
1265031410651246592
1266928848752521220
1257380778025127936
1273689607993868288
1277673198511968256
1270384485780074497
1277927376891138049
1277683194465153025
1277021439137325056
1272291631602061312
1268323547086233601
1274869719259123712
1272519025772257282
1273643866789462018
1272910070012088323
1274687250236874753
1271525262581288960
1273597928448364545
1275863279521447942
1273314771488722947
1273232226587729921
1275074507548405769
1272476459140100099
1272509397705658369
1276188584069009409
1274026043742072832
1274135864038379522
1271498657142116352
1273649587677470721
1273479385798995969
1271076101096341505
1275089739847254016
1270789343897178114
1273831291352346624
1274051793144741889
1275585091348172801
1268574734175748101
1270903651670855680
1267428430192291841
1273775041029697536
1269016434421624832
1278416567936659461
1284256486902820864
1286511479768911874
1289286183634296834
1281287272533569537
1278181617174011904
1283121938144153600
1284259193059516416
1279251701602672645
1282736683994284037
1286247237358686208
1283161854085345281
1286985431926607873
1287145689844195328
1289229441646952448
1289234737018490883
1280646589883662336
1283042538719531011
1283119206087700481
1288995700877950978
1283972401206898688
1288632924586291200
1278137998794723328
1282721531156729857
1285956179244482561
1286410764371333127
1280905787854983174
1282354080313212928
1280862347880468481
1289014838933565441
1283067576340426752
1288217803766497282
1286085270870401025
1289254502164393984
1288462312039473152
1288903436831006725
1288934919109070872
1280902372550737921
1278191232372445185
1288966682741014528
1289231379700441088
1283810394528595968
1286052805946552321
1280141850318385152
1282354084880748545
1281655678499803137
1289261626189844481
1288797998558797826
1280712422483877895
1280557198930821120
1288947476989448195
1282745447745048576
1285950608315428865
1291056039144677378
1296792962152697860
1295761413273800706
1300546138362318850
1299385150799777793
1291019751163080704
1291556430340747264
1298723478758031361
1295019233458434048
1298631231115059200
1289923943583772672
1291058444062031872
1291029433487437828
1293571088904003586
1291162126262964225
1295426724574957569
1298716959589019651
1293239545241034753
1292864927565139968
1291421470434848769
1297881441834078215
1293298379557019653
1292501165020676099
1294000868740734976
1295842451366846466
1300485189408141313
1293707049013043201
1289697463830380544
1289657341973893120
1298302796589084674
1300331245872852992
1300184446549843970
1297592516091363329
1297889745704493058
1304468750473674752
1304784960801378305
1306579552655888384
1303287068987215873
1304555964478169095
1306238829968461824
1308466277342683137
1305886360658731008
1301490592858419207
1304437291209940993
1304222653432172549
1306220055747756034
1305513548626493440
1305862815950016513
1309596674482987009
1300847136528097280
1311125434021457920
1304495502424182790
1318540359295815681
1322264775515099136
1321450722471387136
1322652808328454144
1313932096088551429
1320758735313211393
1312028068127670274
1319852183156830208
1314425873119010816
1318195440911876098
1312845065480437761
1314600620767158272
1317687468787929088
1321158951539515392
1315388931479949312
1320904561180188672
1322651112969785344
1319657902370639874
1320728555458830336
1312159183182028800
1322529541093531649
1316361791899930624
1319224479869030408
1314343077079777281
1322525648750104577
1321293111298019328
1313151419936133120
1315011773305630721
1318671514569420801
1314334017878196225
1318160053589999616
1313552725456625666
1313842549463937025
1328719402636898304
1329880274742751241
1322751956625051648
1328460178635825154
1322924174743080964
1323879653971546112
1327733044946608129
1326317270906281985
1328785369551175680
1329824417749364736
1331713186551107584
1325271921643163651
1326210136201961472
1330228236412985346
1330646148273610752
1327974665306968064
1330200893741019138
1327653533290815488
1329963492196151299
1329394011736596482
1324829261220532225
1333402941890441219
1331724227217657856
1329578064024580104
1330243042314424321
1333466211028439041
1325475783792603137
1327013302099210244
1339609821323145216
1339555675244998661
1339575169724112896
1342168972184215554
1341697463669977089
1341583701004738560
1341956832932327424
1337124965414555654
1340027548856672260
1341437796335165444
1337402283034755072
1344684091598372866
1340169206663266305
1334564308999696385
1344442162226864131
1339186307575259146
1338509963627524097
1338513060533776387
1334829945726644224
1341512872912941056
1336319208964182016
1344656068983590912
1340008145725378562
1263575632971063297
1263620591187353600
1265756585713901570
1257877767460274176
1261673397794287618
1256685364586127361
1265031410651246592
1266928848752521220
1257380778025127936
1256336994080260103
1256443160466616321
1261053867464306689
1262760735811211264
1257814891622260738
1260991803328790534
1262288472414384128
1256020228112125952
1257029708186869761
1258766106707271687
1265258916889444360
1257785142908723201
1256953073672560644
1258066206508101632
1258773760657817602
1260931887683403776
1266355832343715840
1263873483617910784
1256792880670076928
1259099730447077378
1262455533505622016
1266001215755870209
1263124523022417920
1263513079024717824
1256400373142732801
1266074571016413184
1265340932888485888
1263858165516390401
1266093153335095296
1260984294849294340
1265228741887889418
1257327932344635393
1266086230099292160
1256137076799610881
1261672619096539139
1258039654424723457
1256732495858536449
1258393959681929216
1261030026000117761
1260661233197277185
1256358274556887042
1260335494900129793
1263800640620331008
1263869699823030273
1260540462970142720
1258056554961678337
1263854651532869632
1260218659668099077
1263665902479958016
1265758735621697537
1257408091307597836
1263168496076292096
1256341397658976257
1256484168034369538
1262017943950569472
1264941883094175745
1258064086589493250
1261061541996032001
1262325831042568192
1262432651580932098
1266046644279107588
1256225095552548868
1258673636652863489
1256944428616503296
1263214242456616961
1263866992156725249
1261063688577900551
1259825621947072513
1263507445940436994
1256965136364994560
1266487210196340736
1258442564740546560
1266053032204275712
1259984076032933890
1262462196396720134
