1181459067006402560
1179457890089750529
1193094012166537216
1223717918229303302
1243850295437709312
1235885562105450496
1241873424227553281
1241981750018015232
1244074427865649154
1245827753493975041
1255955987871105024
1250366375404679168
1275343669466329088
1281379125190696960
1289199470781947904
1285315066506743811
1286349487351443459
1287092818691973129
1289085157895413760
1292871270497804290
1308997658313396228
1310442623186870273
1322254787975536640
1333230961849352192
1328072817439625218
1344510088975941632
