1180946580460826625
1179832268363141120
1180889122564661249
1179749678830612481
1180918462971023361
1183913141660459009
1186010012948353024
1181393225539559424
1179853258870923264
1185532596643663872
1180569077435310086
1187525393647058945
1189574889100976131
1189572938267279362
1186414183899975680
1183553722657443841
1184224120931864576
1187513930626678790
1180578632185462784
1181926423059021824
1180695763535446017
1182743143655100422
1180473285437472770
1180806921546293249
1180995309226192896
1183905453467668480
1188568837807058944
1179863243273183232
1182078933254078465
1186061908727738368
1179906486274801666
1187444539230842880
1188074907827089408
1188144540059865088
1180536963020931072
1179893923868794885
1178829423346368517
1180473562303520768
1180099640563322881
1179569283744985088
1189903839811506177
1178809538557947904
1186079065935089669
1186624705849151488
1189855446976401408
1187785960613961731
1179091040839634950
1185634770660802560
1180913111722795008
1186377223906791424
1190310557875720192
1195448465922367489
1199469540574449664
1200572731605049344
1198220613002956803
1199452536463192064
1199480787529129985
1199548715553263617
1199740817755267072
1192523895418568711
1198813964416602113
1199371074766561281
1195693259311460353
1199853920081862657
1195421825787944961
1200204099540672512
1192524161941491714
1193326988691423232
1194070782000824320
1196177631462461441
1200572966112833543
1193507690896596992
1197225677956767744
1199469792174002181
1200016337143287809
1200715506648567808
1199021199327559680
1199631119961997315
1199740506835767296
1194872511802093568
1200451089641988096
1190413578420908032
1194809184547745792
1194933230794764288
1199025178514272256
1195410401774768128
1198395611969654785
1199810714359214080
1198314178093756416
1190408453359099904
1195057929759731714
1198581973293436928
1200573592402038789
1196168272569360384
1194809087780904960
1193552436557991942
1199138620768182273
1200479770024087552
1193299026197798914
1192628634386927616
1199455963885064193
1199854085580754944
1198341581499187200
1198345473024778245
1199776717461692418
1196334440701681664
1194349449218277376
1198681058310578178
1200542425598570501
1194994890230435841
1195692576856252416
1198285218672566272
1199452798011600896
1199837599935819776
1190841600466989056
1193317706503786497
1200555888139894784
1200467818782674944
1201627549094289408
1202380970491437056
1204597057224245248
1206980060412030977
1211541818992734208
1204162982726504451
1201939974976942082
1204900286826864640
1206230508624941057
1208878134721994753
1208813320687542273
1207436416734679040
1203114807471300609
1204184697267470337
1210543688138420224
1211871356398080000
1207107147907162113
1207387677898739713
1201626988659855361
1203130294464909312
1204148752795222016
1201527206649958400
1204934920755458050
1205115693068378112
1209610234068701184
1206272913713901570
1204180741959098369
1204613928589938690
1204813937264381953
1207832191977213952
1205876329687764993
1204780150338064384
1205876787303112705
1206085024396656640
1201966141985427464
1206222039918563328
1206289445000867841
1206730952313122818
1206635816879042562
1205991519620141057
1201882698580660232
1204454137292832770
1208465697908707329
1220344287365341185
1213515965482315782
1217589550220042245
1220087204934029312
1220370277646962694
1221933823295983616
1216902583736000513
1217805078356209664
1213526577369235456
1213652302931857408
1220117429415792641
1223050010943602688
1213508985824927744
1213713176627298311
1213800573574746113
1213886132917874689
1220189500850233344
1223273491069382657
1217590580584251392
1218969256802447360
1214569566791184384
1218573511494635520
1213627308575084544
1214591051186479104
1221410575898566656
1213843278115811328
1214756760831111168
1213507683363557376
1213623335361363968
1220546470576902144
1223207114719580160
1213557918609489923
1213635300746022912
1218055434684321792
1217089331267063809
1223026616051228672
1223077593114648577
1220095455083794432
1218573680017657856
1220112287979073536
1218930253269209088
1222673824757448709
1217594116323905536
1220137320416006145
1214357989634826240
1222958180361232384
1220869587677392897
1217480310201503744
1218719747182866432
1213610468234973187
1220089882808389637
1219757869043789825
1221716476530495488
1217153382521196544
1217600533302841345
1221931533562470401
1213635577033170947
1217610892998840325
1217642438950391808
1215907728746520576
1213506203751452673
1217193618517172229
1217601320624041985
1218613425695264768
1232434274961219586
1233847720839974914
1233886864773279744
1232427555267006465
1232673913844441088
1233801082607980545
1228480564883345408
1232706121451872258
1233820351227822080
1233827151855546368
1233847510877265927
1225601035131117568
1226542059395223552
1227770773198327809
1228130323214393344
1228717326087774209
1233728000853757952
1228120602608914435
1223770814547472384
1232496764474687489
1232829205064409088
1227754926169870341
1228112205469691904
1233227649566330880
1233292424799191044
1233485977219403776
1233598293420081152
1233709375614836736
1233874238114844674
1223415933701480448
1233843583737716736
1231350073935593472
1233425687505244164
1233786515756605440
1233862958041780225
1227217851548946432
1229088501297221633
1229250468498542594
1233196661037502464
1223475620556017664
1228868661278105601
1233275960457355265
1231015061671510016
1233116038562287616
1233860351718023169
1228516944044789761
1233394844535529473
1233808974849413121
1233851932135116800
1228338096229560320
1232867348660408320
1233095088135294976
1233115712539045890
1233486181473628161
1233684496471543810
1233774535096328193
1233823320795160578
1233774478112575490
1233764414492479489
1226248642140438528
1227771575182729216
1232519158375604224
1233195802580979712
1233555960242810880
1224404746905108480
1233115434406248448
1233545518254612484
1223622853142016000
1223704553117319176
1228107343558254592
1228448163394183168
1231004411285168128
1233189513834516481
1233211411691692033
1233246403649949696
1233370958393729025
1233819751438340096
1233233733601370113
1233243571513217024
1233391892575989765
1233459034923184128
1233447293052805120
1233600193611915264
1231169227308064768
1233748632891002881
1233800398902833154
1228157975799455744
1233468185275502595
1233882443070898177
1227771053449064448
1233194833705086977
1233479268979572736
1233492377760911360
1233497796654792705
1233842200951304195
1233844479293100033
1225966434469044224
1233481558541119491
1233803499923804160
1233879710079295488
1232822674352738304
1233814619245989889
1233622933714743296
1227755135276810240
1233187921479557120
1233885949051801600
1232472052377874433
1233388065563009024
1232240184814686209
1232427798201012224
1232507077010083841
1223555246280118272
1233169788173783041
1233833956648329216
1223466465631916033
1233150119450726401
1233181642614767616
1233232318732566529
1228155382545162240
1231005168939995137
1231237603053199366
1232140439240790021
1233232464421773312
1233479171537547270
1227065467065507840
1233231911335665665
1233312999823347718
1233423618941628422
1233836601517670406
1232271806389682178
1232840562862149634
1233043265093537792
1233143536637423622
1233188592408760322
1226541608025415681
1228108451232047104
1228162363095838721
1232144118958215169
1233509519726120960
1233881740076363777
1226659866217000964
1227306735527964674
1232830337903931393
1233752258124435463
1233196052133621760
1233477096275574784
1223737614412517381
1232521546410926081
1232875210963111936
1233096762480627712
1233578809632444421
1233793824088117250
1233225805272166400
1233609331133816833
1233879889511698432
1233199179452813312
1233223486849503232
1233749120847839238
1228120958801719296
1232181929660669952
1233253364768628738
1233842866247565315
1228115188823609351
1230804723546152960
1232675175642157057
1229504709406294016
1233329053890904064
1233547993162403845
1233603905126379520
1228447815661211654
1233099021058625536
1228490092936941569
1232970958517960706
1233188355304804353
1233498258749771777
1233596840198754305
1230928677191536644
1233391942282682368
1233458949027979266
1233766088187445254
1233891943806992390
1235304263221473281
1235563177040994304
1236379575824855041
1236629454404935680
1237004235390291970
1237878014563647489
1238443798281236480
1238834027018272768
1238981013705043969
1239287311822708739
1240044136318799872
1240313377081012224
1240730761126457351
1240756221600321544
1241383844961488908
1242486067418337281
1242579207206535168
1242799101986643968
1243202510015389696
1243203701327589376
1243255249340637184
1244041677855166471
1244278784284483584
1233957110691614720
1234276333947117568
1234291185201680384
1237103361327017984
1237108199414738950
1237167923405307905
1237359693145821184
1238612649614741504
1238650134495444993
1238841720315543553
1238910539557785600
1239695799354785792
1240950028077805569
1241295603390390272
1241881455195799555
1241892183499628544
1244322406040133632
1244393554081984512
1244398947931586560
1244460626585493506
1244718137460883456
1234238313428549632
1234596782409207813
1236533663266979842
1236625946683285506
1236747493083418625
1237172472551784450
1237918875498565634
1238282637992701953
1238868724548943872
1239613044910485504
1239701227128176640
1239718747021156353
1239734593365798913
1239885518156021761
1240009109732237313
1240299326871568385
1240633638036873219
1241189531602292737
1241836136110215169
1242096551490514944
1242582604580298753
1242903679801470976
1242916252462522370
1243244637730607112
1243530752190558209
1243598256883609600
1236089687795789827
1236132070835073032
1236744600263540739
1236973909238525952
1236996275113000960
1238570862925828097
1238574203357421568
1238609919311376384
1239935803020562433
1240091020823416832
1241152632158216192
1241508560795602944
1241510450799489029
1241580321147162624
1241902452074577921
1242564174909034496
1244023425783472129
1244088890568454145
1244706626218668032
1244709547270430720
1244764644675186689
1234938722115891205
1235639660845514753
1236085734991441921
1237035234895392768
1237184338208292866
1238132129290227717
1238173193195716615
1238196005016940545
1238258429707386880
1238639779547353089
1239378714170982403
1239651751004966914
1241154807701929989
1241229806131466241
1241932796584767488
1242209570644262913
1243596793037848576
1243620530009395201
1243653087769833480
1243738911282782210
1244320698652377088
1244595731811504131
1244771409538285573
1235936083977875456
1236044721333710854
1236364202098462721
1236486371088498688
1236627400168898560
1236649963364454405
1237108030023569408
1237886962490413063
1239921192850481153
1239942009219158016
1240791330172870656
1242058264461836288
1242072683115880448
1242440742695559168
1242531220166238208
1242904471988035588
1243625797228924931
1236371238223785996
1237030127156039681
1237283183902638081
1239921694703333381
1240709212331634690
1240745465903230985
1241891552969908224
1241902149736546304
1241933114999537664
1242207693269610496
1242466401417297920
1242805229848014849
1243526703948812288
1244046987533717505
1233910975071477763
1234969720547414017
1235954889022373892
1236490073803313153
1236793707401302016
1237872635154804738
1238216885394640897
1238509511327068160
1238807537933324288
1238876136135770112
1239006959199825921
1239951384306475013
1240284899896156161
1240720109167161345
1241049653866627075
1241403394956431360
1241884609060765698
1242103967359930370
1242304320781062144
1242474720085319681
1242551316779597824
1243342263096238080
1243933237673701377
1244891843936034816
1236316440233377792
1236810068739469318
1236842277890228224
1236857681631227904
1237167001937891329
1237884409509842944
1238494743644037123
1238499164448833536
1238557778291154945
1238672480883085312
1239894998876913665
1240460920985444353
1240639549220343813
1240709177049116673
1240959313952342016
1240991033401528320
1241328966654451712
1241382071907618821
1242276374376624128
1243601387465949184
1235935073062567936
1236015979538206720
1236077303958065153
1237850515532214273
1238163414607953928
1239651443868655622
1240241781951922176
1240358445313908736
1240418067584356358
1240969783845310464
1241018171135381504
1241847061911232512
1241877475040407555
1241891457012809730
1242150279899947010
1242441959630929921
1242603479325081601
1242688847185465346
1242884581889622020
1243251186091929601
1243652933151047686
1244228975859306496
1244289905016082432
1244321974064742400
1244402903193989121
1244661410694598664
1244754416210792449
1244766486402609160
1235759475979685889
1236336942578425856
1236475739911962624
1236644006995595265
1236644564858998784
1236812630595076096
1236854161347686402
1237116819128733697
1237757812735791105
1238144561085546497
1238522850941648896
1238635546190241793
1238640967265193991
1238857305078108160
1238867705815392257
1241154090324889608
1242238441871605760
1242245487161458694
1242446763094618116
1242632471071592449
1243182434163646465
1243284622038962177
1244262473689153538
1244324702908223488
1245082729458401281
1245107329441443841
1236072154690617345
1236278123752304642
1236350957644062720
1236463500010061824
1236565595853705216
1237025491548323841
1237229965466198019
1238252412848222208
1238416566909362177
1238568292345929730
1238697574225326080
1238834825378893824
1238866938824134657
1238883323742650368
1239619423469621248
1240090894855835649
1240261715855638529
1240334670010580992
1241090678546935815
1242238043618238467
1242294065976061952
1242804671690964993
1242939275643060227
1243595775088693248
1243919500430512128
1244341947369570304
1244423082246356992
1244924833969946625
1245061590178824193
1235330191599300609
1235370485510266881
1235932922013716481
1236340167247527937
1236746787551170560
1236778202942578693
1236794191046377472
1236821971339337728
1237140128998531074
1237448342088617984
1238302241850712066
1238492353784090625
1239580803107115010
1240132557892734976
1240275514490839041
1240694750597931010
1240792937027358723
1242073785190227968
1242136411312177153
1242154649085300737
1242807140852654080
1243584834988998657
1244089659950608386
1244341796865540099
1244754592132485122
1244958589506256897
1234927282579525632
1236515232744263680
1237160099317190658
1237450127599710210
1237544033330716673
1237659791918497792
1238172007784685568
1238497411334656003
1238671806938013697
1239951795813834752
1239961895274070016
1240256777914134528
1242168597620949003
1242228991223721984
1242555849123348480
1242666428379082752
1243542291761037315
1243585554958045184
1243715532232085504
1244996543033344004
1235332733355864075
1235949395834617857
1236298452209930240
1236443308727173121
1236979881369571329
1237087834298859520
1237095202164178946
1237274037593595904
1237464406423826432
1238533555954860032
1238983657307754496
1239526483598737409
1239748420841152512
1240018461348282368
1240451717508091905
1240643275360534529
1240646989278326785
1240680925891002370
1241903474960465921
1242914042685140992
1243314770117160960
1244045862701092864
1238178087919144962
1238273743786577921
1238846269310681088
1240763075948621825
1240778301683027968
1241123263931015169
1241125817842896896
1241359794725847040
1241845647638224896
1242149727401058306
1242516657538584576
1242564430103113734
1243564844365877249
1243873972099350530
1243886869550477313
1244336637385019393
1244465425360072706
1244635251919519744
1244809998108164097
1245011787633868800
1237167674695680001
1237888180180766720
1238177833471610881
1239966196700610562
1240084502652862464
1240802586225192963
1240826688608645120
1241060465981227010
1241473052497584128
1241832132323856384
1242306371946594304
1242466001540677633
1242580643453829120
1242612761932312579
1243008629256720390
1243551627832942593
1243644601119862784
1243685056054538244
1243878447396552704
1244289496981614593
1244792919136993280
1233905873082372096
1233912258843029505
1235312254154944513
1235426983993106432
1235437857218625537
1235966946568531968
1236001197745717250
1236129815763222529
1236287098065469440
1236442969181429760
1236980829596856320
1237038611960389632
1237093825232789504
1237204201979035649
1237930145794711552
1238524022163476480
1238539702615052290
1238611139216445441
1238673731486089217
1240798884550414336
1240814932201025536
1240837895784521730
1242205432887853059
1242251973644234753
1242631117204840448
1243527712737804289
1243619746907590658
1243993476938768386
1244058298959175683
1244173199182626820
1244399434479345672
1244780981107724290
1235260562365435904
1236794544781328384
1237102267544805376
1237157185068527618
1238279785555595265
1239001453307428870
1239727035750154240
1239908283407896576
1240671862990016517
1240798785510477824
1240810515393392641
1240852614654373888
1240854245185925121
1241065445232455680
1242426915232899079
1242556872558669824
1243654236707139589
1243915240405942273
1244755669313454080
1244976775899287552
1234936575022260225
1235287955201290241
1236092181837840384
1236263473539158017
1236355632753594373
1239292500088623107
1239921419154227206
1240610119915909121
1240731292695748608
1241171655227039750
1241942043821256705
1242600043758129152
1243227451251195910
1243433981187522560
1243728170739585024
1243942657472090113
1243986664621510657
1244339481123135493
1234584914953211904
1236995105476747272
1237081959467278338
1237140126049976320
1237518666205462528
1238596297294217217
1239038617739124737
1239698605423779842
1239948604619591680
1240075572635721729
1240661156261486594
1240758003776671744
1241021981333610497
1241161397985316864
1243581673297625088
1243735351090348032
1243984546053439489
1244285687832227842
1244289075370131457
1244526237126557696
1233911787323633664
1234953366448623618
1237096845035405314
1237105900487192579
1237352784468606976
1238212416678301696
1238268527091617794
1238862776791109632
1238975461222424578
1238980776286474240
1238985597290602497
1239003617400696832
1239759383736782849
1240748619956801537
1241191921198026764
1241251080299675648
1241425542932463616
1241891740979732480
1242939276754661376
1243255861696442376
1243265953992970240
1244399195429142528
1245061434628812801
1233900242266755073
1235376820922519552
1235973978684043266
1236359402514497538
1236826837180964865
1238269912784572416
1238279468818599939
1238378198687035392
1238649534915493890
1238875908716613633
1239591633412333568
1239634425291239424
1240828576016093184
1241139415868567552
1241171951433003015
1242002150345056261
1242024091080589314
1242038496744935424
1242038531524038659
1242064398346268672
1242330698880434176
1243236184161169409
1243237574535081984
1244069617917521921
1244324399576158211
1244424389887655942
1244773851617206272
1245042037902147592
1235338610620149761
1235948557259231234
1236371812302204928
1236441062761287684
1236867632218828801
1237099874396618762
1238172543627825152
1238209797230604289
1238268113965252611
1238513976633253890
1238842587412410369
1239613087700766725
1240131989086314497
1240995798739030017
1241048801672138752
1241409314603929600
1241748810700861440
1243189041408991237
1243394688964390913
1243586039593209858
1244034921418686465
1235295640755855360
1235489011591819264
1236446576941207552
1236462510930309120
1236490762172289024
1236746969986600960
1237219524249817088
1237877019142045701
1238098752604377090
1238835409951522817
1238837990937378817
1239038749071134720
1239184899329974272
1239580603265224711
1239586176912297984
1239689038136627201
1239961271300169731
1240445107595329536
1240652531656724480
1241053892424548353
1241058239636213760
1241433801898823682
1241858080314286080
1241891532413652992
1241892182379773953
1241924710625050631
1242673367267844096
1242778798111756289
1242796794175774720
1243179953585360897
1244012918875848704
1244814800598765568
1245047475435704328
1234942802615820290
1235948062905950213
1236403979589951489
1237188889040900097
1237713567127728128
1237934616239132673
1238132310870044672
1238628215075160065
1239354662974783489
1240744371802308608
1241050050962305027
1241075373384839170
1242237769902153728
1242283177437048834
1242295907552354306
1242566376822358020
1244046892503310336
1244319838312554496
1244381180880777216
1244653363658215426
1244737301260824576
1244798929339740160
1233938582987034624
1235292371576926209
1236798905041420288
1237064739701825536
1237538565162020865
1238180634327240706
1238256905652506626
1238472569214337026
1238555023719751681
1238610889009291264
1238641204612513792
1239002880817987585
1239947531909562370
1240399063994052616
1240681452100075522
1240843175968886784
1241062970521718786
1241455415076032513
1241677645521321985
1241843987947765761
1242061613341069314
1242740432066445313
1242830713935867905
1242879741683613696
1242904723356676097
1242957121777471488
1243461145437941761
1233893012708765696
1235516659093385216
1236102421291495424
1236968355040579584
1237514484106887168
1238247205926047745
1238484449916080128
1239591544505729025
1239718528363757573
1240657362303811590
1240862822835372038
1241047908860002305
1241075597939531782
1241855027972579332
1242119172399693832
1242792191426285568
1243342483875975168
1243891555661840385
1244054942777778181
1235287247274078211
1236141101779738624
1236441244492054529
1237062866483765249
1237160135367286785
1237172942313676801
1237886431344726022
1238198562854404098
1238274328258646017
1238447192832200704
1238871715125415936
1239581964824236033
1239718810850070528
1240435166469857282
1240668209222688768
1240799415725518849
1241001720962056193
1241018970418921472
1242100388527996929
1242226370819821571
1242236390080942080
1244350707341430786
1244402198512930817
1244574999677108226
1244795289288007681
1236442516834091009
1236753960591134720
1237036918493319168
1237889492599488512
1238486460732448774
1238886564295585793
1240628725634359298
1240719762788880390
1241418117991071744
1241896872618463233
1242236820055674881
1242555709860065281
1242958720411283456
1243327591433605123
1243330218309357576
1243552150791360518
1243595773570428929
1244065040287875072
1244290239453110273
1244438147930472449
1244714699343532032
1235372325190557696
1235406674476912642
1235424904918585344
1235505179841253376
1235596021977296898
1235603345647128577
1236240067993059328
1236252447737352192
1236779371626627073
1236803944195731463
1237011381888495617
1237017212118065152
1237480688506396672
1237573158493814785
1237600383796535296
1238908167754379265
1240039858866814976
1240675263769346048
1241847807042097153
1241924258823053312
1242056663210897410
1242917978116706307
1243236702929317888
1243499969270726656
1244041362564993024
1235355792242626561
1237019331055112192
1237379320688955392
1237476514452533248
1237574154242551808
1237935109673648129
1238282613460262912
1238611463629127682
1238965536018640898
1238992081181446146
1239398442318913536
1240365041746169858
1240777340701024256
1240801120978698244
1240853675339284480
1242066294113021952
1242205285625757700
1242502682146791428
1243659294207164418
1243678772563300352
1245013647530823682
1236128926252007429
1237486621727109120
1237896301464834048
1238133395978440704
1238175114996432898
1238594689709887490
1238794156459339776
1239925134015762432
1239937275519213572
1241373698570977280
1241413649534717953
1241522101212852224
1241838684472840193
1241877641302507526
1242103663662948354
1242399382084837376
1243227316085575682
1244283716576243718
1244351497820921856
1244579592955822080
1244754025754628096
1244817432620875777
1235314850689142785
1236001357636808704
1236804546225201153
1237572323919548416
1237878621370343425
1237912453050179584
1237917674497290242
1237943061667295232
1238184590319091712
1238601235881775113
1238606736199692288
1239588496509145092
1239634775192866816
1239681807404150786
1240649483106553856
1240991586529480706
1242193633555681282
1243680088748589063
1243889704090701825
1244166817775484928
1245088626314293255
1234603163199721474
1235269890359152641
1235996196738674689
1236777310944137217
1236786436592087044
1236800064481353728
1237179877851369474
1237185115660394496
1237418774556487680
1237891897919602689
1237895935440515073
1237948046484353026
1239511094210760705
1239978189772017664
1240131822077566978
1240263099979984896
1240661488853045251
1240662330981199872
1240829743894876160
1240834993309573120
1241148859021213698
1241329401226199043
1241400172963418112
1241456117194149890
1242056614724751361
1243202568412487680
1243374519336800257
1243679793708752898
1244414428411543557
1244756026659831808
1244913043768610822
1234276746217820163
1236086980037009408
1237024457300025344
1237160104241307655
1237903736846069761
1238291873556582401
1238612096641904640
1238621196280881156
1238665137810268162
1239287163281461248
1240185292323270663
1240915406489112577
1241158454288449538
1242384251762376704
1243991159900422146
1244468247304511488
1244623856595349505
1234271247309004800
1234622786502397952
1236067117482610695
1236489963488915456
1237043527051358214
1237095090239258624
1237475747574493185
1238217199539695618
1238328869628915712
1238525287119245314
1238567469608046594
1239868520038567936
1240284579589754881
1240651942726184964
1240950197389320198
1241148729769459712
1242099908502577155
1242185980720959492
1242543506733793281
1242556180502888448
1243511780938301441
1243599237570613248
1243732804590018563
1244894391732277248
1235404042614059008
1235753247924555777
1236749339839606786
1236795003797528576
1237140330555887619
1237149326159290369
1238538616076480514
1238634650727309312
1238711670802755584
1239013901850812416
1239927203523067906
1239995636918784000
1240787281725841409
1241012647119773701
1241674562934366210
1243354596375842816
1243595923806134272
1245051649510592513
1234820860478922753
1234973160803487744
1235269751708028928
1236755164205322241
1236978262372466689
1237176612321361920
1237543785925496832
1237878226770247680
1237942520220393472
1238165022737661955
1238249922828423170
1238437376004771840
1238653284161896448
1239420640446148609
1239719114647764993
1239917132105875461
1239944496449638402
1239969386741370881
1239970978144194564
1239977843762900992
1240756393168248840
1241447877588680704
1241885260385792008
1241981587484336128
1242433867358679043
1242579972373561345
1243185460144472065
1243492399483170817
1243610196154306560
1243664533719339011
1243932287701581824
1244025769506062336
1235314385154969610
1236138942619058176
1236160260773199872
1236462275659169792
1236761405291769856
1236810769611870208
1237099780117090305
1237102963530891264
1237158838740058112
1238167000750395397
1238250299372064773
1238252436453720065
1238460918696198148
1238622267246030853
1238852059035774977
1239735406167347200
1239921265353375745
1240351038588071936
1240727864044949504
1241175907148201984
1241247490508120064
1241330835548041217
1241866795226746886
1242270839203966978
1242572482894270470
1242595061700984832
1242982261051379712
1243645889899565060
1243953915529486336
1244068919175811072
1234559347482431488
1235403692607778816
1235948772879933440
1236577683892588546
1238109026212352000
1238608593844350983
1238665322002968576
1240472304477323264
1240671147898753024
1240674809870200832
1240750933740486662
1240780614728548352
1241008908648378370
1241110445974605827
1242468854489436160
1243443776523243520
1243704815814934528
1243940455999471616
1245102723273555968
1234666069723246597
1237375579936231425
1237469827696070658
1238250836196810753
1238641001285091328
1238880340246216705
1239006951020756992
1239016858990362626
1239312737374781442
1239344136362135558
1239634571462934531
1240776347406008322
1241088023070154754
1241090465744793600
1241272417282076673
1241838632845086722
1241945473054801921
1242187496953450497
1242237732602220548
1242245585824100353
1242594726152417282
1242606934575980544
1243193921926303745
1243342723178016770
1243564945612079105
1245059524698017792
1235291519206207488
1235951223477612544
1235969399334420481
1236693181250654209
1237006715238993926
1238227169941258241
1238252300289880066
1238443614545551361
1238536376326541318
1239682167376089090
1240649993846833152
1241047526603722753
1241153565667627008
1241328122643001344
1241352511690280960
1241891976619925506
1242487290040995841
1242981218687254528
1243515266832744448
1243625131781562369
1243632115922558976
1243689118980341768
1235636698647846914
1235967402845917184
1236495574775386114
1237034804249583616
1237486774848565250
1237884296087474178
1237920274999160832
1237934422348959744
1237940689884844032
1238095657715539970
1238106413886513158
1238403257262882816
1238596139303272455
1238640942606880773
1238848954508476420
1238886121536454656
1239138275035615234
1240081188410310662
1240398010984665091
1240694118277210113
1241094037253341186
1241368104967507969
1242002650163556352
1242542720155090946
1242606119966703616
1242630866163118080
1243307512570490883
1243872277562830849
1244289007942610944
1244624477306134529
1233946207950475264
1235901438527770630
1235976229469159425
1236295907198603264
1237153824638459905
1237365376981311496
1237477822123433985
1238262842861723648
1238487676283686912
1239645446668156928
1239909660041179136
1240735178001010689
1241001855112687616
1241414232459091968
1242038842431062016
1242273464905498625
1242512450672455680
1242603122679316480
1243327354497314818
1243545486788898818
1244611498481258496
1244922741008076800
1235269269362966528
1235304309744644098
1237170534774902789
1237891936054214656
1239197750941499394
1239737309567778819
1240002708712669184
1240241552431239172
1240596670439731201
1240766071147241472
1241542366860894214
1241863559459606532
1242785866512203778
1242904260314124289
1242940413964582914
1243178942753800196
1243510489797275648
1243550435476221952
1244673594015260672
1235209808778850305
1236057762687315970
1236370705861705729
1237087615226126338
1238164953892257792
1238607546358697984
1238614549739134977
1238792111388078080
1238808107192659968
1239294327689490434
1239589436213559297
1240040411705610243
1240824266041331712
1241046379079905282
1241180318746337280
1241424581916856323
1241856088628027393
1241894210426605569
1243174248555753472
1243335304074969091
1244391642867605504
1235262242074939393
1235946568663969792
1236441761578246144
1236778868721225731
1237526948877717505
1238162847491747840
1238268385198211073
1238448882780176386
1238533771688841216
1238792376484646912
1239000937286565888
1239739541776486402
1240934072953835520
1241097420689342464
1241506775158919168
1241908387002097667
1242606651850600451
1243238837914144769
1243679276702076928
1243690020160110592
1244464140032315392
1235217421360943110
1236066162313740288
1237443755902488577
1239344514780631040
1239491363437240321
1239768849009893377
1241057949927145472
1241844821481963520
1242096773973377028
1242627271418155014
1242842815945564160
1243692752996462592
1244706954200494080
1235442926131560448
1236098048385826816
1236360002778157062
1237015929504088066
1238173432317128705
1238254716217438208
1238259682256596993
1238303526440390658
1238531267626299398
1238611355722223616
1239632629193998338
1239776637178253313
1240342904662622210
1242271462326702085
1243203785805180933
1243590930575261697
1243929088630362112
1244505815123460098
1247533652021411840
1247654091976839170
1247661839644790785
1247979921416302594
1249706358561296384
1249833850026541059
1251188108441378821
1252255193896562688
1252293656259604480
1253299311019823105
1253461986324746242
1253475447465291778
1254248367934394368
1255239458124959744
1255555609069531138
1255930733878743040
1245380829192339458
1245738352168574979
1245878403271725057
1246081950177206272
1246110928602570758
1246289639901663234
1246409451151728640
1247892220176248834
1250316490122772486
1251302084458221569
1252399293777891330
1252985659502952450
1245772254098722817
1245816801885335557
1246604726881452036
1247971861419327489
1249416108995739649
1249435617710178304
1249473884186972161
1249716079703871490
1250145982538551298
1251197729402949634
1251295511165849600
1251867989856657408
1252573294101803011
1255517119896342529
1255534698320797696
1255888152847245312
1246551936297586690
1248087976736722944
1248386986471129098
1248651293847142401
1249047010453397504
1251199961888436230
1252779813368184834
1252985274709270529
1254087147767975941
1254392648959504385
1255270950909681665
1255331814610214913
1255422575074775040
1255922798209437696
1245132559580889088
1245350153239707651
1245837572330401794
1246009649129754624
1246232123444518913
1248576298580131841
1249515046738243586
1249750591196315650
1249858723419500544
1249932228987158533
1250428328688775168
1250943107945967616
1254093019176976384
1254093304884424714
1255207521134022661
1255897786618466305
1245894424724246530
1246859347633864704
1247260562167410695
1247639931507355653
1248253415534333952
1248397599725387784
1250250924758568960
1250615337307045888
1251948589099683847
1253455001869078530
1253483223214161923
1254954624403927043
1245974517165539328
1248057245918728194
1248615607588630531
1251923715560034306
1252218303323521024
1252764525520130050
1252946695295557632
1253599861792034818
1254082012580843521
1254497329769578496
1254931580168085504
1255281870788583425
1245109969080459264
1245365410742099970
1245454956242452482
1245722677639331842
1245759131644035077
1245824334255529985
1246045686203846661
1246958048255631362
1247813442737778689
1247933242533167107
1248098225749397505
1249298937074388992
1250041188759089152
1250641379434418176
1251934306328608775
1252173039694995456
1253113520461406213
1253143584867520512
1253170307629801472
1253776350546022400
1253835428966383622
1253850951510888450
1254501277242982407
1246409784473108481
1246482963396726786
1246530553383399424
1246594448315822081
1246641875273961472
1246685649551360000
1247683825238454276
1247687264311934977
1247903414773678080
1248018236005699586
1248389182285680640
1249162899702112256
1250076492039675904
1251930339783704578
1253691747969925123
1253884845455007750
1255558170572881926
1245154876264505346
1245377438575742976
1245735914372022272
1246514816736546818
1247303077423493120
1247694265838374913
1248665505226985473
1251515340812685313
1251626011038380032
1252926624653291520
1253299553190719490
1254522074921656320
1254912496089038850
1245660561850785794
1246595257317429249
1247314278773751808
1247624014438244353
1247915865909030916
1249366676082028544
1249728685852086273
1249784580556521472
1250076167480258560
1251210636035592192
1252696963520376832
1252985868878524421
1253034623363436544
1253290774072000514
1253411834964525059
1245110258093174784
1246889844837625856
1247148813766160386
1248061253551038464
1249097674231603200
1249446497499754497
1251687372217073664
1251915670842937345
1252411750491648002
1252699370702675968
1253069805327958016
1253773154692063233
1254099806865305605
1245522195226517507
1245725425592160256
1246579218470723584
1248005507194863617
1248217941428092928
1248660587564974081
1249052860475674625
1249435891728289793
1249703824174067712
1250449403413966848
1251842776938971137
1255207297665708032
1255534431424712710
1255535166610685952
1245818210647248896
1245822544944328704
1246611985187438592
1246675901368152064
1247339058562465794
1247923199280644096
1248346865965432833
1248396044318076930
1248587010752892928
1249703408702898176
1251671065178374145
1251850241189523458
1253326284265910274
1253388882634137600
1254083172993810432
1245377088326119424
1245377268261609473
1245718151033245696
1246183031070543872
1246511007909859329
1247895918042439683
1248652765175386115
1249402650879307778
1251487109812232199
1251702729354985474
1255932578139459584
1245411050767495168
1245690315438264320
1245725184956477441
1245869680633364480
1246552184025726978
1248103560849559556
1248378639504175111
1249031920958267398
1249051087342112770
1249385832806584321
1250737417893576704
1250791973193015296
1250863158945812482
1251680744025423873
1251739102061498368
1252019650172456961
1252403563210260484
1253403775877779457
1253880769988132866
1254902407735074817
1255225390295023623
1245323287888044033
1247656051442417666
1247667952737869824
1249654846535479296
1249749394024431616
1250096515542142977
1251655261636513795
1252251907902648321
1252343870546825219
1252980431022063616
1254488627251421184
1255272492962324480
1255626720549502978
1245861949419573248
1245888283831222272
1246205884415516673
1247156115130867718
1247337141413253122
1249520037775343617
1249855901294637063
1249860016917676032
1251035477714579457
1251213193537519619
1251647837793931264
1255166231189114880
1245148011103223810
1245472781094907906
1247666323108302852
1248337360342913024
1248952164023775234
1249047266507329538
1249875731699634177
1250599246702809088
1253480123619139586
1245122935368454145
1245419926460018688
1245837528562839552
1246188720379678720
1246498952071036928
1248221441105027073
1249706557710970880
1249722246719037442
1249834457445654528
1251945595364880384
1252005418894872583
1253118022967009284
1253327230035308553
1255159845914914816
1245561101485592576
1246149484830232576
1246503957746388995
1247874843913027586
1248032514909687808
1248416600690024451
1248423687935512577
1249050521530499075
1249895054874783744
1250097033576361984
1250194385356144640
1251912141533306882
1254089525858455553
1254392718198964224
1246516479941541890
1246666975872344064
1249333117535621121
1250403786171928576
1251173370328211456
1251190163671257092
1251213572065107969
1252241141832900609
1252674037093765120
1254142597163028488
1254576137180569602
1255160362887901187
1255515169297481731
1245445740975067139
1245878279980056578
1247322817886146560
1247944811807748097
1248624576189198336
1248703412205686785
1252356452791906305
1253813247813341184
1254169600847220736
1255001393485799424
1255163594020454401
1255191024659464199
1255235187312656386
1245203573815869441
1245513619766476801
1246211097989992450
1252182847462559744
1253070088321761282
1253299740382502916
1254080084539060227
1255619825986154504
1245170285780836352
1248063109434093569
1248416172212543488
1248707253126995969
1249683182754172928
1250223577921728512
1251173408257323009
1251275787233263616
1251618763780358145
1252331945482018818
1253023814927167493
1253073430146174978
1253462612416880640
1255627447892090880
1245426497919176704
1247639743455690755
1248072869931814917
1249393859898966016
1249846462805979136
1250194389747372033
1251252486846984199
1252335339814952962
1253330623533473799
1253809807452188672
1245132740552318976
1246247042168393728
1247637545027919872
1250235819308154882
1251301864269897728
1251491249200214017
1252295369251315714
1252385040895365122
1252931647072329729
1253741120619601921
1254936242510331905
1245470594814152705
1245841205373501441
1246641491365281797
1246888223785263104
1247550209212596224
1248630345530040321
1249466150422888448
1250935493895880704
1251202702845120514
1251291815430557698
1251746872865112064
1253097738230812672
1255512561681944577
1255677049693323264
1245116569568661506
1247313959260246016
1247344477271773184
1249681751300927488
1251561770596151296
1252262588211232768
1245521964392837120
1246176355588263936
1246283327113326592
1246428125849948160
1246532970674032641
1246854340536602625
1247835501513650178
1249033643831341056
1249416341909536768
1250599456963207168
1251956110656847872
1252081087163125763
1252262451988639744
1252411922571354112
1252787946006155264
1252943219161268224
1245549453773344768
1246549337464700929
1246623524204224514
1247191321292550144
1248039437285486593
1248623153695219714
1251556782704648192
1251583447648423936
1253194962172248065
1253333422262517761
1253442282625183744
1245878748731379712
1246518275221213185
1246624137658892288
1248072646786514944
1248072923061137408
1249005113886289920
1249826502650322944
1251327621935357952
1251923292639891457
1252752361526751235
1252960486766923776
1253134821347516417
1253834890442760192
1255562488545935362
1246469277085024257
1246935902833836032
1247623062616305665
1247684844311572480
1248394362574143490
1249436767188430848
1251939349446430721
1252744144885350400
1253028878811045888
1254961623216852996
1255277109142007811
1245439512832065536
1245814526412345344
1245836347723612161
1247157061777076224
1247332662269763584
1248386553065254917
1249748996249305088
1250212408481759232
1250953356455014400
1252372878353240064
1253464709573074944
1253468161476870144
1255638414654758912
1245841482172510208
1245925357200392198
1246080276653957121
1246679584239529986
1246935946391703557
1247298685836374017
1247664381388828679
1247805192906498048
1247930835107545089
1248707106330607622
1249402899412721666
1249902561957568512
1250827771229716480
1251285255954276358
1251345614354423808
1251634889885192201
1252240973020762115
1252827749963583497
1253649032444104704
1253685191547080712
1255882096708661249
1245121626510888961
1245416975272218624
1245474479859552256
1245475864860655617
1245824770215759872
1246574775713050624
1246606306099806208
1246887084150919168
1247140227610750977
1247173060861603841
1247252051706421250
1247337980664020992
1252353613264912386
1252764323711119360
1253164523218825217
1254089804125360129
1255172433016950787
1245379201861128193
1245383949825847304
1245499052034330625
1246231186835415041
1246759515846033408
1246873442223304707
1246962158417645569
1247948272435593217
1248099826975342598
1250933627422113792
1251416758717644800
1252765019676254209
1253812207118409731
1254370360277053440
1254923667634565120
1245358466744672259
1246143060817268737
1249902571067564035
1250186757833773056
1250204804443525122
1253165913567879169
1254115464185331712
1255279909154537477
1255619598461829126
1245208522263900161
1245327126452109313
1245389899626434561
1245445284169166849
1246475178454011906
1248287985537355779
1249740570475540481
1250194376321454080
1252067990645936128
1253043140635897857
1253135234075246592
1254496886951739396
1245142076720910337
1245493789420072960
1245825253281951744
1248251168591134720
1249374558492037120
1250151408604766213
1251564771801018368
1252303923836313600
1253342634321629185
1253345926724362240
1253823796387209216
1254799165068099584
1255243551606259713
1255946651447037955
1245554682149273601
1247254186091253766
1248300225967652865
1249706798925266949
1249755345142112258
1251315798938980352
1253129507864788995
1253341624790204417
1253689797589323776
1253692900644397058
1245375383496585217
1245842457780088832
1246469337679925250
1248486204934221824
1251675924992364544
1251930976277626881
1254185911748710400
1254393525606789120
1255569326368751617
1245128837354029056
1245150026155745280
1245904626597203969
1246158321716994055
1246996552020869120
1247344576098119680
1247637032031010816
1248378471337746433
1249985045579923456
1250755252703223808
1251914230103773185
1251971748351770625
1252842855179010050
1252989352315170817
1253511729700638722
1254490102606311424
1254507867773771776
1255514903651237888
1255747103826907136
1245859290604130306
1245894551362875393
1246219674334846976
1246621445876310017
1247301206646677505
1248349030842761217
1251411512960397313
1253056188536614912
1254063192386519043
1254207239788859400
1255274388158636033
1245154678272376836
1245384131237773312
1245419620690952194
1245814999811010565
1246530815829454853
1246583977806307328
1246758649319604228
1246759869010645000
1247647655498563584
1248018217622110209
1248043793921626112
1248260547159654400
1251300710144245760
1251330790266474496
1252379584378441732
1252419290067644421
1255235867767115776
1255336169589571586
1255488528340975616
1255633675573538816
1245183214467125248
1245471676546142209
1246043463755403267
1246899676793585665
1246967956954730496
1247893551192502279
1249316887277768707
1250194571973271554
1251173090828091393
1251397873792622592
1251608754690416643
1252347720263598080
1252995404691435520
1254185687085191168
1255316744081747968
1255847153915879424
1245146478018007041
1245157686087385089
1245352394256461832
1247158015624609792
1247343953667555329
1248060985929355265
1248299981049602049
1248737787651796997
1249165345958625280
1249826809736200194
1250760513790849024
1251656939379003392
1252193436968652801
1252637759162011649
1252738023428587521
1253515318993006598
1255163311483760641
1245450883585978370
1245774921306984460
1246206501150175233
1246629360251142150
1246764038240993291
1246987744217313281
1247945131308785664
1247965768530051072
1248271242655752193
1248592487045791745
1248673366791290882
1249249484363587591
1249845228745437184
1252444084595306497
1252772325151342596
1254021427889672196
1254087647389155331
1254180140373938184
1254969428686434304
1255284242545811456
1255322614265982977
1245514019521388550
1245534144614076424
1245765170405806080
1245824446767738881
1246192360641437699
1247337437904297984
1247685243844399105
1247912801621901313
1249426458071560193
1251113712993394693
1253478152275480586
1255626955434659842
1245197645691465728
1245523033806311425
1245841348130938882
1245858049262096384
1247434942575005707
1247501170920304640
1247972455324540930
1248415976112017410
1251507001395470336
1251998608435621888
1252776707343495169
1255209229180379137
1255640076937310210
1255888049462030346
1255902532288864257
1257278237098471431
1258002589959913472
1260043714858307589
1263743235047911425
1258031089664303106
1258052287492227079
1261114934961807362
1257348406059700224
1265104385513750531
1261077241137467393
1261914267206529025
1256288958889308162
1256339504874455040
1258122003321704455
1262364515464855558
1260287882125889537
1261371869615263746
1257803128734441483
1259227719423995905
1257266372163313671
1257719989676589056
1258034051455291393
1259919594048720896
1263611884504100865
1256732735378460672
1258449332086296576
1263774967277248512
1266161673490006020
1257719310124027904
1272902266740248577
1276624797263331336
1277977600028114952
1273290362459652096
1274161917888794626
1276927558051864577
1278064396850343938
1267688159716020232
1272117488269119489
1277366808333504521
1269335655655583749
1274307124676513794
1276824403511255041
1273407614244868096
1275597615648976897
1276274034909630465
1277710711125422081
1277795676936691712
1270408145286967303
1276166271743209472
1277014589868302337
1271204692551401474
1267637950692687873
1270168550410313728
1271252454517215233
1274118179669729280
1277612026404188160
1278050142549995520
1267642876688809984
1276238664809377792
1269714693142253568
1271637839474819073
1273350911134445568
1275760844484288512
1275763957425463297
1269644295956574210
1273252137909264387
1274485650310520833
1275456710824456194
1269344335184695300
1273392950970511361
1273712282447441920
1271205332484677632
1271231168466337794
1272908240452562944
1274540308789936129
1275935971276546049
1276508156416442369
1271272482826158081
1272682075942842369
1272924111673712652
1274303349811294208
1277799511981613057
1271527455866707968
1275574532926050310
1269602797395345410
1272627020820893697
1276517130691887105
1275933217535787008
1276572870940995592
1271074567822417921
1275765345656213507
1276489853140680708
1277778509709094913
1278060187333492737
1268881389816098826
1269336777640128512
1276163991476350976
1276493839461744640
1278027610719752200
1268513884891222022
1269700004895240193
1270177991268675584
1274017320063520769
1275745239890878465
1275922822200791041
1269596948912316419
1276848232518217730
1276507729683722247
1276608405071937539
1277778041872297987
1277974224649351170
1276710349459333122
1276965024594948096
1273092263170605056
1273251857905975296
1273687424640487424
1274680723912392704
1273955180631986178
1269336140827377664
1275919919272660993
1273294390002319360
1273654154322489350
1276235048631652353
1277971274694721545
1276515166591516672
1276527540149108742
1278054005499932681
1275449693997199361
1277690095093547008
1269399570888323073
1275990591487250432
1277929147709427719
1267412204812472325
1272927630694797312
1272565383073943561
1273289275711291393
1274524944102236163
1272880057111937025
1275567894856941569
1275639755733176323
1268985020049494016
1273701661928808449
1274523762143223810
1277927401788489728
1275573936110161921
1276535474509754369
1273561482282897408
1275563558932283403
1277930940434657280
1270799033993269249
1275855138607988737
1275872598576885760
1271232132778651649
1273317954214559744
1275986671612375043
1268157541432745987
1273361049073471489
1273940378916446209
1271194695251697665
1275186429811982342
1271077286297636864
1275953196075118592
1276166648387432448
1271220944418344960
1272680763776012288
1273661205668868103
1276164605778300929
1277777890872975361
1275595698734616578
1272546834620329988
1272908113226674180
1273275021545345024
1272901565263863809
1275532119834529792
1273654976728797184
1273702306593288195
1273972050177273857
1277831640266485760
1269759284218343424
1273933504557068293
1271456012105650177
1275885769853480964
1274143834851741698
1275017606236438528
1273306131520196608
1267611284952006658
1269351842733084674
1275195938508865537
1275830594497400832
1277810206961876993
1267640630282510336
1271419818068054017
1275420990458040320
1273252002886115331
1276967178181500928
1272896753034027014
1271783525189107717
1276588691843055617
1276517450989752320
1275589293256433665
1276166005790826498
1275574611573379074
1276233204844777474
1276336198416556032
1277973709735653376
1278023804942462977
1276959359273259008
1269537206961610760
1274393133032316943
1275569477556539393
1276874881062391814
1269646117224026115
1273653597620879361
1273928454522597379
1277786157254934528
1269366635049205766
1272667252488364032
1273339145734119426
1276274285787701249
1277064787164200960
1269779012794101761
1274547911284662272
1275654754543288321
1275983733380853766
1269368156381995014
1275919605865873409
1272261231265476614
1272698063845502976
1277804664566792194
1269823384344383488
1271182248059047936
1275610232991952896
1267971423697584128
1277316840981749760
1270032082518114305
1276564262060785664
1277698508888383493
1267447667766054912
1272260029572415489
1278002239378882563
1273718939852386307
1276156830318813186
1276185485254197250
1275818078736207872
1269052173490417664
1271231637544562688
1275873041256456203
1269348920498348033
1272260278915338244
1277714375931908097
1269286603207462915
1269680555471376390
1275587153842638853
1277018599614537729
1276184774458163206
1277061306005282817
1269759632299433986
1272553475805556737
1277693053126479872
1273967943223828480
1275661473231093761
1274551954610565122
1276233543103008771
1272460737525485569
1272883597591052289
1276233341092708354
1277862893212495873
1276571277990539265
1269419457828605953
1273388586155548672
1276664925759459329
1272627277495439366
1269586758406201344
1275830852258234374
1271537184017973248
1271584929739149313
1276609764034859014
1279249325231493120
1282499976115949568
1288198757188853761
1288531876026540032
1285596516153950210
1288453662566526979
1289003626921328648
1286320788589752323
1287053821940768770
1288251085749211136
1283221440737824768
1284600185788620801
1285402532731400192
1280310693577854977
1280865246148562945
1285669498314526720
1278433848607588364
1287040722798088192
1288596297855971328
1288264227455737856
1288206537589239810
1288264557845188609
1286286090438090754
1281028622674022400
1288477505255624708
1278869466269593600
1286657630283464705
1282384383845060609
1281317220149350402
1287075133467906048
1287595879332032513
1280631640193216516
1288851970833424384
1279191412966395905
1288265375302524930
1288857568446750722
1279167497510334465
1284116351813144577
1288977711554322433
1279574491711111170
1281020519597383685
1286450087695179780
1287742057663078400
1288291208368926720
1288638412988325888
1288653403304976384
1288675711751000069
1288718128256516096
1278375979627409409
1288852744464343040
1284139814770507777
1288264459379712000
1289188204458004480
1279829540404068352
1280702293252415488
1289009188799119360
1278144094615646208
1289144466691878912
1281305016146542592
1282823393427980292
1282912493111848961
1279007258207289345
1281563978066472961
1282782710839336962
1285225617508782086
1278432977647779840
1286650878339014658
1287548426759155713
1278164892915240961
1283393556263075841
1283483385474752516
1285509974161010689
1283179278436200448
1285579102758604801
1288620541700714496
1288634690757439492
1288698540877910022
1280639936530710528
1284958506378883072
1285392724221399041
1287197944723234817
1284849773909020672
1288974482158186499
1280309101734572035
1281078694870728704
1284186333775384581
1280589050827739136
1282051126985216001
1286634461786931203
1288206418995290112
1278247704745951233
1280658359608397825
1280891405997572102
1287040853442256896
1279568309462196230
1280369223546605568
1285163965656576000
1288968402384629760
1280572581972783104
1281235884583661568
1285509467396874240
1278474056954777604
1278431438313009153
1279111548330315776
1279282974375112705
1281732305468436481
1286272194348298240
1289193779107254272
1282744918742573056
1283380578482618368
1285550434707480581
1287835086524764160
1279115952915873793
1281696770146402305
1282011015958364161
1285335594470535168
1280536848805158913
1286050809227227138
1287490123354054658
1287834751605174273
1288596989203165184
1279525708960690176
1282747154612666369
1283112968050237440
1285676525556248580
1285745178519711745
1288984375863005184
1288988014291517440
1278762061397401601
1282742629046919168
1288500246717267968
1279405616658894850
1281982720155856899
1284930115756072960
1287516892194721793
1285726620008042499
1286433040856690688
1287748850632073217
1288128886153322496
1288982582034444290
1279243769347551232
1278192849532661760
1286689527994687488
1282743294376771584
1283559323822706688
1286650727922720769
1289189209018781697
1282657434784411648
1278762252191977472
1280601483151630336
1286642646845403138
1288969284660670469
1279581147396112386
1282743609209438208
1283033715883544582
1282917158994026496
1287994413700898816
1281581297702404096
1286051672305934336
1280846869145489408
1281972886329327616
1288278688962928649
1280585368635662338
1281982486998900736
1283024862747992064
1283112020007624706
1285669141169545216
1282832615574171648
1280499710432854020
1283880162896023552
1279059623425773569
1279730925983547393
1281081181493059584
1279264935667695616
1280142780346572800
1285726024706269184
1285738758944567296
1288500570907725826
1289208777938370562
1278132121664700416
1282773650274385927
1288400164009517057
1288531079079424000
1279414499305545728
1286433328493625345
1287076994707054593
1289003319621554176
1279113741720858624
1285969675336253440
1288251056296726529
1288500423632928768
1279630710949605376
1280132474765484032
1280341390296309760
1279600164341235714
1280573510549733377
1287756389255991296
1288287030896730112
1288988131753107462
1289267348915007488
1283775088786104321
1285199906819444737
1278793713154699264
1279402866554388480
1285742201197166592
1288228044856070148
1287765833704452098
1278366702657511425
1283034525820305408
1284974797362003975
1281688940223889410
1281357183561728007
1282797923214987264
1286326172582924289
1278791222845464594
1283039691051282433
1280456819295559682
1281324287522209793
1278762754183016448
1281982458486022144
1282796337273208832
1287717056973090816
1288624020674486278
1287737145432702979
1287913191016730625
1278705749992960000
1279191257454047232
1281013659368652801
1283935127236730880
1281289562912849921
1285218061277114368
1278297342219821057
1278322681943900162
1287676833023000576
1288586079012917248
1282039867614957568
1281588533849985025
1285667784568037382
1289184505496866817
1281378262875340800
1279567202774114306
1286358492513787904
1288499877668892673
1284436727629783042
1289134916236607489
1278315449554534400
1279240635053215744
1279058167360602114
1282778127102611456
1288093118257139713
1279133376943775744
1284126144342695936
1289202224711663617
1283212473957527553
1279133770323501060
1280841111087517696
1281945816958107650
1283084685359419392
1285926750510362628
1288613739743383554
1279022717757358080
1284112629531922434
1285741815984001029
1288290686735986690
1278336726348546049
1281586619640840193
1285216350005276672
1288314533883392001
1288613054280634368
1287489189555077122
1279018452125011968
1279191573012635648
1281565584308809729
1283824672111353857
1288596604182835201
1279812400317956096
1283982673439055872
1285251338868146179
1285698078784270343
1281590295872843782
1285256191569010688
1287054642459926528
1287079132262739969
1287062351267663872
1288264234103496704
1285009890193350657
1287070529049026560
1279191577177370624
1289208979428528129
1287489795971833857
1283483913067741184
1288613514140176385
1284630124722298880
1278132725451390978
1280172306938109954
1285195772732993536
1278101050222948355
1280586769541595136
1283908838622728198
1279829055945277446
1283127731392307201
1285892039784235011
1287159481625989120
1285729124498190336
1287194179232137216
1280308725643907073
1284929224852353024
1284986508223578119
1289031016569593856
1279364593962217472
1278755498653777924
1282940610312384514
1281552847746691072
1278174440279416838
1281996011263721472
1282112573416996865
1283220107318243328
1283385444047216640
1280805111040823296
1281412782743846913
1281578013545639944
1283401910867963904
1288630640708145154
1280166199255543809
1281418527438667777
1282102404767535104
1283950619263488001
1284150392809349121
1285707866373009408
1288745171660800000
1278765396447895552
1279094148122005504
1280842743699460096
1284942013171855360
1285364946759495683
1279635620588109827
1279869638218788866
1280488474018267137
1280680294362820608
1287124941222170626
1283073241007812610
1288830007134031872
1285726765768482816
1288589968693239809
1279579608531296257
1284645891438190593
1288498406235791362
1295745524591734791
1297601391955976194
1290039211442098177
1299743378855387137
1292584922046181377
1291895517480394754
1298612942334758918
1297963708442972160
1289622545524809729
1290472932800704515
1290638650397675521
1299397606410338307
1299731963717332992
1300146533812203520
1289577894444924931
1290335359532969985
1295806451798233102
1296241550993874952
1296464382801698820
1289343443412512768
1300163311388913665
1290805195883110402
1292968332866588672
1292978957495803904
1290422222553636866
1291324011599802368
1299131359953387522
1299497678028509186
1289577623056715781
1299493714960642049
1289718067233087488
1289622733098188801
1298048382775234560
1299860108826951683
1292951346497323009
1291883148448542728
1292201380028002308
1291851596016517120
1297565095569117189
1291394891881291783
1297532749193125888
1296439056914681856
1292786854811639808
1297655935750541312
1299435060387606528
1300103990110302210
1293825930700480512
1292193414159765504
1293010347205550081
1298426006382903296
1289607979847675907
1289919106955632641
1299735859936272390
1294772755343331329
1292199493681717248
1295012567987953664
1297612863859761156
1293012210155950086
1299309567961071618
1289650849208086533
1298598317887291393
1299165685982072834
1295111979493990401
1297860063881826304
1290038994806349824
1290419371513348097
1292960062797950979
1290717412522958849
1293704615838527492
1300435219917549571
1296124812977471495
1295910063601745924
1298437088292089857
1298403053041782790
1289657492968939520
1297586659228299264
1292192578880843776
1298421657414098947
1299762122478489601
1295016453637173248
1294188125640687617
1295408411069169668
1290729728547201029
1293191423013957633
1289671595686899712
1300475011560595461
1298278332585345024
1298313634259570689
1290815602978885634
1296051304591171586
1289730335446413315
1291754495383281664
1295740769521762304
1297612716140568576
1298759855004692480
1299689119669510145
1293693772400930818
1293953141193531394
1294064924218531841
1294433233904443392
1300175815032922113
1294206412785164289
1289986082537263104
1290792903665750016
1293588596327419905
1297887020518383617
1290642525577863168
1294035447446941697
1298257277510590465
1298272940304211969
1299852307790737411
1293819861546815489
1295819646986330116
1297871194318942208
1299445729279254528
1289709701194686467
1291144342707621892
1296934375452487682
1293159773114978304
1294179229513527297
1295364941030068224
1299486668265676801
1289999021570789377
1292951620238684160
1293588067207520263
1293728592078221312
1290380400687116289
1293929970432081927
1300480379153915904
1289987018714316802
1299327859664789504
1289339065603469313
1289663268542271489
1293558386785648641
1295014552946511872
1295806839540584448
1294654655071432709
1296200089581637638
1299521417910910979
1290458719449493507
1295818233497497600
1298274570328133632
1290419763609559041
1293827377760538625
1296840375034732544
1300436727870435328
1300459437287669760
1297642904698212358
1298614051459805185
1300475446715449347
1299783655796215808
1293554860491767816
1292956878897647616
1300415009131032576
1290468415526903810
1292373799850119169
1298596670372900864
1289694700346265605
1289698643281289218
1291354477790932992
1292187673470423041
1299420255618564097
1291754239119810560
1293359944557891586
1294292205935321088
1298274962537500672
1290745271769604097
1292518528055234563
1296600030778929157
1297532381906296834
1297562480957366273
1292971613936214018
1289417634174377984
1292637780875423745
1292961984997134336
1300145719874121729
1289580626593460225
1291017613544493056
1290433885420113921
1293287927351513088
1289768280450768897
1298278595463467014
1299701479524249600
1298628776050462720
1299375853369950208
1295263324427427840
1290657407861952512
1295834935358521346
1298273152322007042
1290664729917239299
1289631708757671937
1290053800204607495
1298302637188751366
1298850458610606085
1292628276566007808
1299712332575248384
1290027401221570562
1294892393695780865
1296841177279410176
1299433774334316546
1300156515370885121
1290576541567549447
1290659411539755009
1290730319675564036
1290619877103996928
1299385921842941954
1289873257135345665
1297612487563517952
1299794756655091713
1300415362731778048
1300474816210771968
1289607947232870400
1294294087143763968
1298033601959694336
1299873718483775491
1289623193515364352
1298045235466055685
1300249270545649665
1289686010075332608
1296875460815659010
1296957009003151360
1293693913245585409
1298356380995289090
1289655476473352198
1293364459365453824
1294077356735377413
1298361559283126272
1309981710109597696
1306778058150608896
1309323009359052803
1309221031257821192
1308225704052613120
1306328139455279104
1307266728892792837
1310311486196252679
1306945420871053312
1309983215751397378
1304158848408788993
1304597733844684800
1305530456100798465
1307085972266459136
1307096053599080449
1308603801297924096
1307879508301803521
1302584891540987909
1307108561680560133
1306301353610956801
1302764066264375296
1306329196290084866
1311374837458239488
1307774934786207745
1303900191683219457
1302922028056481792
1311072903853608960
1305681236921376768
1306752096180539392
1308226072488669184
1311073007323025409
1303413308532219905
1304242754562781184
1308599216810471425
1303672783285751810
1309528939308740609
1303338530517721089
1306760589474136065
1303497286878552064
1302220816625483781
1311374039060013058
1303495558108241920
1305512451836973056
1309897732035948553
1309919411856343047
1308589195087282177
1304440032200097793
1308608295393878016
1307082177889341441
1309262342950068224
1305834059029856257
1307963697252511746
1310430799427178497
1303804452554469376
1306810522801704964
1305233461725335560
1303767609830187008
1311390373806321664
1306744551546200064
1302393011196829697
1306384380303208453
1309294046410665984
1311072236955217920
1306760630083362816
1309631670392442880
1303396442569093127
1310382761891557381
1300580194583900161
1307083106512404481
1308022483728183297
1309264786455228421
1306363338226569216
1307814349449428995
1305365995498938370
1306375029790310400
1306020840224456709
1304224274413051904
1309460656052150272
1303791789946494977
1301154117381959682
1306782506725904389
1308596132369575936
1309262881012187143
1305283905210126336
1305495902103142401
1301292899124961280
1303780618644455437
1304396788934168584
1306763860972638209
1308561950364913664
1306823639568916480
1307159757346594816
1304224178678231043
1306762326138408967
1304254270691254277
1307760624173277191
1308551272996298753
1306372293535227904
1302021793683705856
1304561297955012608
1306954576168390656
1311138907954835460
1304356971299168256
1306569400661704704
1307309917628502024
1308068252283744256
1306745293946449921
1304157777380679681
1303415464421400577
1303892025427636224
1303914750154137600
1306677303326302208
1305491565222064128
1308768583800033281
1307126790134075392
1306355168607379456
1307160739044421632
1301661578454999040
1303445580790849538
1311122955305443331
1305273164453289985
1308752682686001152
1306239131241119745
1303779121567338497
1304472605215338497
1307147427766444037
1304112869290790912
1304224402129772545
1305286941890412544
1310282688906113026
1306236648045281287
1306613956774158336
1300904330933932032
1306894253726015489
1308789569752571912
1307774589779562497
1301677734918119424
1304188600456810504
1304553233503973376
1310690152700882944
1309263979718602753
1304367604769972230
1306735859266285568
1307159988138160130
1304950677630836736
1305673617615790082
1307771868913565697
1303503012103675907
1304079863154868230
1304196088560119808
1308588727858597889
1303393489544245248
1307266192000905217
1304818239730528259
1307760838707679234
1309916617523040256
1305255417493303297
1305540017788522500
1307119592167419904
1310467082274963462
1310627757936840707
1311072694394380293
1304227026811916289
1311220342740967424
1312198237323816962
1312558772385132545
1320017341736914944
1312533633836572672
1312748134099976192
1312901463459409920
1314728345037402113
1315983817967112193
1314617282266529793
1320532054132563979
1319974824056410115
1321476919431434243
1317807603385356291
1312025370846269440
1315352394973286402
1320308489223274498
1312080682554781696
1312747690149646336
1314661471159287808
1312258881788182530
1312892391590948867
1313692929479901185
1314294443521052672
1314655825395355648
1312126769563013120
1312194608265216000
1312781970187808769
1312162232403329024
1315521529518723075
1319785333588971520
1321077053094023168
1312034415233597440
1314329597153083393
1314688235361038336
1315791060350701568
1320004129926705152
1320457639713787905
1312012554206621696
1319372947027599361
1320033246483283970
1311428859036827648
1312050897971810304
1312209334546305026
1317174529010040833
1319057678631686147
1313139356714950656
1313588597556011011
1314664434934063104
1311927233003622400
1312045194557100034
1312893312060272643
1317166316256710656
1320179329398116352
1313977433259945986
1318710133178904577
1320145841470853121
1312116121340768257
1313208346481250305
1320117730406768641
1314038923417604099
1314662068293861376
1312196936770838528
1314337030718005249
1314714358778335236
1312036668568895489
1312127008940290049
1312727993685598209
1321078534178181121
1321612477801660421
1312564492409212929
1316934196942807042
1320624222218145792
1321093776291627014
1312745886380941314
1314229198672654336
1316255690998996992
1314730752878292994
1320069552705777666
1313833510780768256
1317110920808718336
1322357505498992641
1322407289685495811
1312127255703764992
1312886097970520064
1320915887487098880
1318627271171842057
1312035518302035970
1314680256930947073
1322207623651930112
1312034685166419968
1313821335525765120
1315373417974071301
1320446921668923392
1313588923650715651
1315676939919732738
1315771292612657152
1316744895445585920
1312043843018207233
1312916942517346304
1312802560038797315
1316083685276483585
1316907104565866496
1313567276373864448
1311913782940184576
1312898747991425026
1314706386417188864
1317841672353533954
1311940533976068096
1312421568040108032
1318980118086373376
1311928898326757376
1321958003323494400
1313641401679261696
1314694381891452928
1320144936671629314
1312832104619823104
1315970009806635008
1320568146110091269
1321452418706640900
1314697837888716800
1314724006008950784
1314941031125782539
1320539863985377280
1314257115301646336
1314335765825028096
1316802639947010051
1316802915785416704
1319279880542982144
1316715111676026880
1319775558100725761
1312531234900242432
1313648175610200070
1311919381149089792
1312049683636932608
1319815611501916161
1313995021641711616
1314667307088654336
1319834878846881792
1312748623025893378
1319692285538410500
1312454152551714817
1314662255691206659
1321843558232563712
1313265628569120769
1314420026984857600
1314666487756587015
1322251647456669696
1311929010356719616
1312088415995924482
1312914520873074688
1313968950460526597
1314381325420429313
1315188776646447104
1320046894798680064
1312091253450960902
1312250954515968002
1314247202143899653
1316167952132182022
1314724799168430080
1321040143738937346
1312538106868891648
1312750521321652226
1313057888219410432
1312208267246931970
1313136642568400897
1313925408774131712
1320772814580948992
1312530534271123456
1313560428220420096
1314704482651996161
1315401006650396673
1319139587147661312
1313279067576205313
1315373926311133186
1316538043965353985
1317643171405402114
1312207884273414144
1312900004173012992
1314883830784970752
1315367007118864386
1316040519798214663
1316889664788303872
1320724820854788096
1312024004857864192
1315383181059723276
1316003101783011328
1316107917121277953
1316352203704225795
1321957324781625344
1322320721150959618
1312114072846909440
1312531689797632001
1314287156542738433
1314294327183577095
1317897400917385220
1312198404005523457
1316802848978612224
1316965968766291968
1313641656852402176
1313969360881348608
1314345044690841603
1311926422030684160
1317751922191982592
1318157973223596033
1311641543984525313
1317645923384762372
1322517226604306434
1311465640473976832
1314655675734253569
1312009161287311367
1313589830190854150
1315390154471858177
1315428123039629313
1320152373977845760
1315398510800404481
1315795671501373441
1319990175238324224
1312463005813108738
1312804488709844993
1313424021686546433
1312046760500453376
1316462496023277570
1313854491423277057
1316905920266424328
1313825866854674432
1314659321297371136
1312078562367811585
1312192292988416001
1312748692437262336
1312886622266880000
1313566322354204674
1314659936496951299
1319792168731439104
1312885252294168576
1315668434672254981
1320003631303766016
1312904692079394816
1315995979137470464
1321071115763109888
1321640092767821825
1312028703824715777
1312493795955466240
1312162958860906496
1313622546324037632
1315352502834003969
1311709574735556609
1312523575908200449
1313645292445741056
1317521781746552834
1312042083545493504
1312167013935017984
1314212637283020816
1319799393113919488
1320822886429544453
1312031399508148227
1312097986118184965
1313290886227341313
1313823512335921153
1314362767693041668
1314701809605390336
1311561541226033152
1312910638847389696
1312914259144257538
1313609291690061830
1312079000798400514
1312905598829244418
1316427197859627009
1311427621448830977
1313194571908681728
1314544161895440385
1314704014219632641
1321939871003496448
1313659125402865664
1312169996093517824
1315794697701425152
1314618488149995520
1314697801562034181
1311644537585111041
1312169861871624195
1322327761176956928
1314645570775117824
1316155432126361600
1317847543578005505
1320003840301780992
1311914248734420993
1314224873544318977
1313679870036074498
1315408932190457857
1315698992546750466
1318193750653349888
1312193143652016128
1313093711836966912
1313892833548472325
1314703149559541760
1316890010210213891
1320029916256088064
1320457380602220545
1312447957136883714
1313604326917574658
1312885949068718086
1315013874316390405
1314667688040464384
1316907193992622081
1311933848381542400
1314720128198537217
1316159299815604224
1311920582942916608
1317834332656947201
1312225340631199745
1313260466131677184
1318306338313629696
1313094286473342976
1313642477342150656
1314742938921054210
1319786066841223168
1321631712221270016
1313566086277758976
1314675367106543618
1315351229971738624
1311923930656116737
1318314752116805633
1312034030678937600
1314762366580645888
1320429294972104705
1312169388921946113
1314336823024418823
1321654094344368129
1319799741027332096
1312073461439827968
1312075200612237318
1313833461254324227
1315424076815622146
1317573497934184448
1319800647802343425
1320070230266253312
1313045645108957186
1314293698180640774
1315431097606569986
1316123772118863872
1318899089950593024
1318993940822040578
1319752594076491776
1311939445285773312
1315809580937547777
1316908092156727298
1330192818615300099
1329174727240404993
1322679595116670977
1329438849576144902
1329456726958092289
1323656433779548160
1325862088137465858
1332021955726352385
1325631959813427200
1328719454222626816
1325812149139222528
1326088512035151872
1331922529708019713
1325960122443550720
1325863584925175809
1329825022299545600
1325832305383002113
1329157648885932034
1328488785370296325
1328819055130775554
1329540622198464519
1323053714433667075
1330192888744079365
1329023355467538432
1328760875927408642
1328804114843668480
1332021103905148929
1325831351719825413
1331971583792066564
1324158931715923970
1325827225955016705
1329158681573945345
1325811573621919745
1323850507799199746
1329824051796185088
1324035528942145538
1325831381914628097
1331274957284892682
1331638588199604234
1325932286974386177
1326208042170523651
1330893252187222017
1324162752391245825
1328356420601995264
1329835343772753927
1330523603469803521
1323299166551003136
1330892608516870148
1324040953494163456
1328085606803640326
1329834240259878919
1329601330550345731
1325887593125306368
1329581494516453378
1328844606629359616
1330275359393280006
1325596083217723393
1325825637307850760
1325818825841938432
1325997791798157313
1329050819791101952
1330247385222705153
1326502517706985472
1332021160519864328
1324373969496088576
1327388890152521728
1325949152644263937
1330192249318223879
1325803373409480705
1328394336321609734
1328804148515631104
1329804062246768641
1329801872815828994
1322696493598322688
1326919711339261952
1323982567046107140
1326682214944415744
1326914794952265728
1325804808700366849
1330539239860293633
1323979208675233794
1329162827005911041
1324020972542971904
1329598004496515075
1331979813867966474
1327255959673204737
1331077676610809858
1330248457165082628
1332019086960848896
1330201405454512129
1327274163392962563
1326682464161554432
1325739734312824832
1329528894932856836
1322720784586977281
1328823308163444737
1330947847693414400
1328394665435963392
1326372222714458113
1328399044704686084
1330612773705887744
1325811780833189888
1334639184594669570
1336401658528542727
1338501646595354624
1336497934611881986
1343729534332522499
1336118684935307265
1344439624664567809
1336357135010181121
1337364677609840640
1334898252810956800
1336497156732186624
1337230756117143556
1344718726902386688
1344409201607585797
1337979451951501312
1340403939162927109
1343578374627852288
1336394190440321025
1339937977879855107
1343327201413001216
1344058560771207170
1334677004201979905
1335017171081023488
1336811339130531847
1341413950613643264
1334151970408501253
1340077854705537025
1340461442919768064
1334639862151077888
1337086790776344576
1340839586273046534
1343463685436493825
1335960417751994370
1341177421836525576
1335693620515631107
1339237740374683650
1339948241224404997
1343729214021840896
1336732175933321217
1340974981950418945
1344408307797090304
1340965258651983873
1343365958342209536
1343729021494951937
1344438585517342720
1340417448126902278
1344722488513732608
1334665113102655490
1337087765452910597
1340693136272740352
1336649623323234305
1335969544293257219
1344101259230507009
1341406276434145284
1339755405254258688
1341177972196315142
1338276217611554816
1339768277254496257
1337219415557881857
1340005505671020546
1337393735022354437
1339725600274182144
1337419849744736256
1340526733313724418
1343308389871452166
1337223098773409795
1336055244560756736
1336729302419779586
1339941955065835530
1341177195121750018
1336852426545106945
1334536564823691264
1337259815077249029
1344516903105146881
1336465875692613632
1340334635985887234
1336754247761739776
1334221593250328582
1339767905823690754
1335744885907988486
1337444411156860933
1336831526319738881
1334290604394749954
1333927145169702914
1341430839624818688
1343399422827393030
1338549773297577984
1338132749815836672
1339990466369077249
1341572355399831552
1333963675628167170
1343325927988555777
1344074819533492232
1333585642526285825
1340819571234652162
1336831286233636864
1343738954814783488
1344423124687876096
1339776586229288965
1343961113306820608
1334688139990863872
1336119130777411584
1341594440968749056
1344719359428595712
1336410904733360130
1339686514830282752
1334924359526440960
1343326351126884359
1343326758888759296
1343739950802604033
1339749054188822529
1337605607470166018
1336107031246352384
1337810470204485641
1335753281835036673
1340309017231585281
1341855460530544645
1343948530394619904
1344472720864514053
1336766306092081152
1339918929922318337
1343296972078383104
1340463499986800643
1342916389103931398
1337088569702141952
1336729323722727424
1337139459599560704
1340463743273197569
1334664586776223744
1335964718238986241
1337121308002422788
1340335228737499136
1340344753955745799
1337202351694811137
1339754130332557312
1344462819492823047
1335894493648867329
1338276422578823168
1334694777707704320
1343367212963426305
1337070706635370496
1343581849466109954
1335875195651960832
1334500046935625728
1344444616653864960
1340395599007518723
1340758324036431875
1340288736249204736
1341118516041314306
1334923388536688642
1335688477816487936
1336126149366341643
1335001710792744965
1334289635447599106
1336732552040738819
1343568337712779265
1339935326752653313
1339979733166149636
1340074570976546817
1336356823830589440
1336744133818417153
1338527784407330819
1340480004589699072
1334935285688307713
1340374853392560131
1344720610711265282
1336729489871679490
1343326930238468097
1343391975618342912
1336842161321619456
1337939888864423941
1257278237098471431
1258002589959913472
1260043714858307589
1263743235047911425
1258031089664303106
1258052287492227079
1261114934961807362
1257348406059700224
1265104385513750531
1261077241137467393
1261914267206529025
1256288958889308162
1256339504874455040
1258122003321704455
1262364515464855558
1260287882125889537
1261371869615263746
1257803128734441483
1259227719423995905
1257266372163313671
1257719989676589056
1258034051455291393
1259919594048720896
1263611884504100865
1256732735378460672
1258449332086296576
1263774967277248512
1266161673490006020
1257719310124027904
1262383619487694853
1265363703421173760
1257797559013253122
1257799725773918209
1265420388537794561
1258924586080452608
1261096673490632707
1262917879865004033
1264216863195758597
1257735200290869253
1259967771070337026
1260142493200527361
1263482657868075008
1259137744795832320
1260233926137782280
1261314635044700160
1256282304571412480
1256613303335469056
1257391408186634249
1260598744229261313
1262159543687094272
1265005036582531072
1257839729313296388
1260091143624122374
1257671568613945344
1259938489749118977
1262769351993720834
1262896027700527104
1257722007464153088
1258473157050032128
1263209839347580934
1257679248342556672
1258772573653020675
1260346606404030464
1262924945748897794
1256055711504543744
1258058991013228544
1260025116898914305
1257948491814404097
1259781616580386816
1265988133591670784
1256270504119472129
1257719604480114688
1258138964554375169
1258885079910305793
1259955064736813068
1260601413404692481
1257810075583840256
1260676914613678080
1262065788409638912
1264915624385556481
1257793326893486085
1257795710063386635
1257998053296017413
1259964773472468992
1260994793506734081
1258180059367706625
1258803565512011778
1261435887356981248
1261702850041667585
1257725956925652993
1258475501108310017
1258510951302586370
1260986605927632896
1262534070489186315
1256199869729030144
1257101478491295750
1265628707059892227
1256211428656197638
1257719086492024833
1258196251465506816
1262557975794741248
1265290155390361603
1257846427402727424
1258592808560201734
1262483456006787073
1264626595693842436
1265957959919640587
1257024130127237126
1257464363033800704
1260965986385231873
1257493489547382789
1259997605146226689
1258755352545411072
1261359239026454534
1257756522735697921
1258095154805657600
1259841316298596352
1260985771881873419
1261328550545817602
1257900536549892096
1258111185183883264
1259135396123938817
1260564375850622976
1257734843921829888
1262385802908258305
1257634804033630210
1257814559001198592
1260374816361795584
1263530817986408452
1265708956686716928
1256213413039992832
1256538177285820416
1257849882162925570
1263490207267069953
1264643649209589762
1258058585268879360
1258069485766008832
1258107820840550400
1259653770251612161
1261294124562595840
1259293285069266945
1260829514524917760
1262504369347584000
1262732908772626432
1256348877344702469
1258170374719602689
1258579151155576832
1260198442321743874
1259003558063726593
1262908633853186048
1258440908506202114
1261375934822662144
1263191528631123969
1264215040212819970
1264217042594533378
1257430207629275140
1258066441984761856
1266140800125001729
1266520127702478849
1258323483823673345
1258454604905426944
1258772362176221185
1262565367878213633
1258540313380974592
1263867346843648000
1257688269690744835
1258336834058366977
1262079159842439169
1262565209325125635
1265104339628183558
1260260440095031299
1264054904232042504
1256226737773580289
1256368505907105793
1260234509141893127
1262565728043126792
1265436649862959106
1258792003413790723
1260259833489485824
1261048070848106497
1264626300624482305
1256248393631965185
1256615374143053825
1256727150666952706
1258578127267168258
1261404024441499648
1262107849318191105
1256700065650847745
1264278470793654272
1257835718094848005
1258197024777875456
1258457529878818818
1259993005328564224
1264633081157345282
1265770182657609728
1266506251929661440
1255997483739725824
1258380576077291524
1262493464559710211
1266783667361394691
1256368468150104067
1257767184484511745
1259190715105542145
1264209457543892992
1256039862743863302
1256371271748726784
1258006620686233600
1261389746296643584
1262948942549078017
1256126318057488385
1256405819803029505
1258776989286236165
1259997216464396291
1260951622940872704
1266066006377672707
1258390953137561600
1261087747005190145
1261264323189637121
1261825007841312768
1263559238023954432
1264637500749987842
1258727303242305539
1256515394602520576
1257721227004837888
1258055875694071809
1258444660843982855
1259138261647331332
1260971215927246848
1261527977445093376
1264336391669985287
1259269053610364928
1260270230187761664
1262131377434230785
1263824981995204608
1264352741033340933
1257025897288175622
1258101080916926464
1258126326143254530
1260138635732627456
1262857994695475202
1257720379633627136
1260091932182589440
1260404026153279495
1261305027148251142
1264668605716688896
1265686896983900160
1259905796156129281
1263793522890739712
1259475239450415104
1261426349996036097
1264698808295927814
1257962717912141824
1261621908640092161
1266005998340374532
1257394587833860096
1259893424662208513
1261094777661071360
1258445386810707969
1258834410901823493
1260637964050337795
1263840138477678596
1264037036245180416
1258111334165643264
1258042938359242754
1266872876008796161
1261384470151774209
1263866143078412288
1256213326998188032
1258236016399462402
1258775469450825731
1259983363584061440
1261122358179516416
1265806296428818438
1258189726433062919
1262091622730338306
1257429913101049858
1258012320736915457
1258929961538334728
1260015235546505216
1261547309529260032
1264961024165208064
1266903977377116161
1258044319098826754
1258755832889688065
1265363976759713798
1266666398417387520
1258353423075942400
1259435578648649728
1260952288249761793
1262118921903226880
1264345979827953670
1258488757117911047
1258878432584372231
1263476802594451459
1258101873317478400
1258444098509377536
1257450497918865408
1258061859657256960
1258442359185932288
1261068674707922951
1263191832546226181
1265431096616980480
1256522802275942400
1258178864465018882
1257467347448803336
1260509479935893504
1261682407251550208
1262937293897138177
1263465960649814016
1258206475085848577
1262037154508791810
1258057445466726405
1258446011329966082
1259139277654495233
1262110016393244673
1257847009492570112
1258884432972460034
1262505047549718529
1265773447797497856
1256380620751671298
1261448108136947712
1264880679017484288
1258766020149497856
1263860224072413184
1259543228241661952
1259715208177737728
1265449685583638529
1257762755467112448
1261294394113691648
1263552527569580032
1263649691809415169
1258037339227590656
1263836631183659013
1260270468436758528
1262509964905635844
1264878832336678914
1266342787303301121
1260594544011165696
1266188259731943424
1260966788264673281
1261367877120090112
1262777296164990976
1256201580992323584
1257045483878580226
1258008688486428672
1259136745028947969
1264368778541850624
1258061309414948865
1262853694074339328
1264997955020472320
1264999024559640583
1257450083735519238
1259334138856984577
1262397439241326592
1265425679165935619
1260004064458346509
1264994875763822592
1262087322448859137
1262211355932852224
1257684111357022210
1261148720638418945
1264282186548752384
1264895840524648451
1266515943485771776
1258113197933912064
1259155593144795136
1262115511732785158
1262306346248085504
1257685472853327872
1258885448996474882
1260007408811704320
1260286966815481856
1263595012090064896
1260026397910683655
1262586816898699265
1256684396855259136
1256930290993332224
1257720854382862338
1258059229040193538
1261327573595770880
1262825548838912000
1262950476401778689
1256965385108230144
1257477995763302400
1258381969366360065
1259219604787920896
1266439558662668291
1256049976351821834
1256571497642164224
1258061523655618561
1259537203753095169
1260741296777502723
1261438677026172928
1263519207012085765
1260623226192961539
1262016679384616960
1256246257686904834
1257673786503106560
1258443674909900801
1259263568245133313
1262504190221352960
1257032990904979456
1257795507591745536
1261320887011287046
1257460886773600257
1262556946995036160
1258436741008105472
1259441474900500483
1256042586814459904
1257735387629445120
1259850333506985984
1260279692877324288
1262112818905612288
1263561389261512705
1259704021964648448
1258104175877111813
1257874063885729792
1259794971231522816
1259955758206246914
1260420057487880198
1258111115747381249
1258175438800793600
1261459975710203904
1256190490359279617
1258831145342550016
1259528068806443018
1259998246761570304
1261203165627678720
1262142846162948103
1264209676000014338
1264223251573530625
1266541203039944704
1256768351638106120
1257834640389406722
1261066887837945857
1262511766162022403
1263642157837021184
1264628652815327232
1256638777365278720
1257833938870956033
1261329175002124288
1266382405935431680
1257814735464157184
1256402487495528453
1256615819905286145
1258140544808767491
1258375809078714368
1260503422769430529
1261673733514825729
1262139868211224576
1264282348318863371
1260016607436271616
1260599555462234113
1257045137563234307
1258436980792229889
1260300911739535360
1261749855703031808
1266882977264353281
