1179818617170485251
1190028420194938881
1179995012119048193
1182653298760933376
1180185666824675328
1190086519580704769
1214090919923912705
1213827899284971520
1226428564008046593
1224484466447523842
1244266002726170624
1242873553428647937
1242243897700597761
1234652477687025664
1240528529122566144
1241484955982745603
1242389691007152128
1243200459478839298
1241660001975963649
1245071300923662336
1235351893326651400
1244577855914344451
1237911656279277572
1243628357507518464
1244262390591602691
1235664280495718400
1235228578683506689
1242814367198064640
1234741098398015488
1245071262722002944
1241395130264936448
1250911292963147776
1255450972551286786
1245437074947350529
1254090523134001155
1252148360980692992
1254449678722228225
1248879243326603264
1252692198447087616
1247354866529435650
1249879461056729090
1248965455634747393
1251611350163431426
1252834022113214464
1251705422282723331
1254726750032089091
1251583744558936065
1263612101718933505
1271367596466745345
1269195419831148545
1270431759751094273
1288445884473266176
1286878131677208577
1283538741257220096
1287309960049762304
1287662694955470849
1288938503473111040
1287707407897026560
1289589006607380481
1300075353713643521
1289599072647573507
1296811736125919240
1296803705535246336
1289608759484923904
1292938026272854016
1296902310283575299
1307318262913474566
1309933515388186629
1300878662934450178
1303441728595275777
1302518651308867584
1308998977896022018
1309885014226669568
1300885690939584512
1310134618360872961
1313394358868152325
1318078194000535552
1316447087714807808
1315953796963610626
1313401225736585216
1319111512930267136
1318057970522071040
1314919507882901506
1317507192157835264
1325783502290292737
1322941981555855365
1323036016584855564
1327119044986736640
1339143418333769728
1263612101718933505
1261191808710828032
1259076902939058176
1258033824199577600
1256887404172120064
1259844896065716225
1256239225823023104
1260350056718372865
1265965446752342022
1259948818310860802
1257935098483298304
1263612198808694785
1264555157091729410
1258421201187287041
1256063706296995841
1260920061256179712
