1188318689713508353
1179451742687092736
1190040994609270791
1195531342739640320
1205550954373730304
1214251683288698880
1228731671400329220
1230986509941190656
1232768604560646146
1232036104406126592
1234947028339347456
1239982669825441800
1239573071956230145
1239390240198008832
1239647766218813442
1241810666878468096
1240390912984973314
1242437171312644097
1250481534349594625
1248637223609794561
1247982452464914434
1248041597918461957
1246635577337929729
1253343921972736006
1248942044728483847
1250555510945873923
1273971991410860032
1278065830924820480
1283415709637201921
1283148155458994176
1284132885134548992
1283777484429897729
1283100626986192897
1278155948033368064
1299387221624197121
1294368132585291776
1301217489729318917
1320819401713684483
1328809651668971521
1323273588531671041
1256229909309067265
1262729717385478144
