1185588879300145152
1189307641505308672
1185536464798605319
1179027041699713027
1179459713978617856
1189854711677108224
1184921035847548928
1186769221621112832
1179800076430008321
1186326321376436224
1179692853196283904
1185208004888711168
1188598107052924929
1185478980171976704
1180525883427307522
1185488972690182145
1187783418861498368
1184136993342660609
1179060988533968896
1182540128759119872
1186345137485553668
1188183534495784966
1185118344636178439
1184113121083809793
1187152109604626432
1186955348944416768
1180894792609402880
1182297403443044359
1181136760329396224
1183127541374042114
1182497306643439617
1184118255897796608
1185513373800251392
1189703738358931458
1186726680762519552
1183031011468288000
1185509795618537472
1185530570115338241
1183314920630292482
1185258140876435458
1185538472175722498
1179868553316634637
1182058466539692032
1185579827677540353
1185566392092909568
1186886539227418624
1182710064228044800
1186922248818647040
1188573235652120576
1181208855725924352
1182992101858037762
1182064271166849024
1182291896342913029
1189148397074178053
1181790160880574464
1187496722240589829
1194374071552794624
1197150525101359105
1192584240187215878
1197259215624163328
1192577491568865280
1200019558377119744
1200504545773621248
1191035944100433920
1194687754950586368
1190702755125481472
1192215918279057411
1195418508429008903
1198986660047925248
1192440261877653504
1194427171080691713
1197171051354099713
1199338873173622784
1199414773299007489
1194284967536320512
1193966712166735879
1195825678014271488
1197900700866564099
1197454372382347264
1194732764031049729
1197153653926305793
1194238414960222208
1196161725667717120
1199237860001533952
1190657830837215233
1191502623603658752
1197550235637010434
1199368514345287680
1194523939218874368
1194027177236422656
1195954262771208192
1198630941775843328
1197560666489405440
1199642465298456576
1200013970574327811
1192313623684829187
1192850535184887810
1196413026729103360
1195340690080878598
1190369364798824450
1193272366111043588
1193179248330100736
1193986777696133121
1192193596012867595
1194773543583649795
1197894048712929280
1197907366127247361
1197270591448813568
1197841036871192576
1199616901003038720
1199978714680872960
1194102800520753152
1200899481862070272
1197203880876150786
1197292538639605762
1193575081596870657
1194462719342239744
1191042061698392065
1195427475175755778
1204433232889962496
1204544631901315073
1206673923385036801
1207776604878974976
1205459860097253376
1206905141158404096
1210313500297515008
1206680721303187463
1208987846561787904
1210288162507042817
1207281354028793856
1205805489130524674
1206988651722227712
1207041645381902336
1208037255681597440
1201552782031020032
1204634415520813056
1203195197263355904
1209521746061209606
1210278893086806017
1204724699260960768
1202501277722333184
1204489218447294469
1205088748066803712
1201868667643977729
1204454917412446209
1201066084897570821
1207858703636082689
1201454446552723456
1209319433438715904
1210561419730718722
1209961858230345729
1205606601987706883
1208502479517868033
1207046858872414212
1209817435764920321
1208160165561802753
1201387755764211712
1201485941573136384
1204103678023655424
1210463055605161984
1207033976357097472
1211699310909444096
1201045904574173184
1211762947598495744
1210101264324988928
1201196357396115457
1204556778979123200
1207344553818284032
1214560358905466880
1215538759992631296
1214334353037316096
1216752090128666624
1216816508585725952
1219718983726829568
1218587288692830208
1214964131985600513
1215281872013578240
1215673514600083456
1222876183156731905
1214868971616448512
1216788248862822407
1221475989613678593
1222859505718956034
1217870126122438662
1216812159063285762
1219313704900218882
1220569754617962496
1217629909956341760
1220769111640178689
1222979971225989126
1218082085023494144
1223325383245934593
1220111096637460480
1220148459925393411
1221795025803251713
1212712332511629312
1220123440461549569
1213115890692165632
1213150087108530176
1215302847174148098
1219709668194283521
1222556225252085765
1213142981957566466
1217163088102928384
1217808687907078144
1212339789535383552
1220231221487329280
1220035133580828672
1224261207550459904
1229732924364349444
1226343085786923008
1227424566101843969
1229326007687172096
1229718770249347072
1226921207691345920
1232930147927494657
1226295946788687872
1228783101163098113
1226209077782511617
1228452053153918978
1223770094209241091
1232310137005707265
1228038733833932805
1228913678247956480
1229753419855994881
1226697400045096962
1224848878928687104
1229210050562011136
1225928867501637633
1226986244539895809
1233312779739828224
1231120304975556608
1228344090351341568
1223510634265866240
1231701053294497792
1229189982197252099
1233864196791635968
1224329442304106496
1227888293074886656
1231254104078536704
1232749767714885637
1233785584620978176
1237490706958163970
1240215972763635714
1240404984895807488
1240504931334762496
1241066140526424065
1242181074861654016
1242880525997682690
1243596799908007936
1243623559567679489
1244889958323638273
1240309673498218496
1240575370069508097
1240579254007607296
1240726737174044672
1241409293469040640
1241455848288894980
1244665922591371265
1235408704985387009
1235908752412459008
1238843128045621249
1241108843603660800
1242467457157062657
1236266569988218880
1239476730860933122
1240541052114698241
1240756064896929792
1241215604188684290
1238622579839156231
1238622579839156231
1240495758010470402
1240808929887731712
1242304136378490880
1242574396352413701
1238557700134502407
1241035611060023296
1242084396779347969
1243656115537219584
1244110580291497985
1244740620096172032
1236614428763840512
1238252203829329921
1238534778284118023
1241965270144413698
1242884964938592261
1242931248613527553
1243031051099725825
1243033623399288832
1243733668436287488
1243790501263716352
1236351177475756033
1242173176882356226
1243046175525072897
1243299100789026816
1243590785251053574
1243630128279752707
1244815384911450112
1234843773999472641
1237506014703808512
1238011919354793986
1241890645108645889
1242072686303510528
1243209183723479042
1244867581724352514
1236679809587195905
1239877647624216577
1240449896853000193
1243786902538510336
1237841407940808704
1242879619616964608
1243206388207230976
1243604963642744833
1242239690905976833
1242545070143832065
1243942680675192832
1244548869129732096
1238415115600330752
1239914167408250885
1241134516938268674
1242509242034159620
1242918446733709317
1242114943907966976
1242663269472456704
1244293427770032128
1244358774921592834
1244720827678863362
1245004605433491456
1240605799757512704
1240744333478899720
1242532646263181313
1243198957590704135
1244416048104792064
1244497102803292160
1245034573748154369
1238981996082352130
1239524332029628418
1239991369273409539
1240030733252493312
1241172412491857920
1243571661653368832
1244548246657101824
1238277260420853760
1240723742440882177
1240990700667371521
1241851627947970560
1242647431772139520
1243161891091943428
1236580098389741568
1239110238244081664
1239583714969092096
1244324683585118208
1244799805479514112
1245013884433575936
1236021282866630659
1236683347184586755
1237187068708691970
1242485466148098048
1244679822762291200
1244726095288680448
1240292067298775040
1240647897990881280
1241088996186509312
1243756967757111296
1244083980875399168
1244655870488657920
1236142137575477249
1237514681587097600
1240935608303980544
1241079030486568961
1241170088885174272
1242581438597189632
1237038564057235457
1240867625736925187
1241092408911310850
1241095950308868107
1242169654388408329
1242801982248796169
1242863153194680321
1243543343814017026
1244375564720496640
1244664572788826113
1235814147184414721
1235988756064161792
1236797854062202886
1237097465821749249
1242141959420030977
1242147298752081920
1242252739096317953
1243219015037837312
1239548885082746881
1241072005954355202
1243165542820843520
1244036017029611521
1235657892566622214
1239177456910618624
1239226674866249731
1241137910134517765
1241168900437553153
1245023068147388417
1233988140161028097
1240597599880708096
1243111741208305664
1243487678995152897
1244678776224710656
1235239629013618690
1239561759230275584
1239694478186815488
1239936627901857800
1241346362253488129
1242445794797551619
1243551173153521665
1243907451747012609
1237754791226494976
1239945287185108992
1240330540215144451
1240983213977350144
1241036385085202432
1241847120774086656
1243243371050569729
1235988892299427840
1241424559397638144
1242276196244750336
1243122877102206976
1244341116897357824
1238496232642883585
1242645498173022212
1243493225760948224
1234639393949933570
1235099806889992192
1236441636038676480
1239629047035879425
1239965745485766658
1240366444052914179
1241051641618616320
1242789529716695041
1242867917944844288
1239300477818482693
1240688472186208259
1240689123339333632
1241771120040140800
1242076184323731456
1242200457365393410
1244675519293067273
1240251322374463490
1244550556384931841
1244605068617359360
1240605673584541697
1242134680541048833
1242183025716330500
1243037200029061122
1243649866229637120
1244845043271094272
1235087840511283200
1237451114225729536
1238523543253590017
1241501296265269249
1243613514201272325
1244308174804520962
1238940016614805506
1240620733992185856
1240678827510071297
1245034787644911618
1245086550297321474
1238113175326855173
1238587341276618767
1239525347051343874
1241004749362774016
1243792454911848448
1236735203743334401
1237065327151853574
1237515176548720643
1238473906329182210
1240551781320593412
1240742034945839105
1241573169846276096
1243406462363156481
1244328760465403905
1238187439560089600
1238812621593358337
1240621968811913217
1241738006010245123
1242225254099009538
1244408771012513792
1244576362809131008
1236987543637209088
1237222158268424192
1238099859279958018
1238420726744592384
1239589332022935559
1239982224193327105
1241762862734938112
1244792093417115649
1242768735687061504
1243567770052243457
1235863975495008257
1240322026398601222
1240478108978778112
1241255967209242631
1241718565390204928
1242081901525024768
1244571858114093057
1244938003002376193
1235271707348422664
1239220995774459905
1240645993781235713
1241170961266868224
1242410420012531714
1244721779077255172
1244800053438484480
1237048857743196165
1237110099044446208
1238629423118577664
1239809448220266502
1241740182820454400
1237453291371495424
1238595627065327616
1238808108471812103
1239655192662020098
1241093375018835969
1241374473653190657
1241715229190492160
1242790084547674112
1243175583984435200
1244851051968073729
1237141153658490881
1240326027097698304
1240623960515117057
1241997291554144256
1243917039208521732
1234810727040520200
1239407004785008640
1239666561398513664
1240247664912093185
1242421033291993089
1242476501301211141
1243546132694925312
1244704878078853121
1244754142595133440
1244972718031765513
1244972718031765513
1237785150462636032
1238254467360993283
1239818927380869120
1240037215109107712
1240645289867972612
1241352604573208576
1242181096470650890
1242623859771269120
1238124936037912577
1240319496562315267
1241947921450323968
1243266733319880712
1244446578456199168
1245051524256014337
1245471351772758028
1248738800655794181
1248963850914934784
1252355127387668480
1253005223531962369
1245400628802867201
1247139338393202688
1248542193893040128
1251138930222612480
1253272178419806208
1253296890730426368
1254828709812584448
1255162966468694019
1255858679854895117
1245331532635668480
1245474475740725250
1246478692261302273
1249321416689885185
1254028059088498695
1245997342475669504
1246343983367946240
1246441020331634688
1246674499400896513
1248711233659953153
1250431040780242944
1251465406977576960
1252988672825229312
1254811597031145474
1246873658598907904
1253664555554791426
1255511148214001666
1248252978114355201
1248252978114355201
1250078903768616962
1251104087950667776
1252663769458782216
1253766670079987713
1245431069689524224
1245535170452578304
1246501942622371840
1246771510515093505
1254540096176631809
1245345560418234373
1245992158512861184
1248389332374716416
1249189236672278528
1254478621873332224
1246492924860403713
1246904940871610368
1247869868743053312
1247979242551414785
1250245912577769472
1250630110815887360
1252257610100858880
1252664529558761472
1254635545302642691
1246316572630749185
1248109183146364933
1252335258017697792
1252350506623569921
1253879815612043265
1246550294546149376
1249358406231756803
1250473239651835904
1252270037559382017
1252769572102516736
1253398152096423938
1255713179990196224
1255961002178420738
1247778156083179525
1248186363557666816
1250439009546809346
1253191630997291011
1245980288930525185
1247000620176998403
1248126402345476097
1248745588717260800
1250812617863524352
1252516170059722754
1255441858290950146
1246753131070816258
1247963721563070465
1248655823074541568
1249950239294971905
1253003411617955841
1255923829974720515
1245313046169485313
1247612770478174212
1250044722988670976
1251205774841430016
1252714558663335937
1254850318359310344
1255436154058530817
1250505137346527233
1251129014913249282
1252663857551675394
1254748883797921799
1254773093316222984
1246266486966059018
1247515332589359104
1248687326605213696
1251702019745820674
1251834719135809536
1255194214863908872
1246526978817011712
1247661262152105984
1249474269689442304
1250036298003464193
1250077939728867328
1250350346309787650
1252242124344627201
1253005667830546434
1253430639300231175
1255181247996923910
1247244163130638338
1247442256744927232
1248801704675627010
1253071725367001089
1253649795664744449
1247126923278499840
1248636654622998529
1248636654622998529
1252277590452326407
1252997099148509191
1254383154409824257
1255241602659991558
1255588818893312000
1255629924125286400
1245686687365283846
1247355980045848577
1252182695884570625
1247917482956001289
1251656717055729666
1254208208341794816
1246607828997021701
1250851788183556096
1252755191394377728
1246671453220745217
1247357351499157505
1250059625086492674
1250470376309698560
1253313873970704390
1255170365224935425
1245151682897432576
1245818691406557187
1246224283900227585
1250090849180045316
1253332526073929729
1254759042418761729
1255110114018840581
1245439386990362630
1253151642494529536
1253330848356556808
1253984203458465792
1246956723577016320
1249612564306288641
1251750796007313414
1255404570261565442
1245111006105178112
1251863437547917318
1253834953332330497
1254367208433692673
1254829592910499840
1248281450761371651
1246849778757107718
1248042804053512192
1248245854537801736
1253060933934624768
1254069159081754628
1254069159081754628
1248078837352665089
1249424231630282755
1249950021136465921
1250998114867122176
1251173020791701504
1245620622291427329
1245888545501274112
1246159544809590784
1250068048926695435
1252569548601069569
1252981902782365696
1253554520287703040
1245333430474346497
1246459341076652032
1250301212009697280
1250847644202737664
1251680133171286016
1253768112920559624
1255742524208984064
1246180546234982404
1246434664392224768
1248940083304108033
1254297342402080769
1246451074107572228
1247923846918930435
1250686457100095489
1255257750050877442
1246890356114731008
1248012944840904704
1248884840067477504
1247133286012456960
1249584654325170176
1252303454434885638
1253433807069315075
1245181620887400448
1252060179748868096
1254395970848280576
1245184268470562821
1249839476140118017
1251020087013883906
1253340845954064386
1254625307044335617
1255844138223894528
1249384222164488195
1247643032385540096
1248584728736866304
1250090356726775814
1251435413010624512
1252587079244156929
1254972394176905217
1255197257932169217
1251559967355740160
1253161414522556420
1247920960944197633
1252216010737881088
1253100030224982022
1254435276132282368
1245337591848853504
1245439970002771974
1246343181853052928
1248180706410463233
1251107741403353088
1253086770356355072
1251255888402407433
1251592498461499395
1254781536458555392
1255145367147966473
1255590398891823109
1245471943165427714
1248561048065581056
1254757259818786817
1245396770907140098
1246802804238409728
1249904378787454981
1251137621595754503
1253841047664427019
1254801732045070337
1246169109529686017
1247607744820961281
1249783901603663878
1250066740320645123
1251230743533096960
1252039392786558976
1245736503105462273
1247587469496901633
1248302878076395520
1250355639760687104
1251365535901782016
1255195459750170626
1262754606360047624
1262754606360047624
1259566889929519105
1259095017395757057
1262761918906773512
1263857372184760322
1256692578801590291
1263794336585654272
1261330132654010368
1265690490483224576
1257367190648520706
1260232714617307139
1260721501403299841
1265470528556417029
1259021066556628992
1261238732377767936
1258538351969267713
1260236844316442625
1264308935743373315
1264308935743373315
1261491936319418374
1266407511793512451
1273121491404689410
1274821908387835904
1277716800227115010
1269305106761166848
1274910110255419392
1269987469119885312
1276181249845899264
1277678769797509124
1277593550625136640
1272455939262734339
1274479490643693579
1275707367888424963
1268962486667091970
1276064586622525440
1275261544142704643
1272682473617588231
1273195931928678402
1268716192082132997
1270333763248099329
1270996849210490880
1271534011358294020
1271976542873272320
1275588489451581442
1267267006392344581
1272529695846924288
1273570917361356800
1267306636613484544
1273311837325574149
1275396989451198476
1270225184495001600
1276793334581719040
1277592617098842112
1269059786148065285
1268827014389170176
1272284262893596678
1276160294025408513
1268274560304132096
1276597550225727489
1270197569121996801
1276194968307208193
1268573726234365953
1268796774321467393
1268546886547451905
1267217521972776963
1270145372682403843
1277574563963047937
1270457022044082182
1273584452690751493
1274990024480735233
1276070493980745728
1268208088630415365
1268851959735476224
1272980165866512386
1270286425276272642
1270403739338321928
1273294910091714560
1275833168419942400
1276166093317509120
1267754762952458240
1268267300949458945
1268957638068404225
1269376833574895617
1270013364652118016
1267255392351817728
1273517119121088513
1274796975104409605
1268664024180326400
1272705437406826496
1274844230465306624
1271273708770881537
1268559485339078657
1274159752747106304
1277654640021196802
1271851493889638405
1276475912179953665
1267505855215407104
1269157496129642497
1275151145401491456
1271083992830410752
1272548263187615745
1272572266967113728
1275048827901206528
1276105174482894848
1274765895957647362
1275809254968971264
1267867215489097729
1275383773157302273
1276772455604871169
1268718629832531968
1272573467838361602
1270304554899439618
1268882492901281792
1271057676190076928
1271953761649537026
1272835087994957824
1271426464098013191
1274713246537338887
1267352016310976513
1271017583202971648
1274939989596438529
1272571294073020417
1268187391786995717
1273774920615501824
1270453880523014145
1271401889696006144
1273731187127828483
1270054419447627777
1267736923637985281
1273432410969997315
1276271329843580928
1277719056779444238
1276510598088527873
1273819420024909824
1275350697643474944
1277331839112433664
1277978830964060160
1267915345123213315
1268229154383724546
1273908065994182657
1269625155669708800
1276927002726064128
1268259398759206912
1273231396023214081
1276926382141038595
1269642206522073089
1267446538034278401
1268684429909807104
1268713173047283713
1276855327951147010
1270487353237352453
1267470935965102080
1268931000010182659
1272549971330465794
1267237559735693312
1267832029183385600
1273610836645482496
1275766442512670722
1274001152556711936
1268635437847007233
1273649936299552783
1272888875300651011
1272520572971384834
1267459737668517889
1274783492740648963
1277691911210446848
1274049731090579457
1268716201578057731
1277550291039256577
1267752885196075008
1271185518534037505
1271676347111391232
1268228944844767232
1270513137645740032
1272935120387944448
1273338987038625794
1276045932031811585
1271549357196636160
1273950954078035970
1270966441253253120
1276720441323732993
1276836927505915904
1267870757306150919
1283409025099378689
1287053790017777664
1286434680061878273
1282789555079348224
1289317469077659649
1285861640215367680
1280122492481425409
1281248620411588610
1279101461625016325
1287929125165047812
1287969784731033602
1281284361975926788
1283199607196065792
1283911551280439298
1279111537932636162
1287746648295247878
1281820691818598400
1285237993234669569
1287452074716696578
1283253013071777803
1285956393736994818
1281610018425647105
1279126128326664192
1288543871715151872
1278397728712785923
1281567109890428928
1288821765309968386
1287482540828368903
1288028475639705601
1284174967018532867
1288969750899388416
1278152181561135106
1279119557374836736
1279475757128077313
1283502085074493441
1281641745873346560
1285476812081029121
1284722133218856968
1285701921383370761
1282238071212146689
1288429547575300096
1285271828265684993
1281558286542802947
1285420043979886593
1280381915380539392
1284614022772469760
1286417337319673856
1283960864769404928
1289239100461944832
1289316927379136513
1287786140293095425
1289222954728009728
1278427118175649792
1280997497834364929
1286011916264116225
1283464389937573889
1279010770920050688
1286998571519225857
1288519095944609793
1278812266935267332
1286681248413429761
1278189087241969664
1278827022312071170
1288235768150982656
1278670740133380097
1282226255753089025
1278470378264952832
1284050241344409600
1286369486661132289
1283923416471318529
1280199115184525316
1287903593132175367
1280088813340102660
1280626652456894467
1279407163455221762
1280296787941736448
1281551970147414018
1286715518389571586
1288500707293900801
1278093119372824581
1283481908815503366
1284589310533144576
1287750101939568642
1289184039950319619
1286544048522764288
1289304556183023616
1285101254105063425
1281483444162306049
1278256927777206280
1279889524563144704
1280929987227353088
1287321664095768576
1278658943670239233
1282688039190507521
1287708060161638407
1279141148129472513
1281352749662326788
1288092094851166208
1288742329386491904
1284856268973395974
1288807608825061376
1288511894341419008
1281529242560466944
1282276104741543937
1284427763198210050
1288522099066318849
1281601081458532353
1284935914653876225
1285897497873981440
1282959824762933254
1288132602256334850
1278723206690607106
1285859567516164097
1287045695690747904
1281053840440266752
1281582459554082816
1285319438351433728
1286691444787417091
1286774923898179589
1288885067557871618
1289185713817362432
1280095549392216066
1278742571796307968
1278670096421064708
1286357834008080385
1278899246943608832
1279892637374451713
1287294191681392640
1288112680482426882
1281570774520926208
1282797025139007488
1283716886337925121
1279659487268409346
1281573554287456256
1283348080092479488
1289036417205641216
1284704158373879809
1285850440106565633
1281849859004420097
1288617520702853121
1286536763654189056
1283610321748398080
1278840194209394688
1282750162855747584
1287802107735822338
1280891913537753088
1281576522630017024
1278257047549677568
1285541802812993536
1278329827133739010
1288503929706356736
1289190808244101125
1279083879089885184
1283364287977787392
1284067973460832258
1284079446908076032
1285273265498284033
1283146435790331906
1286731920840237057
1289010360612270080
1280901447190806529
1283766144231518208
1286005884624277505
1283449266237698050
1286295017464635392
1283722489915482113
1288959590177087489
1286145992299954177
1281608332181151744
1278534772273414147
1287717555319320579
1278349587238051841
1281572024092164097
1289267150092345344
1294134572750258176
1299446241206640641
1295363834559918082
1289333034190123008
1298854311951097858
1291445252163870720
1292475907114971136
1297254813751824385
1295586589721075712
1295721550608556034
1300206259325620225
1292120952273174529
1291909913933787138
1300465346491478017
1294243371498733568
1300417195588153345
1292865074386874368
1295503236690882560
1295452656165629957
1296208493653962752
1300038332479672324
1300145421948538889
1300234122598678536
1292550137760354305
1293527187199533058
1291453214253035520
1300016317420904449
1300136667198754816
1292113706785083392
1290285069219663872
1289658231200124929
1291593058560090112
1294306878256807937
1294657759712026635
1289728545455927296
1290108381160595458
1290425767105503232
1290665513052512263
1291070161122758656
1294307665380700167
1297050813634764800
1300081405741858818
1291345641700880385
1293961523233280002
1297454577495638016
1292525739003252736
1299397712555769864
1296133600925097986
1296318365938540544
1294070438197374976
1300550893209821186
1292847680604065792
1298920926529150976
1298222848973115393
1298977370708221955
1290693227322970114
1294488059921100802
1291104334910902272
1296062929180164101
1289608907992702976
1295737442818039814
1294992240830554112
1290104111115853827
1290333675176054790
1298842730001567745
1290639249528590336
1291920101873156097
1292377804668047360
1300136633220685824
1294336642887581696
1290295752825008129
1293470107155324928
1298595203385831429
1292798504046407680
1290765460175228929
1298051167705092103
1295413013483327488
1293451763350032384
1296427380639248386
1298957842003693568
1297753959306854401
1300117087570939906
1290344440276684800
1298598569662971906
1292955685802696705
1299753862191087616
1289416605718335494
1299457249262202880
1292913623443087366
1297888158546182145
1290334164277956616
1292157710901735425
1296639994124283904
1299436739233222667
1291370249607098368
1299310941549535234
1292723927668502528
1291072474977894400
1291420342183837696
1297975664210071555
1293033375024836608
1293188075330273281
1292848717876338691
1293316988123611138
1297496030586515456
1293983506507411456
1291503339054731264
1291877831681757184
1295493032335335424
1299702851082518528
1293663841826603008
1293926094882639872
1291762257844633601
1293294885680939015
1298641354189352962
1293306520676048898
1295779821058846720
1299088429574217730
1299720067085729792
1295887951231094784
1294975711665704961
1299938780367912961
1290145436175458305
1298325382903541761
1290576468075065344
1299204944843612161
1298206730262896643
1296680933387452422
1296470803912032257
1297779438873174017
1298286086486097921
1299300701894369281
1300519778340286464
1294074338367418368
1294812779136737280
1289435937395490817
1291401606236438528
1294331037351178240
1296842850148155393
1299376089635188739
1296079486685859840
1299350034580987904
1292678975500632064
1295631856877019136
1294482739689738240
1295103606882889728
1294076271731912705
1294688054150664193
1298489135041142785
1292146036442411009
1294659419008126976
1300501922500218880
1289543923816206337
1296570113324457984
1291121850345500681
1295821047887998976
1292441290311958530
1300173665892433921
1304172692178956288
1309533164491157504
1308692318619340800
1301520393971404803
1309466692322570240
1303296274863722496
1310870315489210368
1307506164914036737
1305596937538658304
1309290896882634752
1304488636394676227
1310613958643060737
1301306480080097280
1303107531191939073
1303770239629484032
1301724417492385792
1302938261682376704
1306412668392280064
1302336353330515969
1306455651145531400
1302369320824123392
1309477378717102080
1304009605396205568
1310466771241979905
1305880855567634432
1311387963906027526
1300820634923077632
1301777012613246982
1301114389534314497
1300854699227262976
1310507492800188416
1300646302993219584
1301174669589000193
1303229858080727040
1303697640400404480
1311200512088444928
1301344114374475777
1301571800879575041
1303324761615937542
1309193649830481924
1307724805593092102
1305543592874774531
1306003555485179904
1303399336865230848
1301209424095334401
1309134648895770627
1309242467053522947
1304306178776731648
1302355543718158337
1308570557642952704
1308570557642952704
1309136095888707584
1308331658035302400
1308770353393659906
1310685801227980800
1305959590828404738
1304907990730969089
1306274000599953408
1307013720078393344
1306430963635777536
1309129738036940803
1307082534069637120
1300763301710893057
1302553836750544896
1305959751960981506
1300632717671923714
1306669258915622913
1301824584484757505
1311019549815443462
1301933513432870912
1310484682795028488
1305480858845888514
1301830623225667584
1301020898359730176
1301203334066507778
1305241171241902081
1308416739928145926
1304153916486156308
1301304905735368704
1308028490508271618
1310642132240273413
1300781652705189894
1303077532158263297
1311286694382104578
1304423171127349248
1306996301498908678
1301537787762663424
1306896019502903296
1303489939607367680
1308471401557487618
1301565619939078149
1305522351409434624
1307835193474965504
1301947890017824768
1307504491390857216
1300954653690130432
1309071196986707968
1309041299236978689
1303993887271383040
1305799133660360704
1306188721251930113
1307159186615275520
1308713533086019585
1311325393274757120
1308302933495173121
1300894750619336704
1308956761051860992
1302308685981523968
1309373541377355777
1301516026170011658
1304404326840963072
1301549114472112129
1311322443374493701
1306659519175569409
1306203187582570496
1303350403359268870
1308918290853621761
1305504615790710784
1303921200989712384
1310535777789644801
1309488215053791235
1311358339524239361
1304364492843819008
1305377647925645314
1306177226753347592
1306589601411133440
1306499817598640128
1303739518412038147
1305960409363550208
1301784593205518336
1307489721585602561
1309522530361913345
1304401989875445763
1306612625774710787
1310711145846788096
1309524120804130819
1304280955687972864
1308516179636563969
1306276788348227584
1311754764179386374
1313836837664776199
1316086879499046917
1316346883485376518
1320002857492312064
1322521475455295488
1314308663306190848
1317200912050388993
1317442005018976257
1318024081472630784
1314606801841803264
1322240599660122114
1311688930379530242
1316102727760519170
1319981753084354560
1317457837698830337
1320438954819280897
1311561780066426880
1322523873208897537
1314528996961337345
1318563224820862976
1314670350400069632
1317152418170327042
1314681851504594944
1322317812971540480
1312661510863368193
1321396860892794881
1313500697749577734
1315051315148525569
1317775865141469184
1320611126908891136
1318522891797958657
1314252473255763981
1319301801859055621
1318229312273788935
1311855546459467789
1319472435444523010
1322509131589259265
1318787982854377472
1312028742722768897
1314869487569645570
1317485575956475905
1318850510619856896
1318542772698255362
1322491083767586822
1317737565546569728
1316667091437715458
1317451002304344066
1312579202437259264
1320102834231181312
1317211952548962304
1313789035156971520
1322098348531351554
1312570392876326912
1321802579353980928
1311744049565507584
1314242951099359233
1318219263400988673
1322403246405787649
1317097871364194304
1318474417652047873
1313093088408227840
1321934960735891456
1313149570214486017
1313562932018638850
1319520828401225728
1311685860144939008
1313780741168390144
1314643029018529798
1320511663976542209
1311629090257068035
1313871815773741056
1317331540146257920
1314641116407508993
1321140155374292993
1318246275893071873
1320633623385690112
1316210122033688578
1322352841588117505
1317012283785138177
1321771013789650945
1318214690950901760
1312293782579281920
1317198396155924481
1322538835679629312
1311781070862336001
1315693706377396226
1316043142223794181
1317589724702396420
1314319871317082112
1318954735777554433
1318954735777554433
1321889668196192260
1313416052504756224
1313743455651336192
1313136908210499584
1313466388317601792
1315689298155495426
1320772194817986562
1322248806801543168
1315336777977266176
1318243130257207296
1318592344065822727
1318920814163595264
1316043883072159745
1317819908126855170
1318465073443164161
1322260690619564033
1318028490847944704
1321811851710238720
1317103383191453698
1315238743494672385
1315668091750232064
1318647945865080836
1319479288010256385
1319805378402668549
1313376223368802304
1318718676166737928
1315656351914303488
1311688616880467968
1312726425527619584
1318227316422680576
1320756189328777216
1313516117990703107
1317477504043503618
1320004209383821312
1313924678952587264
1316466331726774272
1321182998247583744
1315887277676003329
1316913461146865670
1329112604715966464
1331587873569607681
1326288715422031872
1327168651036942337
1327721827813175301
1323659675871727616
1328178098362150918
1331376523610189825
1325568030294806528
1329520984689438722
1328620953966960641
1323010687292026881
1331374799734509569
1327577595664330753
1332742391124660224
1323155494836555776
1324727176009338881
1329619525466112000
1333396053060685824
1324025574772379648
1328021835359903744
1330784960610000896
1329804659402416131
1322895204697968642
1324325599721201665
1324946178522275843
1327437344878694401
1327798765919485952
1328115420264468481
1323303101147668480
1324418844354596865
1324665446998646784
1328940187892768773
1330351326660849666
1333436178499063812
1328700150794104835
1332735515842502656
1330402354559152129
1332222699268173824
1326338895693418497
1331608864719052801
1324847076719628293
1325811885942452225
1326139238790918144
1329704502065295360
1331449681973440518
1328396390930771968
1328610289219203072
1325413433060323329
1326805563288686592
1331275637999497217
1329756992311754753
1333501082585194496
1322867681322704896
1327307511855247363
1327409664477294593
1328801086715682820
1325733562335723520
1328843864916967424
1330119809439305729
1324729076029022214
1331229039265280000
1326552587450003456
1328679976179216388
1325787938001735681
1324705575373033473
1330947212659077123
1326547694198747136
1323150346894495747
1323183118514229250
1324835217752891395
1330094194858332161
1326174108787351552
1329480551380770816
1330947110737383424
1328185203492335616
1324354205918896131
1330526807939035140
1333448711104393222
1332307478718058496
1333465970644545540
1323704160097865728
1331153378253017089
1328587163160748034
1322732708980617217
1324079119320129538
1330412433475837954
1325859869858156545
1328469241792704524
1329012904784523264
1324386342701322242
1324486928583057409
1329825650337837062
1331242447825940486
1326644100880347139
1325413530091352066
1324488663972028416
1331644217114976259
1330933217831038977
1328155859407421440
1325135861797679104
1327113966129205249
1331802371291275267
1326963641539645442
1323671391175086087
1329139549973393408
1326455405451616256
1324311751178002433
1328513370069356544
1323048512825810946
1328926969916923906
1333294734002036736
1324118761931186177
1326888253404930048
1325523334617034753
1332531504874983429
1327255501063774209
1322819133566816256
1323446084602155016
1330622229982416904
1331615137531383809
1332429071595266051
1326164102633451521
1329437652026789895
1336004762639200256
1336588697114963968
1338961962089103361
1343901819395829762
1338540977829646340
1339146274642202624
1344297966258049025
1339517443581112320
1334154367788867586
1336259708492124162
1335290341918830592
1339698094053543936
1336367518848602120
1337310935283871745
1343679998469824512
1333836138965037068
1344419564097036288
1344216479277993984
1333777254409756674
1333979156334272512
1338902373343891458
1338936517868314624
1338936517868314624
1340089391193018370
1337535301179363329
1337177626822070273
1342999766272266241
1343103673996615681
1336005394188132358
1343978381285728257
1344013332819419137
1341055851340173313
1341745392543821826
1344327678841606145
1344327678841606145
1336266385798946817
1342931679531380754
1339555947191152643
1344035434486259712
1338940334286450694
1340843179239587840
1337320727469494273
1337468244312158212
1339563263936372740
1339658751461212161
1342138176534667269
1344336845035991042
1339600100784361474
1334482534898556929
1342846541539770368
1342929423289483264
1344354740658909190
1339881942955782151
1333995995768758274
1342709490643128320
1336306298799984640
1341755011781505027
1341443507492405256
1341479193603928067
1340553793457438720
1343270424675823619
1334965769885585409
1335326782254419968
1336823036570431489
1342171100462125057
1334374347822153729
1344205729314516993
1335535389931614209
1336803692930953216
1338148839765782530
1334116405164318720
1339783280820965377
1344427515717140481
1337506817656696834
1333784469875032065
1339989657409490947
1336769089935699972
1334899328968605697
1336692830652215296
1339593769126035456
1343527313443532800
1334149726548193280
1335265213071962114
1342198427703255047
1333694132124979200
1335959773783658497
1337164303456059392
1334891937564921859
1338931808826691584
1337409581128036353
1333932201122148363
1337425588835913730
1339720930906521603
1342287796459896833
1340401978443231233
1341693500614569984
1337981113361334273
1342940831326605314
1339606347848015873
1337074011612848128
1338228666992488448
1342273858066329602
1339519158288076802
1339605207995465735
1342757029132214272
1339080313532805120
1336284830452092929
1343324280365445120
1333565308544552960
1341110945326743554
1343657066532139008
1340702264499916800
1339571228919644165
1340519318866460672
1333788401590358019
1339161873250476034
1339937234938703872
1337015320964452355
1344288503891435520
1337201136764395520
1336677406644563974
1341748514343297025
1344139778086875137
1343681466505551891
1334624407147331584
1342124347906023425
1341315082119225348
1336133729350086657
1339932224297299968
1334227740157833217
1335533610233958400
1262754606360047624
1262754606360047624
1259566889929519105
1259095017395757057
1262761918906773512
1263857372184760322
1256692578801590291
1263794336585654272
1261330132654010368
1265690490483224576
1257367190648520706
1260232714617307139
1260721501403299841
1265470528556417029
1259021066556628992
1261238732377767936
1258538351969267713
1260236844316442625
1264308935743373315
1264308935743373315
1261491936319418374
1266407511793512451
1261673162435108864
1262376074404597760
1264982458937810944
1258013432223236096
1259533993327935493
1260208159508979712
1261801182348972034
1265772516309532672
1260265028516589568
1263305612093505536
1260989903308914688
1264947750304542722
1260479479283154945
1265349489407283203
1265720751035953153
1257336611156701187
1260270426154033153
1263551595448610819
1262748826604957696
1261456507050184705
1262525917399826439
1256255954137477120
1263208826817273856
1262757626284134400
1260110118365982720
1259984831217360898
1258869290578608131
1263910302095077377
1257734721527824386
1259603971016097795
1260481880824123399
1262369451841933318
1262118439700881410
1266030496187809792
1260553670497878016
1262104766068342784
1258257045788090373
1257674201898659840
1260218681965137921
1258403007584251905
1261488426232266756
1262192976501096449
1256717104423763968
1265359549990465536
1257947061577711616
1260311063595290624
1266353044738002944
1259428481462669313
1260312663583682561
1259867593768386567
1262443172514463752
1265406002108657664
1260859510752710656
1257641695283490816
1261242287142645765
1266576661710921728
1257716688746876928
1262038076630732802
1262877415811891201
1264729666134216705
1265334573073936386
1260305481626783744
1262063779489210369
1262876505408892929
1262029847716560897
1263915648431689728
1261031062018408449
1262977820713721856
1258402403621183489
1260763956253061120
1261491530163871744
1258098291348328449
1258419486983585792
1262913031845093377
1264351088511201280
1265089537648103424
1264927629121130502
1264262674139025409
1260595911358627842
1256486133896273921
1260764526561103872
1261341381794107406
1260664978580914176
1261834623547510792
1265248397801304070
1257104965874507776
1259499691512922112
1259937866999889921
1261868971822702592
1263094481840111616
1265415859692015621
1258739674392203264
1260316289664516100
1262468966368280583
1266046682032214018
1259866914462920704
1261211505162412032
1263100263172366336
1256980664739606529
1262420387436036104
1256369898378473479
1256500055336509441
1256908790705926145
1258834859327291397
1263534905729773568
1258654537067331586
1263940977833709575
1265597379803328513
1262121392293793792
1267175008503123968
1262492333343473670
1262757424957501441
1263117971519660032
1257263380668321792
1258471682345512960
1259063714524860417
1260867195225153538
1257800038635327488
1263000862353473536
1263209194620149761
1262074477921198082
1262304226186846208
1258387384133189632
1262533574873370625
1266983618234081281
1261437666207297536
1261362843636527104
1257688840619294720
1266240974788804609
1257713452652597250
1262726290605514752
1263575132364328960
1257293368893165571
1260315974236016649
1260578128159784960
1260671901061480449
1264022425307680768
1265614366709178368
1265895531877892096
1258391389357985792
1263684552180019205
1263587266225532930
1256280710714818560
1258684399228465152
1256024670333210624
1262981723748433920
1256430503357345794
1265271008426156033
1257830384403755008
1256259952756191232
1257257801375723520
1260689389807697920
1261445262993551360
1266786536294506497
1259966367274381312
1260842194916659202
1264926966425120769
1257293115045576704
1261102834910552067
1256352433338343424
1256926090884513793
1263760274630365184
1262649621173723136
1265301296330027008
1256697957157613568
1257507238471700480
1262417117443391498
1264156229510758402
1267162765355073536
1267162765355073536
1260939265447518208
1257964341216677888
1259013488757874688
1263593970501693444
1262028358453469186
1262366298564165632
1265922081851613184
1258665513150025728
1260557862410915840
