1187188934998188032
1187449577420525569
1185196045388660736
1199537464618012672
1193970893875056640
1192653560594489344
1204486722849005569
1214992862968008706
1231172910729105409
1233459087444205568
1227429909628432386
1240363360610177024
1238132282298224645
1242444255488086016
1240335296501125120
1242530008024764417
1239671292074184705
1240279181587402753
1242926114571337730
1243530857039577094
1244658220448337920
1242442833686155264
1242624515760427008
1248870470256132106
1251230246260613122
1249737034450767874
1253463605938454528
1248255688616357888
1247721461667766272
1250128331472863232
1245228786800414723
1249843957061701632
1247152210724569088
1254829821303152640
1247148820032442369
1249690307995873280
1250429831679848450
1246075377870569472
1247513881381154822
1254788331981824003
1247533636473081860
1247585686368157696
1251132823328698368
1246183980828889090
1253519805941874689
1246195993282064386
1273284922447290369
1275543215408635905
1275454283031302144
1267829142407409671
1274763042358726663
1270528122908073984
1273802650555801600
1271504604602171396
1269994856493039616
1289306031743315970
1281179481659539456
1282794735015428096
1278503676827451394
1280488304056709121
1280813631022731271
1280502210602860549
1280506857824694274
1291777443947261952
1296984304531144705
1292764205578362880
1311049244476751872
1318232833161228289
1315473903880294401
1320436122032496641
1313631887181651968
1322990016939859969
1326735157123035142
1326849964333539328
1326930435390251009
1328825631807664129
1327330777663557632
1335829653894750212
1337509723252244480
1335947811649593346
1258118558266953728
1257695071970955265
1265298785443262465
1259149872047013895
1259174356845985792
1263882264930287616
1264920703746310144
