1178916177839443969
1183161367890554881
1181333980827848710
1184329155749564416
1182281125370064896
1180132817780518912
1185936343500648449
1185069246012891136
1180482372577501184
1189190974259355648
1188897446988005376
1180191274797862912
1180570772055691265
1184232048019607553
1180177992745672704
1189268954377793539
1184474778507370497
1185141355460190208
1179794501487005698
1186410602186588162
1188036431861694465
1188899776152162307
1188959975571415047
1188921834491789314
1189923293328855043
1188840979299741696
1189326290446405633
1179293739820503040
1180186473762607105
1187436927424839680
1181545949140787206
1183775546574082049
1184692646419324928
1184701511386980352
1186334874011131904
1185085365863862272
1179025758234255362
1185583421252341760
1188351102703558659
1198364418201001985
1196913005176508416
1198183166286028802
1196962540342767616
1198391564361519104
1197530819650306048
1194712302601342977
1193644002635071488
1196851873208291328
1192935471208251392
1200150569806991360
1191895925171662849
1197196310094458882
1194136012101959680
1197535330016124928
1196217275013115905
1200837177715908608
1197335436571664385
1198285388911017984
1192125560576757762
1193169066128625664
1197794140374716416
1196501966702202887
1199717530664914946
1193777878447644672
1198358496552607745
1199221524546363392
1209245165816360961
1211313364699418624
1207377126762012672
1205532685042700290
1210347066804854784
1200960184979468288
1201823939581878273
1208578775123804160
1203383454823415808
1204311070149500928
1201626090051178497
1201906483656609793
1204495183531925504
1206456780559134720
1207296986870886402
1208776778606678016
1204920650860810241
1209441095236685829
1211495393009250305
1210993499392413697
1201835106681466880
1202566095988776961
1202650636917125120
1201256406411808768
1202618455872167936
1220416416450535430
1214662497019535361
1220106882997727233
1221920271071756288
1221140191496327169
1222566933532487682
1213140465379397632
1213298776237981697
1217098260973793281
1217162821361971201
1220742002440114177
1220799755170779136
1219605578143731713
1216737928199778304
1221453630059888641
1222184517672296448
1214914964575666176
1217558100292431872
1220707313658531842
1218385040788336640
1221281631111172096
1215288563232923652
1217526360966664195
1219624961071034369
1218086783101153280
1220212154181324800
1220718635351789571
1216764711439601665
1212954812880424961
1226560803706490882
1232895335237914626
1233105185737789443
1232661481822416896
1232823040959844352
1228771821807423495
1233429131691319296
1227913697428819968
1224179430420926465
1231035899313577985
1228019132127436800
1225434519643316225
1231367567933132800
1232092898205863936
1232814699739275264
1232815129739264001
1227578840983183362
1224047798733111296
1223381448566153217
1228441340897304576
1232806200422674435
1233040449763454976
1228020515970912257
1230810004468445185
1224767814222790656
1232823495186362368
1233038507775528961
1232814432381784064
1232832721006800897
1233164952338345984
1225859258329128960
1232823505374371841
1224784149803761665
1230627988963831812
1232830764649197568
1227944026470416384
1232720738798440449
1230916210939707393
1232827596989173760
1225589990098259968
1230578661709012992
1232816359375036417
1232816618616631297
1224195630949494790
1225886598400602113
1232501091742302210
1227556308032856069
1232821254106705920
1224760500648660994
1232818877647802368
1226264600544514053
1232074002421731328
1232814557141204992
1233017322207694848
1227587518868152320
1232823439066423296
1231446949137702912
1231992246616154113
1232816241263480833
1229257153371832322
1232816958514401280
1238181722208047104
1238651311995920385
1240428776087060481
1242577038755745799
1243151290785583104
1243232506046025729
1235382123621683200
1238670782856912896
1240345477394161665
1241361386644672514
1241818686324969475
1242531834057175040
1237921352465735680
1238178004217532416
1239274671335489540
1240702833852207104
1240873653417451521
1243180419056570368
1236991768668835842
1237124633628938246
1237476007105486850
1242603368301735936
1243151062527365120
1243167968202235904
1243248597543596034
1244716198346010630
1240082212218961921
1240400481060618240
1241098691617918976
1245086254343098376
1235874034119610369
1237929266102312971
1238598197041344512
1243244835429023751
1243528601800257537
1243530659383119873
1244365485807939584
1236003893294895105
1240095630615347211
1240777594838167559
1243251572764786688
1236366011215106049
1237879239430402052
1238499817002844162
1239208192443383809
1239247872727478272
1239894254501212160
1240999647876964352
1241543646131949570
1242118081251610631
1242670046691893249
1244079580757086208
1244683889395798016
1238764367409266688
1240408139742220289
1242455193528270848
1242525047656513549
1242855940673724418
1235756487877816323
1236362901516161024
1240662439273943040
1241084775206617088
1242527107277881344
1238630796577120256
1238924553557966848
1241122416367005696
1241340975877939207
1243338951055872000
1243381229363191808
1243416632325619712
1238532281821810695
1238542873638903810
1239395214567116806
1239890680375377920
1242247005314965505
1242296842471100419
1245035471870349312
1245107995903754240
1238136893184847875
1238579962715742211
1238661684455247873
1239191175296417792
1239286500153528321
1240378067081515008
1241082046220570624
1235289976612548610
1236381859417919488
1237361738049359873
1238926962493542400
1240306765872484352
1241027220648460288
1241703243614507016
1242504020125782017
1243694174920151042
1238152950528253953
1239258818258915331
1240761467860848648
1241124877744197638
1242525765708718080
1242647436813795330
1243281824442433542
1243619785042247681
1239336325871996929
1243756504303513601
1244701459654066177
1238619101246959616
1243129164611321856
1243640799151247360
1243993767012687872
1238320304524390402
1240712372680974336
1241433141237219335
1242148854822289416
1242424674736197633
1243720682841636864
1235940445512962051
1237506520293801990
1238141749962461185
1242103833603510273
1243175913136836614
1243524674627215360
1244636757540442112
1244972934252376064
1245010727720464385
1235618161166135296
1241383511963193344
1241100170890055682
1235289155107774466
1238496659417505804
1241041852196945920
1242541870200340482
1242614409991577600
1244114057562554368
1239700379916328961
1243417719363362817
1235511211686375426
1238432020981833732
1241702502984278016
1241731932859310084
1242398790797197312
1243398342337392641
1243480031986421760
1240254376708648960
1242205363556036616
1242539367127793665
1242833295991353346
1243236460196696066
1243712109902528514
1240050509567983623
1240251061950169089
1240670408359260161
1241499933099909129
1242539693004161025
1242588991112859648
1242940476996620288
1243463082439053312
1244806792024113153
1242182413171798016
1242887886074261505
1243180561201532929
1243186262128951298
1243478143010107392
1244015808822431744
1239596788031655942
1241097358131236867
1241500856513675266
1242098903203397634
1243223968225603586
1243375344842915846
1245102601181560842
1240804750511288321
1241584198298865665
1242468842233872385
1242809718785159168
1237888129836544006
1240260095335739394
1241065222611271680
1241085859887276033
1241510653686435841
1238436998702120960
1244739434127507458
1245021905318535169
1235290924508418051
1237473304618897408
1241022757720272897
1241120882506043392
1242875050472157184
1242928483690352641
1243049929758715906
1243238368990855168
1244420158921347079
1244667005908779008
1244716025209372679
1237135535736487943
1237143892803366912
1241502067967102979
1241707492444430336
1243167573094653954
1243258783075270657
1243636700317802496
1243654447932354563
1245026709440614401
1236419737694994438
1243256169906548738
1238546627171880960
1241061221488566272
1241439186449846273
1236362860839698432
1237152692855857153
1242247532975177728
1242852606470430728
1243654029592453120
1244458776188649474
1245093472974987264
1237173772945326081
1242140768925626375
1242298939644100608
1243254649479725060
1243263507631669248
1235260326305767425
1238275586616963072
1242225824499003392
1238104501417938946
1239368538432901120
1239925892874371073
1235560445198716929
1239881552286363650
1240995683584401408
1244365717451014158
1234860391827738624
1235255155521720320
1235996518177521664
1239194894872334344
1240344475739869185
1242078709290541056
1242498668168699904
1241028115599589377
1243133426795974656
1234645950032961536
1237018524779937793
1237164767586013184
1238167214655709184
1241037831612575747
1242305331830476800
1242462412240019457
1243588452643475458
1243929474275647488
1238227578550456320
1238505354490785792
1239927133528563714
1240286693246357504
1241518956508327936
1242527356557955073
1242567328946171908
1243587425630187520
1243940600292028416
1235059495442640896
1238513690191835137
1242838194556723200
1240818829154025472
1241721582281777152
1238763064692015104
1240819097153220608
1241047931656036354
1242183485491732480
1242837650656186369
1243710410999705600
1244408296175480834
1244595394295795717
1239896022081470465
1240492645815857154
1242084855393005570
1242171758138056707
1242487381296545794
1242986880557289472
1243865441715531777
1236703502820356100
1239798511970988032
1240689496225533953
1240709880626982914
1241122366702465026
1243964829955743744
1245432708492386304
1245461859332960256
1246291170465951745
1246966837772005376
1247173477012037632
1247194339291193344
1248016775129645056
1248916378310062080
1253313733771825152
1253703318855180289
1245739775702769665
1247604002776383493
1248261700144463874
1248697508076773376
1249087580202848257
1249505822067109889
1249795159111413762
1250592190126084096
1250760101037834240
1253080642671214592
1254285138336382976
1254765877251244033
1255577597985132544
1245435050155544576
1245503146853568513
1247535919176933378
1247618150272839681
1247658676845858816
1249337229304004608
1250586706887270401
1250786565007310849
1251353149312512001
1252966099097980928
1253334471169814528
1255450806419181573
1245688152775364608
1246374015343702017
1246416515496173568
1247820871617536000
1247999411298459648
1250009224022818817
1250511080662740992
1252937042176151552
1246175162334142472
1247268922325336064
1249783959535390720
1254956972186664961
1245561847719366656
1246876005945483264
1247177717705060354
1247930900421246978
1253689071160999936
1245463870677962754
1245503364718198785
1247380779811966976
1248430585959182337
1252216330012549120
1253414278901587970
1255539285656317952
1245262097950355456
1245431001540591621
1245900579534143488
1246094109984595970
1246528969056239618
1250823783310655489
1253731857344028672
1254968612869353477
1246267503329894400
1247181379277733890
1248282278096244738
1248572976678629378
1252769343412322304
1254958011904335872
1245429229082365952
1245558368347062272
1245610820777598978
1248687250730299393
1253514395260530693
1245898432595755010
1246464018006642694
1246468323744927748
1246561942996750342
1249730453596254208
1249944624329895938
1245295936621801473
1245328059290587138
1245573424111443968
1246188949841809408
1247236139641188361
1247691736463351808
1249153011022213122
1250204437559128064
1250212408766988289
1250827551800471554
1251299413743583238
1252345120499724291
1252888853041602560
1247711593036681216
1248273415288602631
1248762711581679622
1249718591160639494
1251109353245085698
1252270430536294400
1252300001646166024
1245429571467517954
1245440976916750336
1245454729775173632
1245468893939974144
1246886367960809474
1249173143895379969
1250208319043768320
1251156791813001216
1254130228164587520
1245324039457038339
1245432337946550273
1245452460644274177
1245696268648808448
1246088099018477568
1247902946508955652
1250394695353671682
1245435725354598400
1246018143316819970
1250456496044937216
1251157678581149698
1245411297736273922
1245453798610554882
1246084137003466754
1246418081901154305
1247206712681156608
1247534171943141381
1247564442478563328
1248561367319265280
1248948324947750912
1249599832848654336
1250466424704962560
1250538142194696197
1255821701079678976
1245292678620672003
1246197210867544065
1247592799089852416
1248353956922904590
1248922503852036097
1251230201826160640
1253806177315676161
1254469001566138368
1245766658825703424
1246363139744174080
1248889592087900168
1251771984926642177
1253038272630185995
1254500495177236480
1245432463519879173
1246207570823589889
1246252900952743937
1246618916794875907
1249723172947218432
1249785177280335880
1253473744011636742
1253857515839737856
1254399078940770304
1245883227622928385
1246115843320225792
1247315801184636928
1247561432742481921
1247570764892639236
1248223029882245122
1254604355304435713
1254935765194334208
1245331418114293765
1246571300245602309
1247566012003876864
1248464674934239233
1250944314001285120
1251215854764785670
1253068567240749063
1253281707890966532
1255792757043494912
1245142334381187073
1245711333523427330
1250429736305569792
1251314512172650496
1253047376849362944
1253718162438225922
1255138755196813313
1255817368846172160
1245525915481690113
1246305366138290177
1246825577790799875
1247011831576768517
1250060686400552967
1250899520864616455
1252657946137440259
1246285657766375429
1253190024562180097
1253868079064416258
1254022099007680516
1255557008750776320
1245432335627141120
1247475598714437633
1248217736536350720
1248400402053083138
1252307521479606273
1253296316639252481
1245430741971976199
1246438124663734272
1247891670886010883
1249751464202862594
1252663908688592896
1254447647349518348
1245428816442425347
1246254495459348481
1246388767700717570
1247161449472032768
1247343335477596160
1248155099035324423
1248314368460304384
1249344473173233666
1250128778996731907
1251180819449884672
1253036490663305217
1255938730071928833
1248264946514825217
1248302269856186369
1248726700302557185
1250103831779835905
1252963196459237377
1252996048181760000
1246459752974032897
1247360983653384192
1247704718220066816
1248722428131450880
1248808010014695429
1250426097755246595
1245523772217741319
1245650524143112193
1245873495071846405
1248639781195653120
1249524016202657793
1253248267485396992
1255916548679708675
1246230766322769921
1246994685245218817
1248332305241866240
1254260266256064517
1245123948909658113
1245436020457451521
1245466637404385289
1250970711692361731
1252221789134032902
1253358774196240385
1255315902289018880
1255525123014230019
1248618818210951168
1250637299857133571
1253654187226824712
1245430142945689602
1245881204701900801
1246253325261115392
1250086313765646338
1253009552838189057
1245534751953477633
1245924235312152577
1245927004236464128
1246094660356972545
1246096876174262272
1246578043805741058
1247222715922202624
1247754043503468546
1249399639016603649
1245138914098044929
1246157776893743104
1246196024063950849
1247318963501105153
1247488380667035649
1250071354055016448
1253795856786034705
1246242942186074112
1246257068316790786
1246639952110157824
1247561386718375936
1249668752418811906
1252605689958035457
1253316195727572992
1253318999410122754
1255803705129078786
1246207142924861440
1247650150811648006
1250150762061144066
1252654619920121858
1252820179228057604
1253115121146171393
1253375596425555968
1254479294891544577
1246421764344856576
1251141130961539072
1254379151307440128
1245368726804889601
1246966335688650752
1247599826868543489
1250074180508364800
1253046921171808262
1245517301962756098
1245734032656269312
1246499917251653632
1247560350641332225
1248093780974219269
1250418353006612480
1252988538624278533
1254129368277962753
1245557177458348037
1246120796734533632
1247394541939773440
1247621666999390208
1255527398378012675
1255830519293661185
1245180417331912704
1245579213412765700
1245663681372991488
1246480597372923904
1248596782910779392
1251401770166820864
1251690229540544512
1252178951738404864
1252386682294251520
1253443952595709952
1255923164875493379
1247224105289404416
1248212228601413632
1250234285090537473
1254943918615080961
1245401894119497730
1245456405412413440
1245579841644052480
1245911401153155074
1246216364869791745
1246421343555530754
1247612611082010627
1249412722795700227
1249860674152468486
1250783462719729664
1250857769722417152
1254877695076372493
1245448102036877321
1245556466783846400
1245803339574644736
1246169803926233089
1246412963860213761
1247165670262886403
1255454210151383040
1246062107570786306
1247002842621190149
1247242276591620102
1249514054365913090
1255731726677995520
1245477698333323264
1250863897118212097
1251125508768702466
1256243735949606912
1258355084313989121
1261495589621182464
1264009406724943872
1256733053864628224
1262049371912392705
1263501209270226944
1256493257095286785
1265587380569944064
1265389612832350209
1260014767407656960
1262178597030240261
1262788977607704578
1264237841145425925
1264728392747880449
1258802317811425280
1257999926031716352
1258773904048431108
1260695304308879361
1268623576044916741
1268888553632735232
1274141744679059462
1274178914429140993
1277269317659344897
1277977752419753985
1268496517939302407
1273248221440155649
1275867984351973379
1273063322724831232
1277992634544353281
1273339729451384839
1275230089211449346
1276364816324661249
1276243940287668229
1273966324901974019
1268005436000743424
1267955408729235456
1268873203612614660
1271174972963033089
1267514827162955788
1269089345115316224
1278052445592195073
1268996969730658304
1272899229564928003
1268661858937888768
1275156695547809799
1267969879321149440
1270749177241354241
1273617911106744324
1274879020811857920
1276524846911049730
1276962022630912001
1267765472516345856
1268055302055718916
1270761822765883393
1268527999902679045
1268490586115407872
1273069102194720768
1270749686362669056
1267422238174851075
1273223883001335808
1274097383660535814
1276487890437132288
1270517685441314816
1269264488471105536
1270743819009523719
1276978530249773056
1278065786477780992
1273294493140254722
1267606957592059917
1268165186311065600
1268658794013298695
1270818705249906690
1273743267604168711
1275443497340792832
1278068844947312642
1270774533960712197
1272167371147489281
1278028533495930881
1273986506009587714
1277950317427068929
1267904552994574341
1269655915445264384
1273327263950483459
1275331412053446656
1275515222745374725
1268552089518649347
1276622528824455169
1268028007895138305
1269026606489702400
1273286395344412675
1275224804661121024
1273677245668827136
1268309489251348483
1274002038330925056
1267522364264321030
1276650391724109826
1267615162816757766
1271137078550712324
1268151172608790528
1268293636065824769
1273208854373957638
1270028516189495302
1269725026237833217
1275445153872764928
1272775022717874181
1277380022769078273
1284500478043271168
1286471267059556353
1283877068263108608
1284549231810883590
1288170622258941953
1287750564168769537
1278697805276762113
1288655625220771843
1283491025131114496
1278795407452241920
1279101872645779456
1282685484905435136
1283809944647667716
1279090264938815494
1279734294538334208
1283554935838330881
1284176904988307457
1280976327760400385
1278349283549278209
1286746738129285121
1288540977745993729
1278848135184318464
1284974406545047554
1288438486543065089
1288580286679150592
1284286510620045313
1284267590466994176
1280867360077778945
1284602068716707840
1288606228675846145
1288870100507000832
1278112609078857731
1288774289274044424
1280160221395107841
1278167356578000898
1281192816522264576
1283369594242072577
1288645134800887810
1286726093630775296
1278618000002859009
1288885571566415875
1287377351895113729
1287842549022044171
1284247360189521920
1286151402964877312
1284507818326986752
1284254211782443009
1278861529820127233
1283487752802238465
1289061469787586561
1280546725699018752
1284246861524721664
1284296735607660544
1289260267151351809
1278272022250995713
1278313635518054400
1284317179295477760
1278697415915253762
1278741312355917827
1289225504835264517
1286062487608217600
1282781965805129733
1278353673479954432
1281203070228037632
1283453607346503680
1280573234014941185
1284586491977633793
1282114451911704576
1284254966811701259
1286681800799072256
1283841839561428999
1281292038114168833
1283739492638167042
1278448420643053571
1284577356552773633
1285262146205560832
1280630277178523648
1281705005603524608
1282819516343492609
1289309869066063872
1283785683799343109
1279259666564800517
1285578177696485376
1284245594652004360
1278708769543897088
1284252458466721792
1288928169970540544
1278742184921948160
1278341354767220736
1283950594172977154
1288917282530492416
1283069851070865410
1284687153503637504
1284853865674878984
1284859737646006277
1284256031296458754
1278983551120220160
1284263229334736897
1288601170471198720
1281401757264994304
1280661596222763011
1285303529385734149
1286746625017286656
1279052372325601280
1284645946492702720
1284333038755811328
1282068903603122182
1291403844904202241
1289733602163347456
1290390183616053255
1291871758350417920
1290736503203733506
1297589683082285068
1294005306742145025
1299404756050477056
1290983378209124353
1291337985456320514
1295398771799388167
1291196798401380352
1297617842997731328
1292930329083285506
1292929377760665602
1290641893605482497
1300167157351940096
1298016005386461184
1290435692137455616
1296190681342291969
1291566483970174976
1290443912151281664
1299935237988782080
1295782518873108484
1291783084053016578
1298652879146885121
1292486920144957442
1292894927911780353
1294675807458205696
1298170323276308481
1298752487596462080
1290399204972679170
1298613263169490948
1298004364049682432
1290381042403213312
1294660957462036480
1289968949396791296
1295369596745129985
1291751987097284608
1293585194386104322
1297902025284476929
1293185972612370438
1295787551643533314
1298379804006387713
1291199448035467264
1299665299545890817
1294792343833530368
1292829650784333824
1290393928655675393
1290976843542208518
1290398285174317063
1291524657208856576
1290963770999820290
1291366017567006721
1290341917188935680
1291266183749017600
1299909005586825216
1289669439865012224
1290589568601915398
1300126385877417984
1300247095555878913
1292868449614659584
1300095688513118209
1291443457295183873
1289419931797184512
1290308443019108352
1295953775962853376
1294019327335763968
1290013754101510163
1290926490591408131
1290398386785587200
1294287366484525056
1299509646261133313
1308538685135167488
1308753119204052992
1306696597653172224
1308694718902145025
1310625454353715203
1301965772185645057
1311351587802091522
1301565708720054272
1302728097687580673
1308458558233739264
1307807391430443011
1310344721366241282
1301191908677619712
1305906576688123904
1308603321985445889
1300911563394691074
1306615210858483722
1307865382452178945
1308411480547749893
1308362629203849216
1307669033328807938
1309677055869693953
1306721822172475398
1306913358764027904
1306959248593768448
1308520966473961472
1301212844684464128
1303359560611135493
1307149164443316225
1311326563498041349
1309108072334401542
1302241688900038656
1308219345332568065
1304189130889457664
1306658182513778688
1301512768252768256
1308213597546446850
1308235701172006912
1308213921824694274
1306949418147602432
1301457639763738624
1308614932699717634
1309246721487237120
1301301130417315840
1310581902110269441
1308374318724907009
1304099343650050055
1303158868621455360
1301536290412744705
1303529610513129473
1310175898113630209
1305887356524793856
1308152968924069889
1309313523089125377
1308170521209696263
1309457548085526528
1308179460856967170
1303118330782453760
1306301834882150402
1304245906536046592
1307297020147675136
1301526211471044614
1302908788303953922
1308257247307456513
1308787822569181184
1308739508385406976
1308399279027949568
1301569442170548225
1308455681125576704
1301221110109872129
1301218611885940736
1306725053522997250
1311122156311502848
1313420800712728587
1315807720398880770
1314673752970469376
1318932607627874304
1314233460362489857
1313264315152183296
1318965276893941761
1319795536086564864
1322258474030538758
1314065734230736896
1317903106018070531
1311453877582127104
1319343778755391489
1317500365361811456
1313607789152030726
1315662169728602112
1314611092954525696
1319306040928833536
1314070181749153792
1313120024039772162
1314314381736452109
1313698317000466434
1314280003606065154
1318173668292415488
1317220906972909568
1320762779138220039
1312050590982103041
1313596348151869445
1319126390084685825
1315984988404436995
1319141687176855553
1315481568631291904
1312045703540224008
1313526030884274176
1322379519660040192
1313525258700324864
1318624692761219073
1311690097050427394
1313293902170992640
1318916255500337152
1312165482011607041
1315465880143384576
1319368035476570112
1322663642706436098
1313609070180478976
1319375740257841155
1319228762274267141
1313468848738271232
1313590433365200896
1315019320842432512
1321482614482604033
1322639493510373376
1316682292367106049
1313399958951858176
1313215386112925696
1318324650255015937
1314154152172441605
1319647576099069960
1322620861023662081
1312292079704236032
1320772686000381953
1319302582007926792
1311477667477164033
1311592703684116480
1311487603045265410
1316027418440736769
1322168295164956672
1316831517851746306
1315691898820943880
1322331956760219649
1314277897037910016
1316223706818064385
1321880233474248705
1311460408914587654
1317489163273445377
1322574809843335168
1319657085597077504
1317097552513175553
1324056303233359872
1324456706345193475
1331544492902469633
1330886623463165952
1331318355710644227
1326646502119313411
1329707870095601664
1323360736782012419
1332909193586733057
1324406630730051586
1327364475914244107
1325845663171694593
1326839019959955464
1325765544662937600
1331961677357740032
1332692685518479361
1328764851217444868
1322969263540477958
1325813412673171456
1323697939978592264
1333117127306317824
1322725973515796482
1323304564565618689
1326846473628225536
1331057653204836354
1328647902349017089
1333079026731266048
1322976735772745732
1323740623397146627
1329426396033257473
1331623391728689155
1330981511257071618
1332337582345236480
1324056781350383619
1327334152950124544
1331057043457896449
1325928667130761216
1332700777647800320
1333516195769757696
1331272449992880128
1331744417661784064
1322969940379361281
1332532671545823232
1329064363320356867
1333096188225183751
1332440563854012418
1331648349024509952
1331805630265499648
1326854627208400897
1329025729468751876
1328404723578392588
1330965649837973504
1331372038930518016
1334996740748029954
1341765512766902274
1344129059278696450
1339559604011851776
1344717094651310081
1334961427166195714
1335410886190784512
1343948072452317185
1339805567519354880
1335986436554821635
1336755004380766211
1343005931869786113
1334569542354432004
1338865440399888385
1343231922877640704
1343607019534774272
1336712716849991682
1338436896171716608
1342787716602359814
1334177881002364928
1337029806865739779
1337046962240155650
1341156628259885058
1333637797962506242
1334576710977720323
1338072367831068672
1336743672864518149
1336506165879037955
1336687603068919809
1340091543244435458
1342548118785679361
1335994656564404226
1334961470757593089
1344471182284791809
1340376357998645248
1336086112184528897
1336385568612229124
1340065813290692613
1343746310269267968
1336444971193397248
1336414868371628035
1338511375455428608
1342755842299465728
1344037520946962439
1336316859361136650
1339544624688447488
1341813582825218048
1339412507786686468
1343784310801920001
1344262141193433088
1333893720882769920
1336776362837893120
1337982606915284992
1343979157223575552
1337449594767220739
1336405960810782720
1337857310287400961
1336405213356445706
1337363109959393282
1337944141347471360
1336853056282107906
1342565530339844099
1342918638408491008
1340846959326859267
1334587525378297856
1341024089801146368
1337953716536741895
1344010579577626626
1344273020567879680
1340428198094499845
1336410225503580165
1342988318892503040
1336276769972883458
1335279027683254272
1337972863551352835
1340005520170766339
1340822597722763266
1341040858506940416
1340329043745517570
1335338160209997824
1336070980335235078
1339955636809940993
1338906167507087363
1341730560901861376
1341861143242039296
1334248493083480068
1256243735949606912
1258355084313989121
1261495589621182464
1264009406724943872
1256733053864628224
1262049371912392705
1263501209270226944
1256493257095286785
1265587380569944064
1265389612832350209
1260014767407656960
1262178597030240261
1262788977607704578
1264237841145425925
1264728392747880449
1258802317811425280
1257999926031716352
1258773904048431108
1260695304308879361
1262908352796950528
1264123613793280000
1256588463522152448
1258106259695427586
1260049376753455104
1261355816361144320
1264277432305057792
1262355504220733441
1263665913414500357
1266919759892942848
1260220286240161793
1263143583353376770
1265760478720122880
1262787175147593730
1258086304069357568
1266075016816459783
1260253435854819329
1260608264598937608
1263528199927062529
1256498825373593601
1257023273348378624
1266323500329046016
1263952929360351239
1258715017484087298
1256257054873989120
1264535080279605249
1259210630013181958
1257233537318649856
1256953575516717060
1258100958967595010
1261998402474295297
1259996713261117445
1259299870395039744
1258849303482728452
1263571548977446932
1261650613152161797
1263508486370934784
1266891632487653377
1260963088905506818
1261787765290795010
1258609090521034752
1259702930313105415
1259135103025819661
1260238344769998850
1257435900595888129
1258368604426440707
1260694230038544384
1263934438901190656
1258356806654492672
1260427159543468033
1264419568908296193
1258364549801160704
1263922609265180673
1263628345218039808
1257670519341678592
1266892250375651330
1256540755599990785
1257715757070323713
1260536219903184896
1265009817187495936
1257081340857667585
1258253170251202561
1261145121917227009
1263148740573122560
1263676962918346752
1257710495072751618
1266378545431003136
1257316524404076545
1258456591214563332
1263427891087511552
1259906577924046848
1263477497280311300
1265341937462083584
1262194192454950912
1265708878639042561
1259900684482351107
1263126364493737989
1266900349497081862
1256259203334729730
1257509324123000832
1264148007420903424
1258084132506255361
1264341089173024773
1260047667268333575
1262899948879740930
1266946422554931200
1266991365134733312
1262786096502640642
1258753461644079106
1260007244986384384
1263577155507757056
1262857136423518208
1262049195747401728
1263867868338241537
1266062834296750080
1256333598677843969
1259503492005269507
1260882246472523783
1256331801535975425
1261326101764243462
1258063053754490880
1258684076942413824
1257971245909454848
1261320146808946689
1260911453017722880
1259213303232040963
1263036593042063361
1257456982308593664
1257720829925826561
1260586246381936641
1266355617020731400
1260112320681951233
1266085839886528513
1259847420067958787
1262830388856205312
1263672405752512513
1257756684610686978
1258491277651238912
1259197194642558977
1263801815096852480
1266010299997569026
1266914818373693442
1258971121254191104
1266921051818094594
1260266548465459203
1263653307303825413
1258121980835852289
1259267982099795968
1263205512616775680
1258449013411508226
1263132062128562176
1263421088538787841
1256077517682688000
1257691022110404611
1258493067230883840
1264568089670279171
1266456588732203014
1261375298760663042
1262457961454145538
1262067200640208908
1256330870178246656
1258494427766669312
1259843108621221888
1260702363838558211
1262352243086499841
1258078246815412224
1258883667297832960
1262479197626302465
1263546867624837120
1257840186530152448
1265042591164387329
1266338556957597696
1265633356647223296
1259844757372710912
1259853133645320194
1258150943926947844
1258812442961993728
1260400603563466752
1256025634134003712
1256641447874498560
1263186236078018560
1266489510017347584
1259812098152030211
1263288450352058369
1259792946351792129
1261325483490381827
1256398809757700098
1261653909216669697
1266462775724908544
1265432541345054721
1261129206806831104
1256206287081213958
1259330321243406345
1263485031860895744
1257806499516211201
1261344354922229760
1262460065820430336
1260704042960818176
1266903769167642627
1263472116667691009
1263810526007767040
1256952153920471040
1258405271858184199
1266896103783518208
1258071681744199681
1264948596639555588
1265191716514074624
1265876456221089794
1262813524931346437
