1188979117347074048
1183753892275863552
1192781174080462848
1191766684878557184
1191746160538476544
1205613609465925641
1220076418111016963
1225547605314326528
1239006346093232128
1241003201484251136
1241893589510053889
1244980510188699648
1239979141379829763
1240720354609377282
1236302501097492481
1244597954096377856
1242795037718691840
1241869254133264385
1237607676076384262
1238462334277840897
1242806353925525504
1242113974016946177
1240044723512864773
1239906925304741888
1241032708593258496
1237322792187523072
1245312403052597248
1252360372696178690
1249705078044471298
1250482194490982400
1245258109162942464
1249698474808848385
1254487247253942278
1250414930446233600
1255858533213577216
1246606741472710657
1252319106696691719
1249396884772438018
1246757763037794304
1255104577571106816
1246114731829518337
1246856600364580864
1250505422550691840
1254956585736167426
1248720993251725318
1249022966764933120
1251936741369368578
1253336105975332866
1245449675617992705
1247552907525984256
1246593445822693379
1262000512133627909
1268238642062987264
1269619866522341379
1267790671206854656
1273981699278303232
1269726625937096707
1277739373988065280
1276393922076401664
1276410974988193796
1284869358800572416
1286687379999223811
1281948155739766784
1288802069219086336
1280563021371359234
1280939959294230531
1283747312922177544
1282928688506400768
1280535353414373377
1285404695222087685
1289010631324995584
1290666851006132226
1296466106656403462
1291333439342419968
1291359923222323200
1296680058401067013
1292416619390566400
1290303712703864832
1289976457213616128
1301637638626004993
1310136675771715590
1308024357080281088
1315070664630439936
1314082703554338818
1316412886965575681
1320080059147776005
1320511663976542209
1321275242875158529
1311732467267768323
1314573026092937217
1312922731441270786
1321435058062954499
1321397077922902017
1318991247198064647
1327285527628963840
1323644639929274369
1324108113537097730
1327370851466043395
1326195391520514050
1332868762257682434
1339111574405935104
1341453842270056448
1342143683378860032
1336992912236670978
1337799785609220097
1262000512133627909
1258420039490756613
1264521595348975616
1266361754272980995
1261496654928023553
1263437901574082563
1257496291338260483
1262166042555670529
1264316653258579975
1258605634397839361
1266442374303174656
1261201352669175808
1258161851868819456
1256992340511776769
1257763166513217549
1257343932918358018
1265877068581163008
1265955152944455681
1259180202762145793
1261931193890680832
1261931193890680832
1257006816585822212
1263186762299555840
1258460010482331649
1264609771614801921
