1183839086999560192
1188927427616985088
1183709009402093568
1190324297228701696
1190334150160584704
1204510865241755648
1202067041450176512
1210928318138204161
1207650121661472768
1206554326941847553
1201963003006083074
1204293193434570752
1219796080193179648
1214288245049180166
1218160804228321282
1221576812922228736
1233488816658362369
1230894832563806209
1242881612355981314
1238513186011320320
1242889514328219649
1242551773228707840
1242278513383792642
1243627573516460032
1245050990249644032
1245106184199245830
1242255185352757248
1243607210342612997
1244995646404386819
1238480586672668672
1242164222995435520
1238198841419022336
1242246763760640001
1245024315428319232
1238166170559221760
1239990440859856896
1238661589932351488
1242237249816875010
1242882224694931457
1242201313003237376
1248298023274328067
1251381319046778880
1253168498844418048
1251639646259425285
1252395889345216512
1247309622945280000
1254928071699779584
1247351208404307968
1247237588802588672
1251889299873656832
1247340422147555329
1247395765602967560
1251949445941325824
1249593159492894720
1253042487708483584
1252843130488975360
1245384422129463298
1247370424192831494
1245118176246919169
1247498995766661120
1249823164487483393
1254867674858795008
1248759678810509312
1253734456164093952
1247330191728349185
1247517950594232320
1247190590141255680
1247522840493969409
1247351901558988801
1245181683604717569
1253456002193604608
1253758727305519110
1247671312488599552
1253166985279500288
1247589496289398784
1247576919266275328
1248302164746764288
1253330546333118468
1246549984155250688
1247259500589068290
1245158951655600129
1247366183130726400
1265739579262410753
1273356120787054592
1273688868320092161
1272987319478349824
1271169177106231296
1274131358806192129
1267871611127906304
1271561927735443456
1277749420554104833
1285371936017612802
1281019399772798976
1282457975030812672
1285374377354289155
1280797756836044801
1286757207284097027
1287271292161294338
1283877573634686976
1280611309109870594
1280948719576375297
1281606232860774400
1283111538564489218
1287904362002632706
1280121579247030274
1288932981474820097
1284295901591158790
1286687240848945152
1280921628306739201
1288282604337160193
1288222206355312641
1288260710040875008
1296186939704373248
1291187243051147265
1291117031090040832
1290704814884532225
1298704751069220870
1291411134269054976
1295485390292488194
1299208653011070984
1301235630215696384
1304890669215834112
1302684011366580229
1311057675052937216
1303241191086006274
1300866064700579841
1305153261046042624
1303577135638917121
1303136478734635008
1320078115423490048
1314019693150130176
1321388791039512578
1316174641904275456
1312149369022365696
1312116598203801600
1312135858619731968
1321262054221729793
1321208280807624706
1313554949385654272
1317778682300149761
1321176668187316232
1322027455922597889
1327695809505157121
1329192419435241473
1323738269855735809
1325811814651850752
1325831106709557253
1325207459862966273
1325530626901028865
1325096961918160896
1325470142436843522
1332784631125602304
1325589430204207106
1325524265605746689
1341524657795698689
1336441686721921024
1343406985631334400
1341229426017775617
1339005580896161792
1341547832432447489
1341795464149024769
1341468390100185099
1338988334278975490
1341524554041225219
1265739579262410753
1255998878802796544
1263235059693174784
1262113708169297921
1262466470287757313
1260287605129666560
1262866883700641792
