1186309537910972416
1181908612018343937
1181919180527935488
1182287678383017986
1188799315894001664
1188801826340179969
1188714540827119616
1179747358386642944
1184885669090463745
1188860682105769984
1184459025422925824
1194979235661799426
1191351175217586176
1197966618883739648
1191012449148952576
1191456029151772674
1204038011995996162
1207705743840993282
1207708237161811969
1207305855282171906
1207308489783164934
1207772071767498752
1202225781428101120
1202045792703459329
1201864957350031360
1202225156497784833
1220163590889656320
1215273964131491845
1214939732377055236
1215273090965438464
1215276712814051328
1215275597024329734
1215272383650639873
1217805113009545216
1217805113009545216
1232310378736029699
1233029453401423872
1232816609376468993
1232354766027722753
1232307998997041153
1232311319870820352
1233028904736247808
1232674471338762242
1232308604180533249
1232671500731203584
1232309242398375937
1241357433106321414
1242558403681140741
1244400410699366401
1234883988449353728
1242786927918698497
1236995423446892547
1241438831313850372
1242787754024603648
1239310360018137088
1239643017184718852
1236994201889497089
1234846311284953088
1238178678519091200
1238459567958302720
1237781291283681284
1234846958864490496
1238100272691494913
1239314453994377216
1239314453994377216
1242789754518855680
1236835805009776640
1240272656856989696
1242573479360200705
1242964373859115009
1244599996734996480
1240635319302721537
1238108656950001666
1242068997648023554
1242068997648023554
1239328193913532418
1236996206921949189
1237052802712698882
1237765234959450114
1239301544119603200
1239898695740657672
1237007735276933121
1237911837372530689
1240270560946532355
1242871767972134912
1234845759478095872
1239901975686393858
1242422188701102081
1237088914759966721
1244598484017315840
1244958910097825792
1237091526670307329
1238564076776755200
1240636406462066690
1242426421462675456
1240271904251969537
1240226442010603520
1242423738752217088
1243189836758036480
1239300949102825472
1239302433857327105
1238124081108496386
1239565685090594819
1243190295229091840
1238572111058178048
1238966061984288771
1239195725348683776
1242426153694093313
1241114587803639813
1242515407187193858
1236992194109755393
1237769478693359616
1239301963742937088
1242530423277838338
1242929465149108224
1242790989389070338
1249699608688640001
1249700203860459521
1253816198552334336
1245332517915447296
1245691612660981765
1247497901523243009
1247140264801681409
1249702072393650178
1252584584530866178
1247139025321893889
1254063769401151489
1254747446124654592
1254749500444495872
1255520016679788544
1248954744682487809
1246451447786541057
1249680974683701250
1245333208914411527
1249665074110828546
1255837750810591233
1249699280836866049
1247505346882605058
1252587295011635200
1245686749675884545
1245733385194127360
1247143617313079296
1245332144488091648
1247167842899742721
1250033640240709632
1247500262463483906
1249045509328732172
1245690747732590601
1254441743312961537
1247498866024484864
1250790818920771584
1251945458139836416
1252209837515079681
1249708257339269121
1245329773183807489
1249905997809725442
1255132954604367875
1257288957315907584
1262366302880108547
1258017517898997761
1272950174801965057
1276127689133510656
1272637294160289799
1271538164210044932
1267836125831405571
1270703647643615233
1268185023716503553
1276129279953297408
1275786659724881920
1276918940661428224
1272950634778673153
1272949544980971520
1272921773462478848
1274687662465724418
1274503430468403201
1275038326312050691
1267621433448042499
1289261485953126400
1285929354212651008
1280861162096283648
1288476814915112965
1288836168889643010
1281020889220382720
1283044280844587011
1280864550829666304
1280537666820493313
1287734734315954176
1282463021927989248
1288103115762343936
1287721089615958016
1288828442662899712
1288102454580711424
1288476195517018117
1288965575654412296
1280861886221889536
1288473563029278721
1288476420331757578
1288466402915938310
1280862183543451650
1280116645080510465
1280113289251500032
1288494295054352384
1285201398884335618
1289263791423643653
1280115959613792263
1283735266625282048
1288147230801657862
1289260433593925632
1285572832303427585
1282667098502770688
1291006069729366017
1291339215343685634
1298640812675301377
1291338283977506818
1291001806257094656
1296090137646923776
1295335898381537282
1299133439279587330
1295337988596084736
1296035175474827265
1291005022986215426
1296102372440190977
1291003992600915975
1296036436970483713
1295727186327068676
1296047080797016067
1296086918732697600
1289367083730571265
1301499211360473089
1305845301782212608
1303310474935701504
1300781713556156417
1310918738837938176
1300780742151155716
1300768791438200833
1305477433597067271
1303310115244736514
1306221453780623360
1305845976679297024
1306218758315409409
1310610940665245696
1305482098833346560
1308380785834065920
1306605425689792517
1308751999182213122
1306215202115944448
1322593441566625794
1313471370026790919
1313832770980978688
1315847230029541377
1321097059617906693
1321433686882045953
1313834821039411201
1321096038325899270
1313472831418703875
1321821007729012739
1321096184321159170
1321096184321159170
1313831217268101120
1313189186686586880
1313811655063736323
1321793350601744385
1313472182849241088
1313474414772658177
1329407180433358849
1328714541878927362
1331238069639413760
1331252447470358530
1325793780256153600
1331252278641238018
1329028742073769984
1333402361180590081
1326149688207302656
1329056715103490049
1325791979897237506
1331255742406533121
1328890268301602817
1332831795042279432
1329055554560516098
1339270427177267201
1334139041298702336
1336328625910530054
1334546543907647489
1341014354385391621
1337095029299408896
1334545721706602497
1336328995709702144
1335959822982909954
1338466883964702721
1337031950100557824
1334531919296520192
1338488767150239744
1334533024579543053
1339268296022106126
1338476846875283458
1339225937024528384
1257288957315907584
1262366302880108547
1258017517898997761
1260930176017448960
1262842425262964738
1260205667643727872
1257650338254987270
1265261645514903552
1263816656083615747
1260608874429714434
1266147261882523652
1260188645262274561
1260543382595780608
1261704902226706435
1260204852644392960
1258021246555566080
1260560400065716230
1257648965203505156
1262883341856014338
1258761575181152256
1265731564362772481
1265629337862254592
1259912351312220161
1258383738750275584
1257289614890545152
1260272745742569476
1262370177183879170
1262367135185199105
1260976678412705794
1263816191451291648
1259961308088279040
1262881012121579521
1259959067746893827
1257647609260445696
1258016376423428098
1259821508131786752
1261711209142853638
1260545103946539008
1265630323859173379
1262482284306993154
1260618920354086913
1263090240329261056
1257648519567101955
