1192216525576581125
1209505862747901952
1202022550370476032
1251512621729230848
1247623021365510145
1247615424562376704
1269033566685597697
1276766408676765696
1277709744812306434
1270038761863180291
1286692589278822401
1286692589278822401
1285803690675273728
1284549529937772544
1283205225046855680
1292911686068973568
1300497499694804993
1295850449749204993
1300496555301105664
1292911196924936206
1300508870922526720
1292808845564293120
1300497658352721920
1297198340610850818
1301199219328512000
1300988006791249921
1300785191221424129
1301255821943332865
1310179881737752579
1317997000000999428
1313604385134395392
1314406077803294720
1314999367196176385
1323723164501872641
1322723217279168514
1322682666731376641
1341128645310476293
1337883697123651587
1341353506142347268
1261050181149171712
1262867146025193472
