1188990080653725696
1180606589608308736
1188589692289048577
1188521134003650560
1200817939970002944
1210363727066914816
1210363727066914816
1201674159199309824
1201228724084981760
1204151986376957952
1232395087436558338
1228693481486336000
1232371881883254784
1223841891159961600
1244372876142284805
1244289210627928066
1241872515439439872
1243610016965369856
1233941390461210624
1245027967073312769
1234268433375801346
1237412051183644672
1242945575491862537
1236060008875544576
1236431926233370626
1240809878769160192
1241434585864351745
1241434585864351745
1240606303099277312
1240606303099277312
1241670624491307008
1241490770940608513
1239231383178039297
1241429114759905281
1236106234308300801
1247690243463143425
1247690243463143425
1247163466244329472
1251247309381341190
1246942694976323584
1247575072073809920
1252948269086449664
1252406807575662596
1252406807575662596
1251588186335145990
1251588186335145990
1251610244154679297
1251610244154679297
1253902015450820609
1248040428387082240
1249699898095816712
1249699898095816712
1253076613098606598
1253468696653320192
1246379364062617603
1246379364062617603
1245119084779524097
1254552851927502848
1246265824266063872
1246265824266063872
1251976991550722055
1252036431603777537
1252036431603777537
1254637699815870467
1254928817686106112
1245118753429499904
1253683262167318528
1253683262167318528
1247588821010657281
1252645247399723009
1252645247399723009
1252613769144000514
1252613769144000514
1249508099045629952
1250365014030061568
1250365014030061568
1247113723799416833
1247113723799416833
1251969024944193540
1250090039679344643
1250090039679344643
1252760781906563072
1254478309603360774
1250056342611599360
1250056342611599360
1259511497933365248
1262032301086527489
1271570713707786242
1275872623491117057
1275872623491117057
1273718932248186883
1272528506090594305
1274359800848175104
1275411585570226178
1275411585570226178
1276678373436059648
1268299060538212354
1267965130911907840
1268263338909339648
1280586394914770944
1287433886625038339
1284654637493043200
1285367730804346881
1279080523063754754
1278717917354483715
1281559727705653248
1284584952038924288
1282011228857139206
1287151635416985600
1298541322458943489
1295731954281852936
1297420117886881792
1296566771785388032
1291078748687785985
1298450520458137601
1314319224551088128
1314319224551088128
1313555441813774336
1333076673164701705
1330410311145435138
1330410311145435138
1342530704979193862
1338270139029008384
1337497057557438467
1259511497933365248
1262032301086527489
1265685464381419520
1265685464381419520
1262466994554712065
1258112375871418368
1260020993893871616
1262701053503569920
1262701053503569920
1258142541293195266
1256249864498769920
1261030952932790272
1261030952932790272
1265678384388100097
1261741771383607301
1262458428318011397
1263465331168698368
1263465331168698368
1256951245702443009
1256951245702443009
1262857654944161792
1256644600137162759
1256973850212028417
1257739904882221056
1263927031680638978
1260513182893867008
1260513182893867008
1256273454405386242
1256243596820447234
1265335025735696385
1257009872647999490
1264244869423337472
