1194623911696240640
1207300131952955392
1206724185218846720
1222749645216079873
1242873087122604034
1241762710456541184
1242908518967107585
1242924958688444417
1242855925993689089
1248287340377903106
1250206632916779010
1250565352729296903
1248301715117551617
1251131359076245506
1245358738065801217
1251617430893465601
1247923551191080962
1248219500811399168
1250113356742250496
1251279779577376769
1252268682786467841
1246133128885932032
1252268582139912192
1254556779289214977
1249011774571110404
1275499693888409601
1275033128336228352
1275815807944200196
1274024244863696899
1274803872876294144
1273145554143453184
1270847863875088387
1280539257677983744
1284441079601913857
1280509852964577288
1283201802989719552
1293511164987682817
1301510518381965320
1310361797141188609
1331183024399060993
1257746238310690820
1266029174998700033
1262417979926548485
1263801939260780544
1259877707564945411
