1186431737364135938
1190010607011012608
1194248150665482241
1193968142265077763
1191436095109636097
1206056775117459456
1210579691767320577
1219821270616829952
1214618840094691329
1219800271859126273
1225884563890692097
1228186968946700290
1231925545048399872
1239310829394288640
1238443996776669184
1238486212425527296
1240344209036578820
1238410945635840005
1243560125287280641
1244776414328414208
1240679548737421320
1242713236199227392
1250841222136070144
1253613975595556867
1247243164190035968
1245411998197661696
1253684428158709761
1250817692694654976
1251923862029295619
1250809178228211713
1259938907183030274
1277626996001050626
1273633659623403521
1273874641615020032
1274825502574944257
1271587006338875392
1275027786084868101
1271527444001030145
1269281952445718528
1285968350938632193
1284109443832205312
1284186823863013376
1289026275395489792
1282708253470679040
1279106616420380673
1288075124684423168
1283740857288527872
1281565917210714114
1294291116767019017
1295360119044108288
1289993728330027009
1292507702912929792
1293984257552121856
1296181255348924417
1302333761816801281
1302931664012808198
1311385157925048324
1303323965532692481
1301597648881885184
1312802769770741761
1314586298485620736
1316771128212418562
1313675291093618688
1318511796320313347
1311723818596040705
1316385376441978881
1329067982870351872
1329163463503925249
1325906710783987712
1332622470940127232
1344424135120719872
1335504746346582016
1344278827665563649
1344304312256704514
1259938907183030274
1261770765273350144
1259048396020736002
1262269010818682880
1265714800669138946
1263175244719800328
1261725836333416455
1257676537337389057
1262412220899774469
1265702115772686341
1261004061492428801
1256251014799167488
