1202039325459922945
1244058781161590786
1244301951103381504
1253456378464780293
1253884672624467974
1255160183422148608
1251523849587474432
1251617141230624772
1248677871272357888
1247179389592145921
1255199378303791109
1245392977041580040
1253140378661933059
1251272458600054784
1251271992067719174
1267997499496828934
1270492621538877440
1268652499021344769
1277627388764065794
1276240380330217473
1281387829239709697
1280246271714848770
1279654759226638338
1281281275916140544
1281591754110767106
1285684624392413185
1281640174062108672
1281762286143709187
1279763768591908864
1281951577889222657
1289922752728592387
1298458585584861184
1298828075304734720
1290852431497244672
1295797567897210880
1298100635448094721
1289368182231269377
1290813371470753792
1298828944754511872
1297689300344156161
1297689300344156161
1295599272210169856
1295503620587298816
1296144900761714691
1293292408378138624
1290748534275399681
1295569670670626817
1290852647990439937
1295919486969819139
1295503677965447170
1295922390652903425
1295916005366079488
1289339213427535872
1297210426598600710
1295763947967123456
1295470804189274113
1298091965238648834
1292135490540523521
1301304915407654913
1308450189510926336
1304218189249810435
1301372627475406851
1301305737470267392
1311006188994256896
1303505314503942146
1301310316429664256
1307136467307843585
1310957603644731393
1303495678832922630
1303718225415462912
1301372167746203648
1320878376383631360
1313996319862685697
1317183906886582272
1316924914591535106
1313322270237102082
1317217715120181250
1318362760602943490
1311493570889646081
1317573873886429190
1317181936385859584
1317180862358802434
1317254633711173632
1317567092242206721
1313997638296010752
1314946854631735297
1318363238237655040
1311508539995828224
1311730414852231169
1314314617364115458
1311492964808617984
1313932828783063040
1331817300186587137
1326293454943645697
1328842845269204998
1328740541488537601
1329533676431036416
1331468143923957761
1329412743510814722
1330166381971714050
1330584335162945537
1327019673842556929
1324557074169237505
1331114971741216775
1327465637103374337
1328494119107301376
1324557289118965762
1324771243556368389
1328847788155736067
1328769072243363840
1327017376022470662
1331468137800331265
1323755596244504576
1326987777922228225
1326598966109069312
1329645371237298176
1327014324787957760
1328752692332802048
1331130634492932096
1329645378996760580
1329069170684801024
1336683895207636996
1336809510409793537
1338564726205329433
1336730607175536644
1333819403184594949
1337971724466450441
1341947270472888320
1333817336835534848
1333595880721616903
1339063145822744576
1337986359580090368
1339774158146826240
1339187673261625344
1336540529404874752
1334594401549619200
1336540523369213952
1334341900803911682
1338593154308726785
1344077540122632193
1334596249278951431
1341947268245676032
1341947265083187200
1341947261660573698
1334243162563497987
1334341907271528449
1258614086025306113
1257821945472704514
1263120559396646912
1262409846810238982
1266573398542561281
1257846456981078021
1257846456981078021
1258098649029963781
1266157054034612225
1260724845228232704
1266568491454402566
1257410392004923392
1259727809108418560
1258970859336880129
1258183912058163202
