1187022320436764673
1179533520688967681
1182834765080223746
1182834765080223746
1188084403030740992
1209945684482437121
1209945684482437121
1202533154487189507
1202533154487189507
1208757006196072448
1201722154754035712
1204101728225964032
1204234269289267200
1202403711575830528
1201256966812618753
1202412624337608704
1202412624337608704
1217608843473100802
1214122578442244096
1214122578442244096
1228124911195037697
1228163633680543752
1238107879862927363
1238107879862927363
1240514682085138433
1240097396119527427
1240975513407062019
1244031849334177797
1243618199222059008
1241403254388461568
1242566561367547913
1242566561367547913
1247334977794125825
1252703615346712577
1254407341635764225
1248444524516577280
1247853565474934784
1254079756368314369
1276601621380816897
1276726671874445312
1276726671874445312
1279509902923194368
1265964813571764224
1260526034232860672
1262419821209272321
1266088030730944515
1265646146980118529
1265646146980118529
1265927812336291841
1261247200635629568
1262876555744874501
1257259100422971394
1258029043795935233
1264511666080944128
1265688113101365252
1261374012262715392
1261374012262715392
1264532005586255873
1264532005586255873
1265046306965389312
1265046306965389312
