1187288889427451904
1179415213701029889
1187383701681950720
1183393373576728579
1193729880770433024
1195854059087048709
1198988937680838667
1199675498449620992
1195692258927841280
1207861757617815553
1212126072952807424
1210262751903440896
1211717859946070016
1204959769024454657
1212419254391332864
1222309128321650688
1216042449774055429
1213245122370048001
1212401343320805379
1221283259067203584
1213504249935601664
1232032449246322688
1226903958741975045
1226984021575467014
1231700524828725249
1232801285054894086
1231294726831247360
1224738709976899597
1242835450630483968
1244289210602815490
1240434570639470592
1238640797735628811
1234984268016713728
1239996870698639364
1242429855301599232
1243164260768808961
1235306724464173058
1238453851625345024
1244648208195883009
1237951417681424385
1241172317029511169
1240693277411561473
1243545812430229504
1236916823288762368
1238458425153069056
1234535994931765249
1238193317290094592
1239227815599448065
1239673220908924928
1238642290878447616
1238459854462816256
1238597084665663488
1243234007455858688
1246094776002154502
1245135362864930822
1255964900590927873
1245524984338006016
1245953327659180032
1253686564850368513
1255541140314566658
1247625582101348355
1246949240871550976
1247926231800184834
1248116322946301958
1245142824527572997
1250933274031132674
1246366135504658432
1248425177613881344
1250504090653724674
1249901199458852865
1252707030269407232
1246861595785023492
1245701978287718401
1246588182545776642
1247528502695309312
1248353421658226688
1252354703783915520
1254121534748332032
1247954228590641153
1251165438219661312
1245124589799329806
1246102883965308928
1249822544577867776
1250757688952315906
1247964946257903619
1249849895256838144
1251932347018215426
1252312302256189440
1249378014611283968
1254219905345478658
1252270431811391496
1255278174147051520
1254355730729181186
1251254107152674816
1254883559262900224
1252956540178509825
1265772684928970752
1258294360392773634
1268174593770078212
1272246720806690816
1273523325545971712
1274304503253213190
1269440421094215686
1268242853349777414
1271286328231989248
1269099384567808000
1271970305951465472
1273833919109046274
1267394026686214144
1272741953420103681
1273326552323895297
1277652404356501505
1273539948713558021
1274916277417639943
1276617009560719360
1267807749141934081
1268225684129886209
1271504955061436417
1285031992279498753
1280482728719388672
1283192556382289921
1283784720778768384
1283707793078390784
1284160953773363201
1288124083574464516
1283400374016245761
1288832485296570369
1284144326142865410
1283265080088559622
1286677100817256448
1288986230751809537
1278236277368897537
1284398397890453505
1295329691268784129
1290423955896127491
1290207440580075521
1295357149216940033
1296121204877799430
1295324203202248706
1295346645127835648
1291724097848836097
1290142123820347392
1289601410535890945
1291778082030968832
1294299790591889412
1295657566345629698
1296874144861171716
1295387612690223106
1295403123234582529
1295330353683599360
1295342665505136640
1293730317342142465
1292066089959071744
1301553150172700672
1305931919893434370
1304872125203873793
1307229238483914752
1307229238483914752
1307229238483914752
1307652481711734786
1308139457728651264
1310379550354808833
1305330439842750466
1309134318221041668
1301510449272324096
1301207105496547328
1304518058850111490
1304518058850111490
1305557085178990592
1301235601119772672
1307777812800077829
1305591859406761984
1305545784784494593
1301057170860134400
1309170561214566402
1304110196365692928
1306972515051462657
1304885697749409793
1312085895588335617
1313818945082843138
1316936440882790406
1318928252941996034
1314298987059519508
1314589794907938816
1313005821094109184
1322476533487968257
1313106738166534144
1314136180947120129
1318529779155558400
1312366233245945858
1321117982404284423
1316033822157426690
1315643767597289474
1315000211735941120
1322446797877510145
1316119932845854725
1322397751842349056
1322566237067628545
1313367482472693760
1322499165935513602
1318628051559829507
1311687193069531136
1322447286786498560
1321128429652238337
1322462063105503233
1318620621669076992
1313502727792594945
1312545562437316608
1316437375321624578
1312124651464605703
1313874753132859393
1318387721191260162
1318040147259162627
1319680973001338882
1326547312793907207
1328729034457575429
1328060250516283395
1329857161745342465
1329706607614320643
1333520848934858754
1327208699199430658
1324463279138312192
1327964278792581120
1324418004264931328
1328018488334553089
1327617479854747649
1330926784926330881
1327743215798267904
1331605570323943425
1332171847509696512
1327918485897437184
1330232757117734912
1331395343456473089
1335134725938274305
1336039385876357126
1337507639752798215
1339374757133873153
1343291187663400962
1338314523158208512
1338958757238288390
1335962277800005634
1336098166538719232
1337239439123353600
1337468112241897475
1265772684928970752
1258294360392773634
1257424216409997314
1258858979142352897
1263250301810860035
1263250301810860035
1263581740242616321
1261101794731732994
1258130297222320135
1266147310385364992
1262467638703292418
1263204264417153025
1263598294841716740
1264526398431035392
1263903051061972992
1264941292531798020
1261015701134823424
1260991586357391365
1260340536428433411
1258479107215626245
1265004710349737985
1262474632369713155
1263787913197678593
1259956258070769672
1262815652101980162
1258545042005749760
1261666054402723840
1256382178990215173
1265664286187290631
1265110161066037248
1263822990053179392
1265096797992529921
1256236254976450567
1259938127415857153
1257652101339119616
1262412922258628608
1266017967910744064
1258441779709464576
1257425311358205955
1266414769935917058
1258859784960380933
1258859784960380933
1264651203545366542
1264971688212598785
1263168328325095424
1266031619963576322
1259453351936262145
1266088408394407938
1258763445111066624
1263204776818458624
1265031386127380482
1261830048111345664
1261850185656827904
1265824884468281345
