1187323857360867329
1179060264664276992
1203792548764045314
1220457382578479109
1215778653226881026
1233616624369799168
1233518898198110208
1233348064221573123
1242662743397859328
1244325660874510337
1243918045841707009
1241766833432166400
1243834579166863360
1235971696059977731
1242482583012872192
1242915363412639747
1248339408484470784
1246828775368769542
1247907734277816329
1248284555347480577
1251644591310340099
1254783406493163521
1247832881793241088
1251648521406685185
1253066506516287490
1284898446931947520
1287053505497268224
1279564735520878595
1298645815137906689
1291797078755151874
1298736810584166401
1308753080297512962
1317451011477286912
1312157405422075905
1314728261474189312
1313649197061677056
1332550611657580545
1265319968524193792
1256669392697507841
1263891212404166656
1261422629635928064
1260995100018184195
1260227884507168770
