1220358476695773186
1220152620251217921
1229311315052621824
1238312002021441536
1243285720929837057
1243718845766008833
1239215459301576709
1239187151201452035
1240858552727744512
1239027326828130304
1254439251883839490
1250891940238954496
1284377430644469760
1293709618460397574
1297250437314121728
1302289750972338177
1304456691984011265
1308652904413360128
1318492733196148737
1316582189966925824
1331797040330907649
1340609004595073027
1335688049989013505
1257758062053658626
1259562896201138176
1260034189191086081
1262478717651222529
