1178835654467358721
1217208955925082113
1212469972317933568
1227857422472998913
1239348498392285184
1244262503191896065
1240692517009383424
1242483397798383617
1237399178063601666
1242846172819136512
1239994642441084930
1249812137666646020
1249067780860772355
1248791514215591937
1248422650960990209
1248391753406640128
1260756526417022977
1278046122372628486
1268385837911347205
1267313345260068864
1274062663216234498
1277365971850838016
1273455927950282753
1280023973615538179
1288834985387003906
1298269564820578306
1297551928101154816
1308473136514576387
1306418204378574848
1328934525456551946
1260756526417022977
1265803777560522764
1265296975366414336
1262954635972751367
1262840149886541834
1260664239758479361
1264053924681654272
