1188321371627016193
1183426022580150272
1184908764371140610
1188242287739969536
1188787129716858881
1182286296007528448
1183176652542496768
1182584068615147520
1185760417005658113
1186315046550429696
1182299505217212416
1182696215420592128
1183368329957904384
1185874368930439168
1189589789760245760
1182630635384516609
1189256885473628160
1183079098429640707
1183126149452328962
1187816612566589440
1182384116492328961
1183420843562536963
1182022341515198465
1183060103454494720
1183415336458162178
1187802334518267904
1183450711234895873
1182644559651725312
1182717192074338304
1183415619431096320
1182278382224060417
1183883957655392257
1183052238773723136
1180555775653171200
1183040126072451074
1183115133456998400
1182065307445121025
1182709210615668737
1182643280636514304
1182311735400816641
1182367909709938691
1182959776327553027
1187761063787405312
1182325978845941761
1182687259805532162
1183482757072203779
1185697690782449665
1183248305612087296
1182015561548619777
1182288204218667011
1183068118438043649
1187820514762547202
1182654029769400320
1187884688997834752
1189227920209907713
1183735009955454977
1182864480428015618
1182055666472685568
1183022506334150656
1188109312897507328
1182279066700746753
1193500415293362176
1197843863832059904
1195535726319943682
1195704341287624704
1190791308425781248
1211425906104971264
1211450662661349376
1205576059070099456
1206301503847358468
1205302824655097857
1222950900261695488
1215062848910610433
1229086395706281985
1228070944368988160
1228745138190651393
1228686022118080513
1228708935521095682
1228855320270823427
1229637904953032704
1228136409032273927
1228285958501605376
1232076243165642752
1228889621335093249
1231308874386415616
1228689022794555392
1228457377944473605
1229424376472145920
1228815382376402944
1229457205788725248
1233114317375070208
1228062981180809221
1229271381981876224
1242577262060253184
1243916951098810368
1240786401123237888
1242616192117989376
1241899231960539138
1242117958815662083
1242801615733579782
1242554848932958214
1243866812615471104
1240012036119166976
1240145927895121920
1242779778811387905
1243072226666205185
1244739964912484353
1242200855450918913
1242135596488941570
1243077255636623365
1244604552059420672
1240641405216792576
1240760299982073857
1242819935094689792
1240956849840668672
1242927988758450178
1241099628717559808
1242554787171794944
1243926671717269505
1243957297904320512
1240739392051916808
1244007436958216193
1244260199201980421
1242947331105808385
1244248018196578305
1242780303103594497
1242047208985370638
1242644166787678209
1242948264019845120
1243872459478183936
1240068710892699654
1241960518014906374
1244598150372806657
1243684998986768385
1242663641264066561
1243166625609605120
1243151595703087106
1240013805087797249
1242047386911989764
1238517642291318786
1236699168342560768
1241950379341840384
1240625331440177153
1243762383996235776
1242687689574371328
1241683407253450752
1240638787488813057
1254675466688040960
1254057237196222464
1254446860699348992
1250204750634717185
1247726989764481024
1254748424676786176
1253862424026980355
1247876021774364672
1250903319490572288
1254096549312946176
1249005481965780992
1248385296523096065
1255038635730231297
1246487247152656384
1252230295186620418
1247620782148157442
1252292290187456512
1248235848782548993
1254396681745031173
1253070337140539392
1247657512402288641
1254832123963478016
1252398697821822977
1253307896399572997
1253323921299894275
1254917766848618496
1252222682516664320
1248593531968643072
1253429815807406083
1254659376905728001
1248021928180359170
1251479962575613952
1251511774085611520
1248883313248526337
1252752842672287744
1247255862340698118
1251656588164763648
1251134591789916160
1255711167290445827
1251234758467768325
1252251523914104834
1254035078130405376
1254761908546285568
1253836353801990146
1250051676691726336
1253848360936751109
1247898613725851649
1255937486129430528
1247271459644272640
1248873695684288512
1254964072317149190
1252286455017242626
1248236268657483776
1250405058497429505
1253736086016229383
1255937910270017536
1246417589489844224
1247692011970236417
1253736622081875968
1254036795622293511
1254410574097788928
1247881092692148224
1250509125362032640
1251699715487350784
1247869062102896640
1254746257505103873
1247684327611211776
1255930834508529666
1248854642123046912
1250053538966843398
1251961575373758467
1246573318309842944
1247854806993178630
1248868260524720129
1247524887222046720
1252275527894872076
1255213929330020352
1247834254056226816
1254763834826424320
1251477526934945793
1253769583791689732
1254420276365996036
1255935395432456193
1250390372204908545
1252223713367527424
1253420020442345472
1247622125063716864
1248615382220288009
1254797791114788865
1254965831475376129
1260603254783782916
1260917541146370048
1258213731231727616
1259985252887347200
1272311015934476295
1276162206623772672
1269283499783131137
1274432133528944645
1268215886084739074
1273786875782795270
1270133335013163015
1277384679063240706
1268140768574803969
1269268456530153472
1277379888584876032
1268186915225903108
1273597343049355265
1275995285907558403
1273616614714421251
1268006229261123587
1276733320693313537
1276095088460955656
1277053063086424066
1267230574667862016
1275892560930713600
1267796548412465152
1271445813768536065
1273728502957776896
1273598605975334912
1273602011859161089
1274410626140516354
1270814361641156609
1269005330807025665
1275891100725776385
1270793374371590145
1275940969670569984
1288366177098575874
1283909083221970944
1284154365499060224
1279420736210440193
1278092050835988480
1288046954769981441
1288077548610625536
1278662367757438976
1278666208229969923
1287818427256668160
1287794952752308227
1284605922766200842
1287797563626856448
1287129798775648256
1284175595098734595
1278726569536651265
1282751428860227584
1283861288100208662
1279442716250734592
1288170771328753665
1293172936476708864
1298385448717492224
1298350159181512711
1291007341626884104
1292802801538600961
1297593114241236994
1291103198225272832
1300448502569406466
1293244759578820608
1290041015936507905
1291128392495046656
1297956154773995527
1300539251315146756
1289962030703599618
1291126355036262400
1298375102208385026
1291005004048936960
1289932634483638276
1294695024823869445
1293203153454804993
1304449716965396486
1304008212413403143
1303974384785383425
1303804606036746240
1306571805315006466
1310451874932326400
1301288960694595584
1301280114760650759
1303812283320143876
1303832483323170818
1309998948845846529
1303819480741576713
1305268789710331904
1304005409901096961
1309128550327480320
1314281144423194624
1316039602235494400
1321831873832800266
1322549371754422275
1312357197700104193
1313520481417531392
1322490938762080256
1320752748397285376
1321816256245387266
1322383893870317569
1322262725469343746
1315648118180982786
1315932957845012480
1321654196500893696
1315803730885988356
1321594706359439361
1321826501709434880
1322307926632157184
1312382782316982273
1317462828186537990
1317229815670444039
1317451509550977024
1322293226636775425
1313493393968955396
1313530842212335617
1325928944781189122
1327355147782066176
1328540070387834881
1330156701228658701
1331671832169226240
1327391709442027527
1331250802443358208
1325918698780188674
1327348763803971585
1329436960226684931
1331011112393990145
1330300172908322820
1329159029764075525
1331228421960183808
1330145376633057288
1331053609262452737
1324108584477667329
1332723346077863936
1329191614179397634
1330161928648450051
1325092034345115648
1329444172529594373
1330915296572563461
1327737980673527808
1323098926229135360
1324081319471681539
1331437009638920193
1330271616023015425
1327408762349613056
1328372181374418945
1325949510045069314
1331435124538437633
1329245155451432960
1328826331967213568
1328843323373744135
1329608951625900035
1323797695136497665
1325929871718182912
1322850053552222208
1331595386851618820
1328861409380327424
1329893305589567491
1324061586999414788
1329452121108975617
1329081863441244165
1329188406107189269
1325165640185999360
1330177034610499584
1331074424670482432
1330530311327899649
1332795402106654730
1329916641577029633
1324067422228414466
1330977769912758273
1331012202137006080
1339007035199852545
1344013816833650693
1336717255028170753
1341790412827209735
1343685962166112256
1335266409992003584
1339114725054050304
1338907077671063555
1333845873529393153
1338871020069990402
1344059422503481348
1335282651922657285
1336658700023570440
1339209445046444032
1341842600643452929
1341484769209708551
1338933522745217031
1340331753542742020
1343563015359098881
1335540032891969536
1338896499611230208
1338893606933979138
1338976090728108032
1343681211055661057
1341840074258919427
1338977260934664196
1333578744678772736
1342156974012690433
1333570199883313152
1338953117933531136
1341445348825296896
1260603254783782916
1260917541146370048
1258213731231727616
1259985252887347200
1256570418586058753
1264239841895763969
1261029500592234498
1265791743833845760
1261032898779664384
1265092125550665729
1258007412109385728
1261628156416610305
1256003666802286594
1261246840651091968
1256591056482832384
1260609722371145731
1266466219751870466
1264367389128429568
1258089456889819138
1257248982943838213
1261287780455456770
1258318970526019586
1261192530135310336
1263102660409831427
1260901847059005447
1264553727895076864
1261703087384924160
1261235440868364290
1266499435883790338
1265946762164002817
1260716175312519174
1258374956385218560
1263109844892102658
1264317017571590145
1263222092012695552
1262979353958330368
1263900185178054656
1261255725902434307
1262267556792094726
1258038132508942341
1263074098793644033
1263229282224148482
1266793462436945922
1263989510125359108
1263455286129569792
1265994192163090434
1265605938565832709
1261235833845276672
1261871620450217984
1262431464735399936
1262866563641872397
1263822794921357317
1266006627720876033
1258021199331962881
1259272718735880192
1266492976961933319
1265704925989867520
1259625268643274754
