1179044043734618112
1189992562678992898
1181218043470471168
1182286408330776576
1196894208889643011
1191767587602018304
1192985406872141825
1193201024221286404
1193719493891153921
1211479605321711616
1209191442477985792
1204450265446924288
1215379670071480340
1217245503856902146
1221116428423700482
1230894699860328449
1224377507668951042
1231949903804411904
1225600818327375872
1237567167228493825
1241929159477096448
1241821762062516226
1242497057572585473
1237491968495812625
1237491968495812625
1237491968495812625
1244704666589573120
1240047890216747010
1242073613307482112
1240735529123172352
1242987382514778115
1241085349645803521
1243242433611210762
1241038348078256130
1244738168894734348
1241176198371086337
1242596406474551306
1242625498091528194
1247588531595350024
1253073451667148808
1253106958284062720
1250776960118034432
1255851396663873537
1248376625390972929
1250903224091119623
1250445128923316227
1250159255426142216
1252602488982777858
1251696267412946946
1253889720712523776
1247933187772293126
1245885730544586752
1254560046635192321
1253055918285217797
1246593141613817857
1251330346303569920
1253432406306025474
1253037800720666624
1251515073652068353
1249464562195316741
1254848570731233281
1254250850228121601
1249738918087426058
1254904157611470848
1254174849569718272
1253254413956927494
1255156316651298816
1250274398579224579
1255207112373948416
1247569955006095362
1247276005535948805
1247276005535948805
1252944532695638017
1261820478408126464
1262270600476856325
1258507430964547586
1275805887911919626
1275881569945862144
1276717136249937923
1274085292140609536
1275930956063404032
1270179420607832065
1271125778663641088
1268230465644683264
1269756017903988737
1271062316885389314
1276946145428660225
1276159210053439488
1270196167993962496
1277994910117961730
1270314717697974273
1268921114052395009
1271128925545119746
1276688195598548994
1276515945708769280
1271141794038919172
1277382520967802881
1282857141297127424
1280859032346152962
1280859032346152962
1280210659565867008
1280191278316171273
1278714939071279104
1285305231262322688
1282123006974844928
1279241520344899586
1280678015521955845
1284194502153056256
1286367474984923136
1278385004842831877
1278714501173579776
1282129122454634502
1297990185888747520
1293630724730486787
1299343233005293570
1293738022282788864
1297901012355776515
1298991659229691910
1292634520026374144
1294311674837708800
1292846164895834112
1292662202399223810
1293917977276973056
1295049684092739584
1309846113617350658
1309564913870921728
1310974521403465733
1308145800229380101
1306599943176503296
1302419747494035459
1311034009212731392
1306721844905508864
1301918407219122176
1308104986216280065
1309994843750400001
1306573618738991109
1317519241931755520
1319297387110813699
1320554492027408384
1321959651899002881
1318364813685190656
1319710026848763910
1317530912188473352
1318681651317145600
1320126361512587265
1324928815332810752
1325840417640886274
1327108175758315521
1331730460465106944
1327994516402434048
1326187494275244033
1325902026023329792
1325977226165293063
1331354696091570177
1326563839182135296
1326639336633196544
1327083064934232064
1336893224695156740
1338604615164682241
1343573802916208640
1261820478408126464
1262270600476856325
1258507430964547586
1264020726413213697
1255980439988326401
1266210154053238796
1259956697600348165
1262487083299586048
1257438103767220225
1257438227788640257
1259264920732000259
1261654887550468098
1266029211086729222
1256607378117705728
1262379411975942148
1262117686772981761
1258548477069389824
1261348619589836800
1256225778888572931
1256229135787028480
1260029139190345728
1263596576108249089
1262466246181822468
1260248131255574529
1258127959262662659
1262207496569094144
1258599253036929025
1259642628305453058
1261340074429632512
1256251236082503681
1256742015204642816
1257354295294509062
1262198248724467712
1263491992606199809
1263280347740950533
1258131929724936192
1261429721859895296
1256936091682246656
1261802637776678912
1266450738328137728
