1181200064858996737
1179491833493147649
1180219338353184769
1180471626015657984
1180538822351884288
1179944621217968128
1181050818532970497
1181719147333373952
1178907716024258560
1199029899761090560
1197736510641991680
1203354004891324417
1201441820145618945
1215658029296697344
1227422555033735168
1240077013815144449
1240028713846288384
1239182671110197254
1239215291521028103
1238198260889772033
1239607739946536962
1235366132611076096
1240423754389508099
1238227355015004161
1246975508904062977
1247204415741755395
1249811374286540801
1246642317592653825
1245560450575523840
1247543702865600514
1247581904586641410
1249037965592080384
1245744622170669058
1334586686399860736
1334587645922406400
