1182704997500366849
1189863201254576129
1189541197158801408
1189610352146898946
1180467747379126272
1184504592010227716
1192176057086070785
1196549791037231116
1201843129701294086
1204874909824028672
1220016798541598722
1222174706046054400
1220087502108798976
1214898625328943105
1221828149207535623
1214234667668430858
1214430180283863040
1214234967422783494
1220007933636857857
1220127968426627074
1233487212823695362
1237346133493469185
1240000867895558147
1244323492411179009
1233903780137242624
1244720040877993987
1240567381736505352
1238589156286246913
1240740622849454096
1239591803457863682
1238595008447447040
1246075383696498688
1245465739793969156
1245234721753358336
1246237718226468864
1248981692313993217
1287883222693552129
1292918765680721921
1325992182290010114
1265683442697736194
