1180334176010194947
1192209307154178048
1207989159614435328
1205406462417063937
1223297333221306370
1213885021439889408
1216090625575137280
1232440332916162562
1232328869857853440
1233296637822291968
1232796425144152065
1232691831780937728
1241315842714894336
1242918954231681024
1242754566879358977
1235080445965918208
1237646563121352704
1237190768089092098
1238591398384775168
1241494514054967296
1240060246627844098
1238276509816614913
1239234238852894720
1243405573745307649
1238463596746719237
1238164454803673089
1237996233823830017
1241410074318438402
1243185556772646912
1240402304718835713
1237417335998140417
1246079404251516930
1252314681710202880
1252666252469972993
1253642090841542661
1254260898497212417
1247674519025848325
1246614486829719552
1255887528286011393
1246961220285952002
1247224264681496579
1248669617637044225
1246869002913288195
1248438796699353093
1245308663138381825
1255645868243521537
1252060536256237570
1251150120621502467
1255157759370280960
1261397849687748610
1257706082018811904
1258919208953491456
1276221258208772097
1276294754993688576
1272605654922883072
1268709754668371968
1270136411610468352
1282330207463116800
1281606463543226368
1286408260292161542
1288319681955160064
1285328778307055616
1283380985493630976
1282010362418589696
1287052305922166785
1281177092621627392
1288302661482287107
1283085463197229057
1288423990122278915
1283993060280434689
1278865200649850880
1299707561256652805
1299707790064263168
1289929161985814528
1304344565680238594
1304108387215572994
1301183515883601921
1300945087220854784
1307044053041774598
1318272284755324928
1320258168782544896
1314006459491835905
1316929543903608832
1322621157250539520
1311715603267239936
1312217282643337216
1329577955706634240
1328394762584469504
1327382115927941120
1332004670966013957
1326737904375373824
1335594499364564993
1340689300246114305
1341410049562914816
1337189471855333376
1336369628600279041
1335972459053539335
1339228289156567040
1261397849687748610
1257706082018811904
1258919208953491456
1261295579990298627
1263643127740420097
1259228237101592576
1259282175645454337
1262396031116939268
1262560686917529605
1258912128028704768
1257334121317228545
1257040789911158784
1260143622772662273
1263147570727202817
1256743317301129216
