1223788141137539075
1245077175298113539
1240722247091924993
1238532790179766274
1242134210258886657
1245956922148294657
1247807063222181890
1253231657248870400
1255762106030399490
1245834515580420098
1246212984436899841
1252146024547856386
1245957341595537409
1253737981363597314
1248530521950470144
1248531079792930816
1245957287069528064
1253322880122621952
1247932475080347650
1245840537510465539
1248309834425995265
1253436012136718336
1245892703163908096
1255172483336097792
1272952133780897793
1274327181834010625
1277699184137773056
1282412617617858560
1287529064065044484
1288519825560666114
1281912517707653121
1295320176674721792
1298304142956535809
1289745948537573376
1307569888978845696
1303385206708154368
1309169009317875712
1307077070825160705
1305951621772455937
1301560598304612352
1329206638155235328
1340326107183243265
1344052411401433094
1263584109659426823
1261491771579813893
1256215711611052034
1260381565638414337
1261270629073842176
1260213468965343232
