1181399021287550976
1181181945054543872
1181230252628090881
1182050336397094912
1184532723718901766
1184056335165509633
1182144007968870400
1184136289798352896
1186727120195727360
1182096043716030464
1184546691694751744
1183814443991306240
1184303065072951296
1182338214012411910
1199321916978405376
1194360214721646593
1196878498658320384
1194493682218500097
1195113820726988801
1196394432960094208
1196815941654499328
1191015822166233089
1197596090549358595
1196652169820131329
1193815692325335040
1194876391143215109
1192081661921505281
1197566089548447744
1194759186409762817
1201116308777132035
1204045132565118977
1201576797177028609
1201078754832998400
1201904893843431427
1204782316414853120
1205793554704015360
1204201568876273670
1208120655255756800
1201171463044251650
1216643920727302144
1218658084857532427
1214728188624019456
1217865620022317056
1216717984976101376
1221767351802220546
1217921567264518168
1220044781839056897
1220092746532380672
1223071651543339010
1214211694798528514
1214231680673665024
1219855007480188928
1233396944619409408
1228225385172570112
1232053945830383622
1233532101871443969
1232350163789897731
1227978234916196355
1233468419737112577
1227007190919086080
1231963100846448640
1238402959701979137
1234870789507342336
1239600549940477976
1242570991349436421
1243327142416355328
1244073187320758273
1238821450565521410
1243570224680615942
1238434453267111937
1243619683997224974
1242056108354797568
1241102865860628480
1244977454373941248
1240695870548369408
1237886471492661249
1239443356813389824
1241855526188834821
1239610419058216962
1243943949838024705
1240973258532454402
1236361277343236101
1243616166666547203
1241443860393463809
1242180688205336577
1244421213461626881
1240473355750277122
1235684734996328448
1242566880151339008
1244755417630031872
1242162283104567296
1244978797117681664
1237128746915762187
1244673566118821889
1240473838560804864
1242887232689704961
1244659360594264064
1234260824455172096
1235939435235004416
1237378962302668800
1239200670189793280
1242936108910104581
1239603902963564547
1238521260029575168
1240256121669025797
1240805186668564480
1243304561756049408
1236355774999388161
1239892994586816513
1243559753386582016
1239601090011643910
1240252375132078086
1238129499822116865
1238685567698812928
1241351618177744898
1235801329387229185
1239715323420368896
1245051493574684675
1240691199234551810
1242571332182630400
1238823519707897859
1239875185559457798
1239898857015738369
1239169402320367621
1240129860384759809
1243861913450229761
1235287036933918722
1239565322962833408
1243268415768260608
1250902753167237121
1252728659271540736
1247164357634428929
1247609056606457865
1246193742643490816
1253767470063562752
1247166644071190530
1247623738574635008
1252431451150114816
1251210534042640389
1246532749546205190
1245714891836665857
1246105904090624000
1246120526961086464
1250003427268202498
1254837480081092609
1246829147902500864
1249016946072457216
1249830892492722176
1246595865671684096
1247382251542740993
1248717662978531328
1251180604374335494
1250197539682312192
1254804635434418176
1246101649116053506
1250840757159596034
1253750749722554371
1252232729233522688
1253974865201291269
1254735677863931904
1247154274305323010
1247183315699781632
1246535547377590279
1250062785075204096
1245112236848414721
1255162557431779329
1249321617144102915
1250188342932770816
1250197525107073024
1255951323423367168
1250815576982736897
1251882214566039552
1251556183284092930
1251651256508088320
1253540275709853696
1254424680888328192
1246132466277953536
1252476078536310784
1255199654024630272
1249841606842290176
1255689527777058817
1247167977104891904
1255574243137466370
1246901672380526592
1248282357569916929
1252651242712678401
1250598288660688896
1247226348332036097
1254804264129638402
1246537769985306625
1249222610728013824
1246134857736097792
1255257770313605121
1252947104630288384
1251295113550184449
1254976855003758603
1255912857977249793
1245408831489835010
1255972509175787520
1254102587684478977
1254262236643811328
1253811247142887424
1257398082213470210
1262729478284828672
1276578458622201862
1268916212018249728
1272664396502691840
1275792199888908289
1273974128584937474
1275105534413332482
1272959198511292418
1272470501860839427
1268692454515015683
1271421233817583616
1275762025617149953
1268948850967842816
1271324366383398913
1276925969874354177
1270905602865336320
1272191603361415168
1276613744420847619
1271782060051570688
1272939854179864578
1269437244139622405
1271520777209352192
1273222438919208960
1276658355034099713
1275601226852372480
1273974151091335168
1267451865362575360
1283885451191947264
1284160681445601283
1280555132569169920
1278745763653144576
1288096314308194305
1281647559719567360
1287844903553306625
1284142759805194241
1289295969155076097
1289260246246895617
1280487593151475712
1278206845941878784
1278339276896268289
1283193743722643463
1284288776978616320
1288237448447680512
1288853876569853954
1280921149669552129
1288866480814260227
1289235720163344384
1279119291619708931
1285943269902491648
1280682874417500161
1284167660738052096
1280186788091318272
1281922481935310849
1288857991689768963
1286108512544870400
1280551516106039296
1280609485854294022
1287730999321739265
1285222385591791619
1288497990206980101
1298631311268220930
1293985742088073216
1298684263135678465
1293439926931988480
1291645369466548224
1299075559335419904
1293535223502839815
1298115336374558721
1295692054731923456
1291185569486245891
1291822055818584066
1293004497804054535
1296496713402847240
1297647034351194116
1293655386126393345
1300441258268266497
1291433365334351873
1300416625493987329
1293154778516606976
1291174052644757504
1300421091890876419
1299518511077761025
1292461007709798401
1291427368129658880
1296082039234428928
1296512059451072512
1299758727591936000
1291733971269812226
1296887579711885315
1289538265716932609
1291171852480581638
1291903545353142274
1290403517065134081
1290976299608092672
1304526169707085825
1304800570386124801
1308240099717582854
1302019388564881408
1304419894243491840
1305815776516083712
1300644421969440768
1306197071423250439
1309579305807040512
1311298189006442498
1303669257557782528
1304044862627438593
1307878325524803584
1304040015555489794
1306684945360916482
1301589897799708683
1300572923145715712
1302711556635947009
1320916203854950403
1322020510457196544
1321861434586865664
1315982555510788096
1316795038316331009
1318729967228813319
1311613755873206274
1319574779750473728
1321228238153154562
1313674507379331077
1321784332831305728
1316781853274234881
1315636142042222592
1313109462023110656
1313105479363710976
1315709468559069184
1314356306413838342
1315830054039896064
1316363529155416064
1318722737137872896
1313118861248663552
1317461781669961729
1329807051741073408
1331403394272030720
1324822472051609601
1328343651735531520
1329173587702509568
1326012206387875844
1324903342355656707
1326356923583778818
1328436945618350080
1326358480484143105
1326418478497140738
1333525819193503744
1326947971724845057
1326937877800914945
1326391786235977728
1326588071249383424
1338834994349940736
1335487452530827264
1337236675123175425
1338157420292403201
1342279944412536834
1334559117164343308
1341439258683445248
1334625631586250753
1335411619409616897
1340453708430077952
1336086280715694080
1334623696472838145
1336087158826754049
1340493397539188737
1341077185881206784
1344421919525920775
1336839617136504835
1336505589741088768
1340501785610506240
1334225158966394881
1341066132728504321
1335395670627213313
1340453681196650502
1343974125560352769
1342280085248692224
1337209842621005824
1257398082213470210
1262729478284828672
1263199825119633413
1262762740524802051
1262786736284790784
1262760163506679809
1262503580063485954
1259880593765961728
1263521333520064513
1259936314637586432
1260401933195632640
1265109196263096322
1256202421707182080
1258846148380577799
1258938619764539392
1259451175893532674
1262759978021949441
1261058962528636932
1263161462266253314
1264020405389529091
1256302097466748928
1262720058272419841
1258475346740998144
1259942132611072000
1258145066260062211
1265157711886340096
1258493260600926208
1259290459475673090
1258144898483699712
1257697982675378176
1259568415921979392
1263083560686235650
1262929697601617923
1258555348899844096
1260124962318422016
1264997419881619456
1259856991780036609
1265309062171971584
1260520623593455617
1258136030772748288
