1179379249700048896
1184943384311615491
1202643183622119424
1207675719255506944
1221777449270292485
1239372569515442178
1240099674943623168
1243757995298885634
1240670898882875392
1243340196583821315
1239990654752542720
1240003485107507200
1243227672534106112
1243470269202620416
1243222063990464512
1238240870807162880
1238305424912203781
1245042448478294016
1243329311639089152
1243706207300452352
1238416276625797120
1239695409305485313
1250653665490169856
1249798809527476224
1254857356883537921
1248405345757585408
1252582622238146562
1248029843935105025
1252704798115151877
1247275527452233728
1252308871798013955
1253635807795130370
1251267347760939008
1251100602697826304
1250595566985326595
1246856600385490946
1250494943602278401
1250494036911239168
1267633936701837316
1273046782839328769
1273750364387344384
1289025126143410176
1282742755538669569
1295548220983201792
1292933788545224704
1290729390465327107
1297968508123439105
1300522011131863040
1294451916106338304
1303491254257217540
1301208035759714304
1306761994733666306
1308494275001409536
1306005315826192387
1321441102608519169
1320707088943894528
1321226932868927489
1313093833413058560
1314712222648729600
1319482585475469312
1325943437535768576
1323713296940281863
1336402820275326982
1336407013165850627
1259950987030065152
1259948694515978241
1257627101039153152
1263517797738397696
1260435319830216705
1264408953104019456
1265046401052020736
