1195100772243038208
1209301989349318657
1230932455466655754
1233102928111644672
1243625698633437189
1242107894633357313
1238492092839714818
1239921025091067909
1243688344766369793
1245158988469207042
1251004954392723456
1249234288391991302
1248231469924966400
1254106236750106624
1251208632584323072
1271792144488038403
1273983113866117120
1285578448476528640
1282770991081558024
1281253793418694668
1283215771829755905
1279250252936200193
1298706497413746688
1307701878130532352
1300848016400830465
1311427806291779588
1312522892249235461
1317157078050443271
1337787861198893061
1334107967596072963
1343944211633213441
1259123203152084992
1258910245725908993
1258477145371881475
1262718350813089794
