1189385669304639488
1189380481936248833
1183670125448355842
1193996230101094400
1192849555097821184
1203366894012715013
1227398750164774912
1235596063165149184
1238297722874101760
1238224976248897537
1244033565366591488
1235202095529234433
1239942822922465280
1237195155322667008
1235363100125208576
1241609857410662400
1242257688635027463
1239379184696406018
1238128052091092992
1243257820436365312
1239745539606032384
1234605033167048704
1244295668757340160
1254114722963742724
1254137289879552001
1253337840076767243
1254322752372248579
1255608783210000389
1246101405414408202
1254752483651485696
1255032798672551937
1253875247188672512
1254454652407386112
1254109173031239680
1254077075016822789
1254180199307939840
1254230021272670212
1255575077783044097
1254487045998862337
1254798154303594497
1254693834287693825
1255870763640532993
1254483925830905860
1254778508179456000
1254075130424160257
1253468198143492099
1253817450535088128
1254208681102712833
1254791305814609930
1254237214986379264
1255217871933919235
1255475829427048452
1248726783802789888
1254395993329750016
1254487340229091333
1255152132589666307
1254378538163150848
1254629381277995010
1255926847717748736
1252689279215681537
1254288789637398528
1252966900688134145
1247987733965860864
1254222175931858945
1254400853022253056
1254675991886258177
1256270552697901063
1263812178727120896
1272421462050308096
1272677518382821377
1275447278799515648
1269262673042182145
1271589150534311936
1283455875059986439
1287780742802690049
1279623848258949122
1288194989521096706
1286735707277410304
1279460068770099201
1280973684014903298
1283489219013378049
1280943755118309376
1284633484364046347
1283737773959270407
1278783013262888961
1279837449242341377
1282758437542084609
1284275964814471168
1283499088265256963
1282754897549701122
1291469849915342848
1299754457480286208
1300210621703770112
1298354460452937735
1299380412171431936
1299502106941050881
1298368273034235905
1290068333992108034
1299355134204563457
1294624887722696704
1291391077082161153
1292784029641641984
1299062034819174406
1290797866479489024
1299355944388886528
1298452114126110725
1299409177497014274
1300062431343972352
1309844314231640067
1304402224756469760
1320352345998450689
1313494823626846222
1321960823913353217
1320770017957421058
1315302533380927488
1314412568778346497
1320337175364440064
1314283168485130240
1313287356905140225
1319674050533273605
1312774866450481152
1323637305731698689
1333511122058682369
1331261724679434240
1331996563380514818
1330339049899438080
1329259783375949832
1329315346151596032
1326769810450026496
1330559379221880833
1323639141012221952
1329260815753555974
1340013887392018438
1336034512413876224
1336438249724801027
1335977730668711938
1341454768644898817
1336163369410301952
1256270552697901063
1263812178727120896
1256893832681136128
1266450236966404100
1264937540290666496
1256159952521039873
1257457439500353537
1256203543196958721
1258376747046797319
1257318098048135175
1264315865241010177
1256701529492541440
1264214907848884225
1263860677879500801
1256437367004684289
1258478026905567232
1264016226352631808
1264152216304263169
1257073123821621249
1263957181751103489
1264034190300938243
1264197238819078145
1264095582928490496
1260314024169832448
1264029653838118913
1257303237344079872
1259972359253000194
1264348916037845005
