1179566283714633729
1179636773049294848
1182992605329657858
1181539027129790464
1179983859259039744
1181292154624397313
1179580224272572416
1180624647294980098
1186439207344062464
1180309808907456512
1182361534368014339
1184647058583515137
1179627934929342465
1180393156790996992
1183225397405614080
1179743128355405824
1187834539055300608
1189020430415400960
1182764097718411267
1179984190260989952
1189554019179683842
1179867500525174785
1180979048677347329
1181598471473614848
1184770665687212032
1182343627172958209
1189020564054249472
1181591584984506368
1183846376746168322
1181638524451332098
1195053110776909825
1196610960766558208
1194665853406646277
1192534701250109440
1196568553975140353
1196464864782430208
1196496204789698561
1200624507062493184
1196524403670048768
1195813910642909186
1193990686128967680
1195908523907047426
1190735526535532544
1195863622095966214
1190064777789181954
1196625895915761664
1200715255007121408
1195856774601027584
1192660483305824258
1190253813594234880
1211628269293985793
1205372819871285248
1209886181783166976
1211862395032940550
1211071406731079682
1208036590905376768
1205342623260708866
1209778486463778817
1207661291193671680
1204992442635837440
1202209781093666817
1211861384339832832
1219115386781650944
1218570015894433792
1220688754245099520
1218687767963668487
1213155201990975491
1212594467967918080
1232846563870990341
1232582142334570502
1233456596317097986
1233518767910641668
1231521371802476544
1233761340860141569
1233444747097694208
1224355358988107776
1232290966243028992
1233366120939302913
1233307111024541696
1233239776590827521
1233092949841346561
1236041927239315458
1236057741795487744
1237339103420702721
1237670381667770368
1241446982566248451
1239250257839566851
1239966225398214656
1240825654062592002
1241097436267008001
1244809671678005250
1238450602788691970
1239659824830468101
1239901189698879488
1240100459823710209
1236432747234766848
1238307042458251264
1242138711862714373
1242242009512980480
1242529383082004480
1239636475131674626
1242045052223922177
1243120385673113602
1239958681569148928
1242434515475271681
1236011317200392194
1242171506597277698
1242293309290303489
1238293956242411521
1243296201723740162
1238605005805875200
1239822140179763200
1234736863954366464
1235695020553928704
1237085175416336387
1240792922766917633
1244250455066071042
1241063706873610240
1240641692845383680
1242569367377915904
1244744545998430209
1238820221651234818
1239208656115126272
1242567868346257416
1237609787094790144
1240681477580308480
1244051646541369344
1235357104724160523
1235572362327674880
1237185319684001792
1238270092233846784
1240781666911739905
1241032501646077952
1240639512985980929
1241825572822671360
1242481388097421312
1242983323783368709
1239943921830178816
1240348746463969281
1234892553733828609
1239756594054750213
1241416692607188992
1243640234073620489
1237110686259359744
1240097446409023488
1242432557549051909
1243290170490830848
1244768126409072640
1236577527302365185
1235590009102766081
1238067952261439490
1240992651471708160
1243292180153692160
1242203624060538880
1240652348164386817
1244247778685079554
1240991062149267457
1242437804623368192
1237705467901521921
1242438752565432320
1244028995760304134
1235351804872884224
1236417095874875394
1237050009553534984
1238652317601333250
1242643607405965317
1244321923317850114
1244337351503028224
1244337351503028224
1236744117755011074
1239029284947349505
1235987044767354897
1236991380477677568
1239559908116357120
1236267077490692096
1236473742584414209
1238119808664821761
1240380708264316928
1240762471926784002
1235369547542204416
1237040447538835456
1240297156050731009
1240654148485316608
1245035377288548358
1237521868963233792
1237823125594783744
1242128340506554368
1242537610318360577
1243266132737511427
1244214658627702790
1244722314446540800
1238414024263364609
1242449337398910984
1243796562377089027
1244974209949995009
1234147581728624640
1240626104127426560
1242679916635750400
1242713391371898880
1240689754724696064
1242081179291058178
1242097691984908289
1242099913959313408
1242216330591338496
1243001978713759744
1243548580465356801
1244764684957474824
1237151931694493702
1240032663089451009
1244657352072200193
1238133078670876673
1239444643793850369
1241012956185452547
1242552361870135300
1244793686468239365
1236771096747061248
1237127158989979650
1237940515921965057
1239617470727704576
1241085098038042631
1242087704281612288
1236700139378675712
1240774767935971328
1233943399507558401
1237974893234397185
1239999395673837574
1240653553141723137
1240807946382163968
1239961281492385803
1236840353375936517
1241083104762060800
1242914703678099456
1240423772815048705
1240749984234045444
1240999721512112130
1241825404622704646
1234277140272685057
1236603691337158656
1239254977580691456
1240033803516739585
1243259286064676864
1238077948936273920
1239208536338567168
1240626124167827463
1242479255537106960
1237069176117870595
1238942802169348096
1243195062978297856
1248597096560840704
1248651531815174144
1246248426825822208
1247159441037778945
1251201004223303683
1251201588573745152
1253728149575270402
1253751057051643904
1254842376276893696
1245739531388715009
1255862400206635008
1255241267665080332
1247953102851821569
1255588034008907776
1246036181885825024
1247170800144261127
1247206010311380993
1251871170544140290
1252395921213493250
1255869267893006337
1248732976214609923
1251265731053916161
1248644156437590016
1250104896189165569
1248709084259500043
1252296176466112516
1253572842198728704
1245381910827761665
1247886522822492166
1247966716031877121
1248251709752668161
1249648157161664512
1245538693684826112
1245183992480989184
1246105428322213889
1247631845048623104
1252881718069137408
1255344975417614337
1253458241461325824
1245113581848444930
1247995658138771459
1251980812591009794
1253129186300047360
1246122315605135360
1249146967197913090
1252835916520943616
1249723537193140224
1249828205835452416
1251000631445393408
1253377447044710402
1254812786615554049
1254868445663055872
1247272367321038848
1248314987577212935
1253691929591640064
1255929634920763395
1245159193092423681
1246947186333679617
1247963410169573377
1251926031633649664
1248817045615054849
1254882009245118465
1255145119101022209
1246569839646232576
1247524112357978112
1250209130180046848
1253342940518285312
1250249736034095104
1247262489860911110
1248294082805456899
1250081290621202432
1255689996285116416
1255645281204555780
1250985054421028864
1251103535162327041
1246071625109381120
1247276165003268096
1247750909871837186
1248031589855985664
1250358626117496832
1250052231136792580
1251405495048552451
1252335731067940866
1255648574580244480
1245348580304412678
1249837809160130560
1255851852601720832
1245713581229912064
1248279731713085442
1254398105832894464
1248630988583903233
1254449121081151488
1255656934084149254
1247275719383748608
1247781792553111554
1248345673084305409
1251179361962651649
1252609906210938883
1253460140130369536
1248411756025671681
1250798500226498562
1251887571879309312
1252288026933260288
1247895935541100545
1253722420365516806
1247572274464673792
1248144146835046400
1252935107469611009
1254469404735221760
1246226099568287745
1247152063445905410
1247840789381742594
1252968606347997184
1255536514307461124
1245708150264614912
1246066523510317057
1250809203981266945
1252557921977692160
1254753254774366210
1255852592845983744
1245729435321597952
1245826138150240256
1253392848533073920
1254560369634394113
1247598143123800064
1248610234668482562
1248620415947137024
1249676786671255554
1250550221903400960
1253001821955788800
1247366487641174018
1247620359597285377
1250886730930102272
1245726868776591362
1247519602411819008
1247536253764952064
1255143941562724356
1248357204903813121
1252945419656736768
1245359670065352705
1250163920448389121
1250793570468073473
1252019496765792259
1248003981114130433
1249959659701665792
1250806728779689984
1254085259844448256
1247891105619701760
1251568674424492032
1253698382608117762
1247381580819107841
1249962167903846401
1251217246292238340
1252257729340719110
1255827847513505794
1263552534020489217
1257712976229998593
1261261090228494336
1263400122332962817
1257484318970187782
1262144477130559489
1257063343703064577
1267660963005652992
1275635257610362880
1275099671971663873
1272970915882520576
1272957552821702657
1270726331362349056
1273460430686482432
1270575808923516928
1272942849743609858
1268771671780888576
1270550865418555393
1273008641214484480
1273610090080337920
1276284032624594951
1271284841732947971
1272895202726797312
1268728866077622272
1267550988363280385
1270049703170891777
1270483763282108416
1268944506365390848
1267559964689575936
1276492084472508416
1270792274872541185
1272736154689974272
1276165753163546624
1270798637971341312
1271819615795060737
1273726961056022528
1268728640289685504
1277575288856215552
1274901338091126789
1268748263894679558
1270620317707272192
1268920896342953984
1270868755913084928
1267519766387982342
1268820107167363073
1273635975835586562
1286710019300265984
1281036598327435264
1286317811262922752
1278777985571700738
1286476978183458816
1281979080485662720
1285252628838887425
1285782369530605568
1279789264558075904
1281428319226003456
1285731283096735749
1289302333906718720
1288881037368590339
1286402079746072578
1280807610703372289
1286663020802912257
1288337227190239234
1278445273807818757
1287483661600915458
1278125379962777601
1287652477249171456
1286480857553747968
1279437474876571653
1282437493564928000
1279173083534852098
1281439324358283265
1282309588834975744
1283473928304959491
1286975056485199872
1282323163876073475
1288844295898710018
1281447715679932416
1283033235849711618
1280969726550736899
1281592066443808780
1288632902482157568
1284217998262165504
1287759899942846464
1278396200362754048
1288526144598310918
1282838932540002304
1278378375086772224
1282010820780720129
1287465230939848704
1278171469353230336
1284579966386966528
1283062469943013376
1285240870128713728
1281978757503385600
1283069796305776640
1289039499037679616
1288621598430429185
1287953762515116032
1282301181436366848
1279302585380417537
1282785646051037191
1278836854008287233
1288679459189673986
1282058454312595456
1281315732966592512
1282329012090679297
1293971832207482882
1289325717734297601
1291405966420987905
1300224496641728513
1298260695381716994
1298016002660274179
1299323238997274624
1289392077445271552
1299814078416859136
1291203610936836096
1297897781814857728
1294401958879662086
1300512723558633472
1297125131656077313
1298273516542758917
1291121453686050816
1297639001818529794
1291369001004695552
1290356948911697921
1295410078359658496
1296173861822701568
1296865253427478528
1290330357447962626
1293996173317926912
1293960528122056710
1290162726266798080
1292331252612308997
1294270094911184897
1289644568384872448
1292294781675110401
1299422246398722057
1292918913332903948
1294411753330290689
1298712612633485312
1291474144941441024
1290445596701016064
1293960528239493121
1298161448556867585
1299179947144212480
1290688079825707010
1291203842940342273
1290272847701524482
1291474144916393985
1291037519660879872
1290775772269969408
1309509397194911745
1302260199328288772
1301196436810403842
1305707937277636608
1310596584158171137
1304438417418313730
1307311765995352066
1306633368008880131
1303355339312689152
1306319465177587714
1301362662975176706
1301423308546637824
1306655658859663361
1306243684879405056
1306821985322889216
1301209545600098307
1303134471206690816
1300761304643313664
1304508510772826118
1305232411857354752
1303728622054699008
1303699052341596160
1303798222851252225
1304483745274245121
1304381700164718598
1306057987597819904
1302329970149261312
1304184146303094784
1308036491105439744
1307024056957403138
1306991622735888384
1303795311291187200
1304234696713306112
1305984760532152321
1309545523012087808
1310345026816409600
1302559223939727366
1305719742410391553
1304489910309711873
1302254658090610690
1308118498816733184
1304794866161987589
1310348124657823745
1310421134890930177
1306319465269915655
1303842119770140677
1300799054801141761
1308093411015233538
1306101781164892160
1305592483976564739
1305833429104316423
1303399640180682752
1308177939566125057
1306377725762924544
1302433233896976385
1305287644587458561
1301005174056595457
1306377073175527424
1305582121411579905
1304161725650878465
1303521030233821185
1304864859985596416
1309531023231905792
1305590510082502658
1322017418701623298
1312542954670546944
1313633956647104513
1319513811133648901
1320197919081943040
1322503722157703168
1321986930498695176
1320007136890552320
1321897592184172544
1321991730661654528
1313176182419083264
1312249725584699392
1320909880320995328
1322507850279755779
1312118990207033345
1315335307294842880
1318241395526848513
1316768091033022465
1321258379914956807
1312852491424468992
1313935628569120776
1319518592841388032
1320990273472790528
1317937003971833856
1316785374627344384
1322529552732741633
1317275385000718336
1313817897446322178
1313881793762861061
1317248795101548545
1312593910175236103
1312053641906286592
1313876992245166080
1311766646642491392
1321605920141594624
1313624970766024705
1317195174964056074
1312898357921296384
1321863091894784007
1321950304481562624
1318305773861113862
1319606388679729152
1321561845241683968
1322226127834882048
1320953757857763329
1312184814548578305
1320950887465078784
1321871922917945346
1321275632924450821
1321907154995965952
1326852078740844550
1329966258406576128
1330962202740862983
1324470565923655681
1331086959389904904
1325629899579731969
1329399914242117634
1324915729154539520
1324678049724616705
1333448204722065410
1328550177523724289
1331784922638454785
1329576013743976449
1331385162265812994
1323486310410104832
1326914339329216513
1332169335134187523
1325613405009563654
1325994745227718656
1328795544232325120
1326633296852250624
1329411638429175809
1324535473675497477
1326702090396241920
1326968678538244096
1339224454329720836
1337566085457932290
1334941290098638850
1337510693575163904
1340992804370132992
1340078389760303104
1343642719520899073
1343304071344697345
1341718641272872961
1341204811929292800
1340748807814963205
1341153473669308417
1341567199862001664
1336944474677764096
1341172096739635200
1336130375232479232
1339272076872445952
1340680861394452481
1334613127665573888
1341188957518712833
1344393825322729474
1341223182947127296
1337450454607925248
1338125270084022274
1337269734610448386
1341411167189803011
1340797880676745218
1335963213129715717
1342473157001805824
1341557133603721217
1343917618948931584
1333599196771807232
1344345043130314757
1341076466402914306
1341155918747201536
1336151766317096962
1344357927608528901
1339521215350808576
1341585772231667713
1336832998986149888
1339628170782240768
1338578003299880968
1343778023246417920
1340839406870142976
1338966563723108352
1334981303934935040
1263552534020489217
1257712976229998593
1261261090228494336
1263400122332962817
1257484318970187782
1262144477130559489
1257063343703064577
1259996963157815297
1260011808393289731
1260740572899246080
1262208787143815168
1260965847176220672
1261024780289028098
1265021374990635008
1262492398938177542
1258148132292091908
1263655954660368386
1260769708317564930
1257420822488236032
1260740052784578561
1263880552999837698
1258410058226061312
1260353367337041920
1257332712957935620
1257450913998016519
1262739080040845312
1259621705368117253
1265654913478152193
1258761572932964352
1260740342187319300
1258184139683115019
1257417730359205888
1262393263140503555
1262370030617980928
1256667273886040065
1260017395197857793
1258803347890548737
1259855910291283970
1256382521392193536
1263504493414699008
1259910255871438849
1259889359853170689
1262430072012759045
1262558445422686211
1262820629260259328
1263908870440857605
1257255435540848642
1261069027394424833
1259947298391556096
1258192890448293888
1262176316708794368
1266716607243583488
1261706886073798656
1257046221547622407
1258461867950903304
1260591379819839493
1265745088832888835
1256934030416793601
1262095858620936193
1258581240116117505
1260245871427534848
1263589493187072000
1260738995845304320
1263534056307752961
1256294566962970625
1257735234755461120
1260988748311015424
1261084052850966528
1263851106897203200
1260596448833540096
1260804909332643841
1263153243464622080
1263590027075842054
1266386303203061761
1263640014476455937
1256300771299205122
1261401543892402178
1261450540929519616
1258393866287398912
1258176380115865601
1260921929986445313
1263964830861492224
1256951916824629248
1261831295174402048
1257162989695721474
1260671658848747520
1263974695830818816
1256254758798495746
1266679019505885186
1257248012449058816
1258437455419715589
1261073848092459011
1257164433907843072
1259898564580442118
1261417349028044801
1265673644832743424
1263663788865261569
1263844789876711425
1266594728142757888
1258845485676269571
1266539683967905794
1266946869252419584
1261006504343113728
1257011121858453504
1265278514493665281
1260277513361559557
1262405702846427136
1262746715997650945
1264345366448742400
1257480395471425537
1261401260005249029
1260745694152974337
1257729836157677571
1259682386775805952
1261161336316112897
1256624433957089281
1261291126964785153
1258061576696930307
