1178957141320835077
1186876119812919296
1179584619873738753
1180091190177357824
1185813043231494144
1184096041110507520
1186063968005169152
1184835556213047296
1178977921836490753
1187922092907552771
1189177497868308480
1184642758188900354
1184072286103592960
1188713270611529728
1180689627277119490
1189007329347289089
1180664179201576960
1188343589908221953
1187582251133034496
1181113168757702657
1181006281156550656
1187161124476604416
1182536768173658112
1185098902963445760
1187155490125385729
1186590135204401153
1187289828968357888
1186645966423838721
1187260311608283136
1185597699745353728
1186833563230048262
1184117836131774464
1188327185217544192
1188740454189322240
1182623011867889664
1188421551118405632
1188615866578960384
1199835495548817413
1198538379857661952
1200796706624983041
1193631215410196480
1198260864589000705
1191588130610126848
1196666043164450816
1196000558320168966
1197172443842064384
1197160429488750593
1191501025863065600
1196015008842485760
1191710827432349701
1194899097750142976
1195295209334157316
1197282487845769217
1195290703292772355
1196219917420204032
1198184811271278592
1194919322470076421
1197885676886183936
1194191437925113857
1195937211214118913
1195943546760695809
1193337765003431938
1200366680859455493
1195643092960985088
1196733165550866434
1197421734359523329
1195692580157054976
1196031049060368384
1197489881351483392
1197489881351483392
1196615943599710210
1197423895260717056
1191270345933803521
1193368204912947200
1195529510147559424
1196015007785504768
1193776427767865344
1196004112736718848
1194184941799661569
1195942305229881344
1191358069717946368
1193467133189079040
1200464255708889088
1190841237085020160
1195688878453207042
1196013819191025665
1190407184019910658
1200650044141121538
1192196527193821187
1192196527193821187
1196015818125062144
1194720441165864960
1193330583813922817
1193520683109638144
1194905596387921920
1196733878238695424
1200477959217405952
1191701788006633474
1195841037572329472
1199901362915610624
1192277330074439680
1195975748655316992
1195907099416551429
1198855139668484096
1199280485249110016
1198796358020423680
1208676308340936704
1203863898052448258
1204400118864084992
1200936431008370689
1206439343306375168
1204310884006236160
1208004665951932416
1210532837234900994
1207737624825344003
1204398719136718850
1206153172898725889
1203664693778247682
1204083280640987136
1208579221234171904
1204086422623227904
1207917388970246145
1201361386103808000
1201539217626550273
1211564354996277248
1212070666175963136
1208925293274161153
1210528245151674369
1208306249726676992
1211305750980677632
1207536272451014656
1208504100989497344
1209090843136708608
1211543945215266816
1210042191722233857
1206281134205743105
1205782989243912192
1210562433611382784
1205365514257805314
1208611691350646784
1209486033303298053
1206846684011081730
1211259103647010817
1202739601888206848
1219069680327020544
1222896609005977600
1222448141829492737
1222971448517591042
1220046365247455232
1222793939532570624
1222862737409073154
1223062281510100993
1220833766504972289
1218346901055078400
1222446079787954177
1219930973686636545
1222795726222249984
1213624135693295617
1219429793273434114
1219594023251456000
1218669368973725696
1216896774998233090
1219072402413453318
1216909160098541570
1221822348921167872
1219170923770720256
1222448505546919936
1216975205937090561
1222455929691504640
1213700445279051776
1223123233924251648
1212728376844271616
1218445637504720898
1219097351555555329
1222362539209584641
1222844366592643072
1223023983139807232
1220005977908555776
1222792412730290176
1223131292704763905
1222683527541555201
1216508406284062721
1220238879673987072
1223153015915368453
1217798077786066949
1222890725185998848
1215809330362167297
1217772080055361536
1220903482124840964
1223107992200986626
1223109200366063616
1218079115791818753
1218239786927972353
1222444455049015298
1216324770230177794
1221022298918084608
1223254439131275265
1217727772417761281
1220624984160243714
1223058936028454913
1222945024280674305
1219174650170740736
1220698546074091520
1222819462216323074
1222448230538956806
1222309954620661760
1222897744412475392
1222974555016351744
1213309296966066178
1216767338772496385
1221989394392977408
1214840307742912522
1216614330554290176
1223108746362023936
1218709091113164800
1222814633070858240
1223056746312347648
1222806796768698370
1213276029479006214
1217219147739860992
1216960865129254912
1222817501899182080
1224285091314069504
1231803754145599488
1232854668583325697
1224240086973177856
1226169987263541248
1228636972920582145
1233597645781946372
1223804902645882883
1226395996919386113
1224674643849728005
1229208440976752640
1232455793825288192
1226470055044689923
1229734583220015104
1231020510609207297
1224573418013630464
1226013469981454336
1226628624150925312
1229341010884427777
1233420362525892608
1227235269587243008
1228261453754445824
1233383671157186561
1227262143420149761
1227209581077520390
1228240215615008768
1223883614477221888
1225592833861726210
1227894931185950720
1227986215246422024
1228156962350612480
1231393015228325889
1227880046548987904
1226010376455819269
1226045776503169025
1227257124553543681
1223463314409361408
1223507338805567488
1223809420250902529
1223977976682991618
1230814362924920832
1223922615875555330
1224521088534581250
1225965939117527040
1227252268707143681
1227817943515328512
1229319956040503296
1229647164080611329
1225946451429265408
1226334362876047360
1225712124531552256
1226468410277670912
1223441989800083456
1223807554976800769
1227214930346172416
1224113760756846593
1224659390059499520
1229293493442564096
1231876728139718657
1232189967595536384
1225950917670907904
1227505636134408192
1225623283606806529
1225702419041898496
1232280785811435521
1224110891039219712
1226050218514374658
1231214087482245120
1231224506884263936
1226022169026666504
1227895782004723718
1231027077794713600
1223893021172948992
1229186725043482624
1229563736903413765
1223880405885112320
1223820580224491520
1227516064851996673
1228837920712212481
1224579378778120192
1224626187491860480
1224684448291139584
1233580441849888768
1228673966916743169
1223982969720901632
1232543277166944256
1227856734905081857
1230848670679076864
1231809032635199488
1227485027790991361
1228570044864446464
1232104121714565121
1233603006966439936
1228225330021748736
1232967528747454464
1233321903592366080
1232583081015549952
1224661641905737729
1234998019872845825
1241229530531938304
1241881584883679233
1242072987680903168
1243434700141547520
1244179233993351168
1238772490886885376
1238848869972078592
1239399785330851840
1239489232080699395
1239832296116473858
1240194151661981696
1240195530195525632
1240205462332567552
1240523043610464256
1240810116917506048
1241897548002070530
1241999674837327873
1242805169391382529
1242824009655488514
1243409200379654146
1244413020199141376
1244516230951772160
1236876432422232064
1238083941363519489
1238098532789129217
1238344107740876800
1238744837425258497
1239463137163829249
1240539937125969921
1240620882025996290
1240883009114574848
1241331343046447104
1241644874899873792
1242766857368735746
1243725928120926208
1244629299111616513
1245002326689136643
1237634530455896065
1238081244002430976
1238649527088738304
1238679999139524609
1239118062281842688
1239704447426736128
1240190429619879938
1240901252944236545
1241583251124359169
1241982880860917761
1242033983820640258
1242703861929988096
1242743396881428480
1242843933828427781
1243386655886565379
1243394183936634881
1243898341395779584
1244888737831665667
1236680723072872450
1238642594445430784
1240210312726536192
1241227008153026566
1241478679399739394
1241752502200041474
1242704109142188032
1242764176382144513
1243049343419990017
1243205616639692800
1243460351506726912
1235409094862749696
1238976996400607232
1239164800493670401
1241316826807783425
1241909232229740544
1242724701639708678
1242874179785015296
1243432731306012673
1243698368892862472
1233950214681223168
1236296963722809345
1237912823046397952
1239000090989264904
1239555983216709633
1240644404676907009
1242121248227741696
1242426377728479233
1242633119137771520
1242659982937436160
1242763710940073984
1242838610409332737
1243206480796385281
1244641683045826562
1236127629755002882
1236953451139158017
1237284255194968064
1238135114732695555
1239826866225086464
1239893943715680257
1240260635532742662
1241147840543559681
1241191149148069889
1241381660404453378
1241521949018292224
1241541453194694656
1241712777246449666
1243046175525072897
1243093233787420673
1243174850237259779
1243505590057545730
1236115918851371009
1237016489212829701
1238300931256713216
1238690432072273921
1239779324045254657
1240528517043011584
1242729649374785539
1242760369627635712
1243092636686147586
1243542689452363783
1243827708808908800
1244538949235658753
1244844680518533120
1235220527343710212
1238067903083081731
1238647115531857920
1238651090532352001
1238799800004272129
1239301258139152391
1239956612124536832
1239956612124536832
1239956612124536832
1239956612124536832
1240181818537594881
1240181818537594881
1240550610480427009
1241326249458401282
1241335036068024321
1242127641081049088
1243450538798145540
1243712498525601792
1244144906869919744
1244249702322896902
1244856346824056833
1237239493645737990
1238097871322394624
1239503154405834758
1240240827328270342
1240245228998721537
1242726012036636673
1243002326308261891
1244403083515506688
1244787369837920256
1244953440263876612
1235370944606203904
1235785349445693448
1236168637821509633
1238320109489459200
1239733230200389632
1239831253022412800
1240674129247907841
1241767659722719233
1242115510545682433
1242627121207562246
1242806510301765632
1243013007359250432
1244613112499777536
1245033238122442752
1236202009214070785
1236532514010927109
1238495456256126978
1239944617476468736
1240285888174870529
1240823176717729792
1241909135836360705
1242021590239330304
1242141560432734208
1242480073862774785
1242745420096237568
1242997855662616583
1243429149345296384
1244852574551003137
1237020340901085184
1238019685238673408
1238466953129250817
1238857569856147458
1239582133901037568
1240548122440450048
1240875780827222016
1241234262877061125
1241946299001458689
1242008502433910794
1242144089312804881
1242734078039863298
1242811460050464769
1242960141902807040
1243095803054432261
1243766853769584640
1244692066120142848
1236664362426916864
1237297960905355264
1238751000422277121
1239117968623067136
1239490203397566464
1239856662992891904
1240476027299692544
1240701585795117059
1240855801255940097
1242037170950504449
1242043349592354818
1242120066964938752
1242256849337901056
1242321925394894850
1242424090285277190
1243893415311532033
1244218694701592576
1244663500552585220
1238154243556519936
1238307673705234432
1238393872582995969
1239046609624805377
1239505172444770304
1239890739888340992
1240123340360163337
1240559842906890240
1241181458741497858
1241956788943101953
1242784983632105472
1245093791020781575
1237279238472024066
1238379983669583872
1238756942157434880
1239148648128286727
1240119744403050497
1240187580282331136
1240502507970818048
1240526046681841665
1241958034575888386
1242125651957686274
1242824472710844416
1243409554680893442
1243427761185624064
1244556471972569088
1244917654692835335
1245034485676011521
1234996040174067713
1236953907609456641
1238021182529699842
1238137427207884807
1238473350667743232
1239529141797621760
1240332586779430916
1241283043605667840
1242275075748851712
1242419625847148545
1242647402902945795
1243030166181261313
1243053864619835392
1244513691577565184
1244912560274411520
1236675941117710336
1237308248312643585
1238125158650376192
1238498951239733248
1240452243645587456
1240760264703848449
1240942711420616704
1242316821006618626
1242388810735865859
1242428682565754880
1242593443546791936
1242880405734391811
1243468421372805122
1243856137402880001
1233935203418169345
1237271555488378880
1238035296987439104
1239431383241691136
1239515184672243717
1239836007555428352
1241198937198997505
1241219140892995584
1241752306678284288
1242462751126990849
1242812676264415234
1243013228550066178
1233938891519991808
1237909046839017473
1237957629621817344
1238159112879276034
1238400394763665408
1238700255807442944
1238766029486141445
1239771146008047616
1239876122864582656
1240214822354108417
1240241654503743493
1240311394550960129
1240515012122337280
1240556786467438593
1241260103732539392
1241657736955338752
1242005671387619328
1243718279127945218
1238111602618089472
1239923848839118850
1240110951573176320
1240646483784765441
1240737674387955712
1241560719591649280
1241704034647629824
1241728567202983939
1241912782561447936
1241931012403322884
1244952681078194177
1245013989987241984
1236565495433830402
1238618918299656193
1238815261295329282
1239042740379320320
1239797660384550912
1239915779346161665
1240250490857771009
1242081473370431494
1242361066492792832
1242384300168957952
1242801982248796169
1243895521376448517
1235793846845542400
1237607300208029699
1238796023541248005
1239866942665699328
1239903208841056256
1241653427014377472
1243016476107444224
1236995124762050560
1238131626736939009
1239737862519750657
1240222738360475650
1240524381471698945
1240896867883335680
1241232987754074115
1241571708693331969
1241990495431245824
1242071329668464640
1242377399125176321
1242495012819963906
1242509141106712577
1242668841110515716
1242738238227451905
1244507420006723587
1244957038033006592
1235910174482681857
1236300777905360896
1236796545359642630
1240493627308204032
1240590352429580289
1240630776716300289
1241570425345388545
1241649683266666497
1242041928511676416
1242294038985871360
1242635876137668614
1243089225504808966
1243395319653527552
1243831092617990144
1244546525641838592
1235517887621681152
1236294609556377600
1236938492418146309
1239886823675039744
1240124598651322369
1241265528783736832
1241950107769036800
1242780374654164993
1243100522472751104
1243125191804424192
1243459766447484928
1244580389777268736
1236964098501271552
1237361958506151937
1237541694414802944
1242277979297890311
1242859373396885506
1243503963187613703
1243798231101968386
1244806971796140034
1244937614312050688
1245033113312354304
1235558063609872386
1236650508523356160
1237233284645638149
1237954322349977602
1238043172304912384
1238102743291658243
1238428866286411786
1239551954172276741
1242726765711077376
1243105517268021249
1244276092598235136
1239152073628889088
1239491690567614465
1240264228222537729
1241635145897005056
1241639517133524993
1242254503426035714
1242401946842968064
1243078591824314369
1243835918261370887
1234279568216936450
1236985199478673414
1237282344400064513
1238106128237486081
1238134643934867456
1238393648787664897
1239021950866837504
1239468896970665985
1239810605873127424
1240430777352867841
1241295306072813568
1242499864090382336
1243014469623713799
1243381617516740608
1243411233891430402
1243588379293306880
1244237209634398208
1244787379904212993
1238080396253937667
1239425133141299201
1241943415581036544
1242004833667710976
1242655996545286144
1243006257507770370
1243557311458746369
1243805222306275329
1244610450425122818
1244847236669980672
1235158879371005954
1237055311132930054
1237169754126692352
1237948333156487168
1238095191329947648
1239368555562446850
1239872127391748096
1239875974080020480
1240112187965943808
1240666268518109190
1241233822592753664
1241517928773816320
1242007529971830784
1242662548819804160
1243042142567759874
1243832885917945857
1244241481205821440
1244909030822166530
1233947791489163267
1234861005118853123
1235362714731646977
1237644327007817729
1238685076671672320
1238856445753307137
1239082126567337986
1239524245140582401
1239869292579115010
1239885653464227843
1240104404029714432
1240127270553104385
1240155422499241986
1240156072687566848
1240176625125404673
1241228273486446592
1241277486509539328
1242003738837090308
1242010513460137990
1242301607204847616
1243106745297317888
1243358649562435585
1244259496953856006
1244499825162211328
1244911983880818689
1236940040984498176
1236952422418915333
1237675716902354944
1238016201781116931
1239487088296329217
1240497255657943040
1240806841539416065
1242365817804611585
1242500849542115329
1242674821332455424
1242792206542331905
1243362157539897345
1243482558664409088
1243760074490871811
1243837116733218816
1244523726038863872
1235067292628570113
1237260505636429825
1238270182595923968
1239061617427517440
1240197251558825984
1240520981552214016
1241484939130011649
1241635090028851201
1242701882931511302
1243046642703450113
1244144693706883073
1237246903349383169
1238684480300175360
1238858994728361984
1238944604172496900
1239501740975828992
1241659694462181376
1241711323483910144
1241720215219720193
1242544818107998208
1242793885971202049
1235776570561880065
1236461157424168962
1236863161413795840
1238807223515709441
1239397483278667777
1239397557706600448
1240170863128969216
1241069076895666176
1243153120399708161
1243410270812139523
1244074841482752003
1235868733928660994
1237196933694992390
1238092368873578496
1238722123662651392
1239817991660933121
1240180971481137152
1240592736614572032
1240610627628019712
1240843247691264000
1243763260568068099
1244222132164481024
1244583080481914885
1236138158535741441
1238650632644378624
1238764203533533187
1239064345813880832
1240489450070818816
1240846796743741441
1241906683514892289
1241978523096678400
1242320639979028481
1242640771213340672
1242764743615614977
1243027865551151105
1243068529752051712
1237965154039599106
1238176949635297283
1238813762423001088
1240526054948843521
1242466382748491776
1242957680249094144
1243394855335677952
1244902576224710656
1236137607731568640
1236645948530364421
1237313733275181056
1238118586520133632
1238724765755596800
1238793815093280768
1239135840715960321
1239450130006323200
1239514344242716673
1240599199592439809
1242771765123842048
1242831008665407489
1243100009610063873
1243806530421612550
1244158872673288192
1244193317342060545
1237166174061973504
1237230560885592065
1238110830618607617
1238799995819745285
1238858082379345922
1239002082453196800
1239552937170317312
1240072412982415360
1240916562254516224
1242771252835684352
1243142264760807424
1235866809259012098
1238986581626634240
1240763467851857925
1240850306252103680
1241176287005327361
1241214850048589826
1241239739346423810
1241501628672479232
1241553791398248448
1242031047564341249
1242275222344077312
1242432807063957504
1242724701509730305
1243104221525917696
1244454667167416325
1235791084216659970
1237203746788184066
1237900794495741953
1238663846023184512
1239571020459044867
1240223788685561856
1240816992552194049
1241384147173720066
1244240585080201216
1244896017134354434
1244920100324388868
1235814507055742977
1236979488417812480
1238792518273122306
1239112706176593922
1239135902049370112
1239571168547528707
1240198024443367424
1240254924295987201
1240331936909815808
1240596350007250944
1241388112372281347
1241892331072126983
1242135774377590784
1242135774377590784
1243906561061371904
1244075685775368192
1245013986006806528
1237034686209196033
1239034329256386560
1239095959386312707
1240277291520757761
1240625556795858944
1241201889204670464
1241258619859087360
1242242068962897920
1243153345663193095
1243933433832841217
1244492317341495299
1236166693807767552
1236732490007613442
1237913414279802881
1239198746535051265
1239474242783252481
1240193422968774656
1240704955599618052
1241018480406802432
1242630514680279040
1242692577306054656
1243071502829879297
1243109998361579520
1243386261475229696
1243777798675689473
1234999511627390976
1236946663782023168
1238863655170646019
1238880105247600642
1239062857460985857
1239528685738352640
1239793660876726272
1239850967522312192
1240134263380553728
1240271840158851073
1240432375127048192
1240509112678412288
1240558553477373952
1241933240233078784
1242339700171591682
1243200043903070210
1243434965389340672
1243440300313522183
1233934145329352704
1237303873364254720
1238072094383935489
1238119256979419140
1239542333990977536
1240056246784241664
1240083512352550912
1240180001925935105
1240571211832156160
1241348422252150787
1243030580037591041
1243187366963052549
1243893703913156609
1244195176085630978
1244505925261590530
1244913148072583169
1245255829915385858
1246339359911088128
1246776712425361409
1247493938451304448
1247680777548070912
1251013553131343873
1251317198578057216
1251883488661377025
1252791323238645761
1253632997619793922
1255455922887045126
1245414947041009665
1245511721198006272
1246701055645233154
1247415238711967745
1247476338161856512
1248980422157119488
1250034880169336832
1253179975584198657
1253910159014985728
1254019477928382464
1245904096009375744
1248236374941208577
1253175759742656512
1253977666182619136
1245353977593491458
1245991116085710848
1246287794139430912
1246324435453243393
1247102592104177665
1247485780165099521
1247500578445500421
1248091779548749825
1248122463168475136
1248836043425619969
1252556741050589184
1252672107709820928
1252799495437291520
1252974110205808645
1253298022303305732
1253564377493647363
1255081999477301249
1255385635940155393
1247025942222045185
1247430306514325504
1247521593523187714
1247525394200158209
1247932331878264832
1248397804432580610
1248528337858957312
1249249176396783617
1249573420116869120
1249704796237565952
1249722645827837952
1252445808546455553
1252588809201516545
1252756799821877256
1253335914434027520
1245862311190867969
1247016751637856256
1247358584696029184
1247370030859325441
1247553176623964160
1248043113932886016
1249949921181978624
1251079851282436099
1252755922495160326
1255106945696088065
1245526578097983488
1246014877052870656
1248242534775754753
1251466320815652864
1253480154522947586
1253687364200923136
1247192699666673666
1247435494029430784
1247526940019318787
1248255702310715393
1252797817900470272
1252912063757893633
1253855155008798729
1254762318145163265
1254788264122134532
1245298390608629760
1245604978737074182
1247168153399910400
1247522849734062085
1249707638767706113
1252492465699000322
1252937894794231809
1252973363259035659
1254608651077275650
1245571374300581888
1246239475648233472
1251436168853573633
1252601644421771265
1252854662153175043
1254619310804344836
1245316553974910976
1245590598020521984
1245952263052500992
1246020881090035712
1246420867925463040
1247375291061800960
1247562459117948929
1248581694787129344
1248796750653128706
1249972557005991936
1250452942701965315
1251348325393022981
1252835736459436033
1253325026650021893
1253353193897177090
1253843368687341571
1254231285708525568
1254363916613963782
1254389990483800064
1255379715491336194
1245645073695395840
1246808624313368577
1246818805000650752
1247489419390717952
1249671407325319169
1250797079753969664
1250819542374326273
1251433821033160706
1255485160298070016
1245765684711370754
1247145394976378887
1247213731051737089
1247503883536138242
1249591072386359296
1251403449335513088
1252525151901462529
1252580611073531906
1253233106359730178
1255793286100508672
1246090450408259584
1249170421745946624
1249170421745946624
1251098341116645377
1252963193959395328
1254102197622562816
1245290942183034880
1245297399242743808
1245877597466243072
1247347086170836992
1247603413703184384
1247798077139718145
1248372211968143360
1248905156118315010
1249987710133178369
1250994900390346753
1251018694295199744
1251397869065699328
1251555954568712192
1251714032630784001
1252386682264932354
1254777445099507713
1245384627126177792
1245564006850494465
1245635079050690561
1245719106613018627
1245992935901917187
1247125214921621505
1250341089707356160
1251760221745184769
1252914013433851905
1253254806258491393
1254579858384064513
1255003103474171905
1255082185939316736
1255753302949715969
1255782992544317440
1246059925815660545
1246460636424527874
1247732687693119489
1249304491356303367
1250996615101288450
1253702424268804096
1254589011424919554
1254754758264569856
1245699301935697920
1247029952555257857
1247797943333085184
1248832063026991105
1249309257369112576
1249615179786010630
1249842562405466112
1251514048690167813
1252230893709615106
1253204738180476928
1245224569125974016
1245736692012797952
1247886948150022145
1249305679732539392
1252901297998761984
1252987157146460162
1254752578967089152
1255852390848348163
1245222519675682816
1246321936730394625
1246788746386616320
1247184951314964485
1248479879894454272
1252525530101846017
1253306833550356480
1253310484570406919
1245264032883290112
1245344293755039744
1245591889299959808
1247178671112237056
1247514151188074501
1250337428348350465
1251755048314470404
1252140177079840768
1252867355039813636
1254400538675802113
1245599440531935232
1245965712289644544
1246062050377437184
1247085594225922049
1247191599777492992
1247334865579712514
1247777093741465600
1247849270478352386
1248135432006754304
1248137903433224192
1251860735845695489
1252913048710287361
1253452011820834816
1245161689718435840
1245278575504351238
1245971886263144448
1245998137048797184
1247348190485102594
1248176448541777920
1248179828421021696
1248238352597426178
1248417917076516864
1248561572840116224
1248833434501484544
1249338291457069062
1249977053816008704
1250204944692543489
1250653651883790336
1251427053242470400
1253216705079377921
1253286834458644482
1254428417589723144
1254728310744944640
1245334650802917376
1245930056641155074
1247380940885766145
1247509854039785478
1248457750775922694
1248625985861210112
1250447373400035329
1251828289276182530
1252934794070986758
1253194396540915713
1255758679258722304
1246306319008550912
1248547472642699265
1249907359570411521
1250475421914804226
1254344726486155264
1245194306375254016
1246483066153025536
1247189153621716992
1250297892348153856
1252915748722348033
1253312006167248904
1254678437991796736
1255097882899820544
1245705729098440707
1246002001164619783
1246778921875419138
1246794177763069952
1248594978936422400
1248648465778765825
1248850432547569664
1249504323236659201
1249632518464319490
1251535672311078912
1252509761037168640
1253183283975741440
1253654913239810052
1255798760942309376
1245298553292902400
1245350126933049346
1245540051645153281
1245982995561021445
1246355046608052225
1247456963920715782
1247718755527950337
1248149469423472640
1248793837369253888
1250539811666083842
1250627038828003328
1252554050668724224
1252557016611975168
1254341199009165312
1254584559796137984
1245375302819250176
1245470242324779011
1245667139614150659
1245907852348272640
1246951650046226433
1247879686618632201
1249185567377686532
1250361809594249216
1251321872156889088
1253967692329103360
1254218276923600896
1254682525487620099
1255850676632117248
1245605722257162241
1246932781512511488
1248521691308810241
1248584807887433730
1248927476006490115
1251118303344459781
1252211815674675201
1252954147608866826
1253656267601727488
1246037534012067840
1246415829371097088
1248162831075176449
1248569104161742859
1249146585306599428
1249621578565873664
1251048824019103745
1252209269900038146
1253249445300285440
1254299397002797063
1255000118832640001
1245205527484862472
1245591675084234752
1245750519064379392
1248565874908442625
1249174725072486401
1251152849028804608
1252552752527552512
1254585193060425729
1255861536708583425
1245903344998191104
1246319457728974848
1247061182210551809
1248276580251701248
1248556540702994433
1249202888842362882
1251142849317355523
1253181123032686593
1253357725163180039
1255384461430206470
1245546841720135680
1245927088151883778
1246106130347995137
1247797781223227393
1249485870241124352
1250091366505275393
1252889943933947905
1253726958757666816
1254705884002844673
1255170358555971584
1245646538749014020
1247089765452668937
1247418856211132423
1247446415489396736
1248807532350431232
1249863977347268609
1250334089367838720
1250620118008238086
1251877073196593155
1252508071324119040
1252536443760717824
1254638147239059462
1245259606219087872
1245558094014357504
1248171199311609856
1248409419160768512
1249170417518084105
1249312491299131397
1250263197237407744
1252180304619601920
1253181856507445249
1254318197278420992
1254370136129179650
1245286258672308224
1245378514896871424
1247481783479926784
1247812100564471808
1248519616298504192
1248808772824444930
1248922111604858883
1249172066181545984
1252120121994330112
1252166543103995904
1252195573773582337
1253880424490729472
1245269629783638016
1245393240695635973
1246102712854491137
1246251418203258880
1246362746762846211
1248080973109039109
1252522538992730117
1252523520405303297
1252567357874110464
1254592713065820161
1254938647616512002
1255448909549375488
1245216230450970624
1246770010057592832
1247095380480684033
1248621420306788355
1249978285154545664
1252581154022195200
1252975345235406868
1245588121057505283
1245912356623757312
1246716137636802560
1247511152751452162
1248807010755379201
1248888733618896901
1249206417762004993
1250617518005407745
1250990349591420928
1252896445604265984
1253475057067864064
1254583328298205184
1245341309780582401
1245654307325628417
1245925833992065026
1245928858081046529
1247233553143943176
1249495258695639040
1250788891990384641
1251067680615829507
1253474014971990021
1254216312051679237
1254796952925020160
1255655606544814080
1255910949296324608
1245758153389682690
1245875629612032001
1247015566365413377
1248180330563088385
1250287452922580994
1252822498845982720
1253257228284387328
1253496378963058690
1245294249291190272
1245545301265481728
1246235056038916099
1248558742896906245
1251309479716675589
1252112841840168960
1245314497780142080
1245375881821839360
1245537644001611776
1245582128839974916
1247021557895049216
1248248352845643779
1249639669253525504
1245198058121551872
1247082993996333056
1249606698169438210
1249928517409804293
1250056632043741187
1245885556065742849
1248797566063357953
1251105094747197441
1251118210755301380
1252405391947730945
1252545511959093248
1252869336001200130
1253185439940345857
1245207025337929729
1246961570351120387
1247048500631744513
1247534775994179588
1248568972909273089
1250089702729945094
1252207514416033793
1252952021478658048
1253621666284023808
1254320341544886272
1245555534146809856
1246084763628253186
1246293662817894400
1248097205904384000
1249181831804719106
1250433289526992897
1250778867498799104
1253856885360529415
1254271180841775104
1255089499014680577
1245638131933536257
1247172655574376449
1247197563628982272
1247410776979185665
1247775937279569920
1248168950837452800
1250343065232887811
1252935451486420992
1253494849833177089
1253503840609021952
1253886666491781130
1254616825511284736
1255153936467505152
1245219606484201472
1245682738289676288
1245689260759539713
1245695178096205824
1247340284700049410
1247734230253293568
1248250103929823232
1248584218399121408
1249692619107680256
1249892705032966144
1249997419603001344
1254280257789722625
1254423428028915712
1254665590117040130
1266265135162646528
1256468880014352384
1261241911634989056
1257651105283993600
1260479380901462016
1257882506289983489
1265617856990982146
1263796277428604930
1265165701263785984
1261668253665034243
1265997515955908609
1263995546617995269
1266886519433973762
1257597995668762625
1258313372552048640
1258572428097306624
1258774539758120960
1256191805076525057
1260187918183927808
1270009888844861441
1271913702657146880
1268407651261657088
1277644403817971712
1273602772798242816
1268111737175388160
1268445183546396672
1270350060178624516
1270762651312775169
1272890766004826114
1277778938023030784
1269921418432655368
1273122371906527232
1267414618537955329
1273180975179202561
1273788932749053954
1275817207038164994
1275115280289673218
1267277230079643649
1267379583713718276
1271109965483323397
1276433418448850944
1269224158736650241
1277828013128929280
1277885895971086337
1268120465211564032
1271961932438872066
1269128350435627008
1268714825338753024
1270957599236722689
1271249804853731329
1267650005134868480
1274322626819874817
1275649364388655106
1267385868219584513
1268199783384125452
1268924161474400256
1269202336666185730
1275693778364399618
1275783584440291330
1271421796013748224
1267418313375784961
1268108000931336192
1272364100748623873
1277416600476561408
1268068735224594433
1272858380428705792
1270342308089565185
1270151452749684736
1273447397230813185
1268060823647219712
1275101257431232514
1276844175275765760
1277548267505623042
1270165545766154240
1273427235593170945
1273897011943792640
1276026743426633728
1269115679409668099
1277221281340035075
1267454847554633728
1268169587029413894
1268425037050032128
1272906726250033152
1269107566807662592
1277511055598596097
1268519854979420161
1268888532015251456
1269600111614722056
1270980628247457792
1275015659118825473
1276504832975781889
1277955064405962752
1268934334519496705
1269907622993551360
1273520975200620544
1276372177806405633
1268709185509883904
1273546166198833152
1267613389670449152
1271230944146579458
1269932256040120320
1270966627924877312
1273086099401986048
1277861266489520128
1275749275180445696
1276193819235684355
1268782920430505984
1276387137844281346
1267431140517961730
1268077680991272960
1269293898146263041
1267728610527330309
1268048326798086147
1275583251537702913
1269164083611340800
1274269892737449984
1270920205993013248
1269923129234722816
1274525886801309697
1270220558421184512
1277825532713992197
1276452473721491457
1267342684227637248
1268711979520339975
1271619304249851904
1277565331330887681
1269842963363966976
1273937277681651718
1272137023202234368
1277890278205071367
1270345994639740930
1275003358168756224
1269837928458407936
1268003740096684032
1270319062342606848
1276046586414538756
1277093226781032448
1268785104324833280
1276523208250757120
1277921771505815558
1271713958462963713
1274712469425008641
1267339173565890560
1275290259505496069
1267323057330241536
1271277534580113408
1271651612360978432
1277162431308009472
1278025542931869696
1272883248583061506
1276461651290710016
1267786478857437185
1272770317375680512
1274472132773326848
1268445145382498304
1268932797005271043
1274691288466677761
1269881220063625217
1268492780332093440
1272343159297773571
1271835057100128256
1274869715110895622
1268520834605486081
1269222428661526528
1277937584417787905
1274629387565105153
1270983503119888385
1272936283510194181
1267486254620389376
1268864931828391941
1269045568799719426
1274690977421295616
1277888065961369600
1274974433791401984
1267743642912878593
1267434589468925954
1275040997332975617
1267914295226105864
1268529588667404288
1276088093251178496
1270853476344565761
1273856629373497347
1272344865158893568
1269288226969305088
1270623727018020866
1267399091845312512
1275735495075663874
1273773890209275904
1275286238199775234
1275402944968417280
1277127304062349313
1268787653836541952
1270579634464161792
1275443397927436288
1268114079622721536
1270525061414498304
1267424581670899712
1272905578898165761
1274274424641015809
1268839238990049281
1270030409712259080
1276742319233007616
1277134789972238336
1268929569785909251
1271060865836445698
1277443582660456449
1277588929131225089
1268011399919222786
1276744040654884864
1267996210649915392
1268062363661418497
1268362560119672833
1273917387859886080
1276317620178948107
1269821474002604032
1269073853206204417
1272677749799317504
1276195436928266240
1268182958118182917
1271661315766059008
1273036717113487360
1268306604870361093
1270634396723412992
1271769602830336002
1274959608537403395
1270580193573220352
1273224082943889410
1269824831609950210
1274871212418707457
1277809150425288704
1268858937929064448
1271342836152258560
1272893760880467968
1273224725569982465
1273200150526246912
1273616831710928897
1273852152134414336
1273027666304737286
1274207910130827266
1277079785961713664
1270986473962176513
1277787407127941120
1268785086565998593
1274220829044244480
1279491887326470148
1280380721752715264
1283299405274251271
1284083774687412224
1285215423584059393
1281181152741666819
1278262344993259520
1285159063098204161
1288796972015640576
1285227859796254721
1289120739669377024
1279382064739938304
1279999537084379141
1286666996168499200
1278669983149690881
1287777613851684865
1289086685674967040
1278395219696930816
1279401328284966924
1286876825495404545
1278991713667702786
1285379817320349696
1286215684872183809
1286255081688449031
1287233702225940480
1287411122895806464
1282895257236111360
1279602775601676289
1279729191391580160
1286237861998723072
1283604197007486976
1286149076954882048
1285792179059740672
1278332769739984901
1287227266406256641
1285487210825953280
1281167326377902080
1288481564100263936
1278379149170794496
1282910016454836224
1286285104776728581
1283405511795318789
1289143881326616576
1289274842982866944
1278919920659640321
1279017197629825024
1285198134130249739
1287349446532124674
1284679323224551425
1282134700295847937
1288484104724340738
1280809096992534529
1282513477613961216
1279632444971335685
1284091819983331328
1282198135448772608
1283981933270073345
1285162670996553728
1287627412092719104
1287797563563954176
1289193028591267840
1280348129657683968
1287666326870228992
1283426771044532225
1285160666412679170
1285204421073395712
1284827830539313152
1278837105372921868
1281599021254160389
1286910330736500737
1281441235924852740
1283295879160422401
1280827267862736901
1286582681766170625
1287676888115064832
1286571091624898560
1287217620845039616
1288342316655226880
1289055174141661184
1281552341112631296
1281218003892187137
1281486161182105605
1281694814724141063
1279707479161671680
1280487541905522689
1287414986617298946
1279294137435664385
1284295628907044869
1289010149538004992
1283015313483878400
1283755819717230594
1285721617713201156
1284813118007214080
1283287683499003904
1284812767564718081
1281200974988750851
1283224332194521089
1285097967326621696
1279013634316873729
1285181380582768641
1285799151129653248
1287773608803106816
1279022370657898496
1279240088128348163
1279218524653838336
1283663781495701505
1279732359395328000
1287905277312983041
1285501973865926663
1285760239422365698
1285170237621645312
1285771101218369536
1288376404548165637
1281028522924929025
1281733836955500544
1282642391858651136
1286192758932287489
1288451025775583233
1282192884373098496
1284081840551329793
1285423524321136645
1287962774203703302
1288784142403067907
1282478455725142016
1287226281759825920
1284468072191909888
1278991972737449984
1284668132448243714
1288631846859751424
1289011903856087040
1278828902786498561
1285215538768011264
1288022508780888064
1279987179469537280
1283332693825073153
1278695193244585986
1281035094438879233
1283403841837432832
1283745777182027776
1287598027335581696
1280495380166316032
1283004733578375168
1283585341144866818
1284317731467284480
1284777643959676929
1286900275316391937
1288340009381253122
1283789436560515072
1286975776315846656
1289007895821066242
1279556140964216836
1280703075175600135
1285429359017439232
1278866484903763969
1279782377989029888
1283905197564211200
1287202448143192064
1281166555355787266
1282634738440843264
1285475893511688194
1287710161021394954
1279309813680406533
1281174058835611649
1280060703139905537
1285163962397417472
1285790769890988034
1278117914118414336
1279015563193225216
1285131169323982848
1286601167934455810
1287681164803624961
1287228263895629824
1280861882430169088
1287241174663618560
1282282539403665414
1278209522197299203
1280491506764218369
1285551307563114496
1286829567177404416
1281017469642170370
1285435649387106304
1278868233626324993
1287710664849530881
1278463456623169536
1281407794873110529
1283657108370722817
1287049541846433793
1281081571366236161
1280020949509779456
1283769574090067969
1284330651404185601
1286276363155111936
1287778694920994817
1280160665878106114
1279058675232116737
1281427807143428097
1287240516283719680
1278359553365676033
1280130919970615296
1286225103034908678
1280146060900532225
1282257813805424640
1287971693865177090
1278717451216306183
1280422343299330048
1280571393202061313
1280876249682980865
1283380859639226369
1285227974980075526
1278863627806597120
1281118801506041856
1280074094495629313
1281080791120961537
1283597223826055168
1279278981439787008
1281046725948473344
1281498284062732290
1285475893457104896
1286533485084192768
1280347226854711297
1279327109882744837
1280129211764744193
1281858065793462272
1284446216391020544
1283062429446926337
1282490613099896832
1285381554345213952
1287188583284002816
1279709825912508417
1281222500169416704
1283703572773785600
1284025972107296769
1284742604052205570
1286818662523916288
1289156508626964480
1278689464966172672
1278981871657943040
1281459922299838464
1287711914752192513
1284759031475834882
1281216021752242178
1287924603743014913
1298064302092488704
1289755011795181573
1290630019069480966
1291022643164901376
1294490877151322112
1294795265875025925
1291259322069114881
1292767759374393345
1298633869294362630
1290584656451178496
1290799765559611392
1293857401284829186
1297022275565293568
1289433009649627137
1294583420505534466
1297687680910680064
1290291207604563970
1290585551838621697
1297810164842524672
1290831478662639616
1290961980702982144
1294465825273982977
1300443673763565569
1293128384743079942
1293824977817542656
1290393538727948289
1292744687409868801
1292811185985851396
1290254177185103872
1293048179609481216
1290987141242200064
1291759661016854528
1292683120626601984
1296695304260124673
1289690035768291328
1292601835061207046
1295682237451644934
1298225069869727744
1296657534367993856
1299274583267315712
1290581097189797889
1297179218220998656
1297117754152058880
1293166778147909635
1295621730476732416
1292324836770013184
1297049853139333126
1297497899803213824
1293123328044146693
1294119586531430400
1290482623387594752
1293096513581854721
1293454392843280386
1296418310301638657
1289750326262734848
1293884017737994241
1294147025668198400
1296475306535137280
1289755294977859584
1289888351500111874
1295276630529769472
1295684678456938496
1296988026296389633
1291326829475672065
1292741676352655361
1292851768846671873
1294604899871842305
1289724193697718273
1294566208013041664
1298192674185347078
1290716633611112448
1290926670380138496
1292421644158410752
1289791875700764673
1292440630048837633
1298143275375833088
1297432496930422786
1290947643888275457
1293123916081364992
1295616539794657280
1295846204778123270
1299927423337799685
1292453277192400896
1297673305281814529
1294803177678598144
1298233154575183872
1299190094440529921
1295220793723383809
1289765271226298368
1290868715815346176
1294236415124017152
1294688657119408128
1296018639926308865
1293720322311630857
1289374071491158017
1290060031161819136
1289570202338779136
1296697539849314304
1299620158764453889
1298621660145127430
1300514822199668736
1296804276833071104
1291183714303705088
1295415915878678528
1293722037781852160
1293738199324545029
1294446540480806919
1295332058697469953
1298045859037241345
1299869874748116992
1290614820362833920
1290621791073787906
1292891358038958080
1293889470144475137
1294101953673400320
1293466747710963712
1293830120805826560
1290543042819166210
1294210387278086145
1297902844532658178
1300463195958595589
1292294696077856768
1298252473602199552
1292749399676710912
1289533646286725121
1289475826887487488
1293441076074700801
1293486183968776192
1292455757120765953
1293332622676901890
1295279543381397506
1295529308778373121
1291303368405782530
1293154507354968066
1289516762896236545
1294213066343751680
1291935953175678977
1293744168020455424
1295589655761453056
1290916801208090625
1295148548531552263
1297164118563131392
1289878775111524353
1293525408827219968
1297137488914345984
1298250010362933254
1292312340612943879
1289364375220846593
1292723072017944577
1294816125872680960
1291675453074419712
1295257912131166209
1293860003695202304
1293530366511165441
1291509406404878337
1290611186770358272
1297550218813210625
1299943247578648576
1299559863467474945
1293041197405986816
1290997295945744390
1300272249983950848
1296655562512445445
1292308410566733824
1291701939344945152
1291986301525397505
1292801590332620802
1294114683360702464
1298622543423668226
1290256211187601408
1294880697505599489
1297670210258907141
1297712073401683970
1289882641362063360
1295313098627309568
1293168110460051457
1289843852195618818
1293760346310639616
1290568653306499073
1290999871256891394
1291648178962432001
1298229379500318720
1298838220038443009
1290724100525023237
1297742018089824256
1293901367690567680
1293721977140568064
1294229822777032704
1290115190088859648
1290935630273196032
1293892461287190528
1289486597872693249
1292342269144694784
1294123483044093952
1297515983020666880
1290450390534823939
1289901452593205250
1290205963648004096
1294288344344596480
1295399415482466305
1291564142860685313
1297871959942987776
1293117681466519552
1298563177131769857
1296316078289805314
1289591465132187648
1298271997823053835
1298498166438821888
1290542990230863872
1289563030603173888
1290101396088459265
1292702274528083970
1298447798250151937
1289472930888523776
1294822805305987073
1293112044804333569
1305061583777824769
1301004484651487234
1303618144620154882
1301156919713955840
1305723075200245761
1305812732789354501
1309412801698361345
1301610248541794306
1304425795918721024
1307153155675758595
1302824039011037184
1302518178589925376
1302763003142520832
1302432432579371010
1311284072027545601
1301384154874032129
1304718873938198529
1303320013936439296
1304584330501648385
1306914352797278208
1309661715920023552
1310221404802035714
1302454524607631360
1306074823332900867
1305081920095547392
1301771629652062208
1309666083477938177
1305124969131708417
1310752283299323905
1308411706008383493
1310096431215120385
1304033454082854913
1309764839364063232
1302439571511156736
1306437101106262016
1304281638516305920
1307908413914054657
1305385193474330630
1302413630063902720
1305489610647040000
1303830813751029760
1305519088236556288
1306063823862931460
1300657858799964160
1303267395180679168
1304259977855541248
1304630889834520577
1304637083001053185
1310094827195740160
1302113318283423750
1308414126859878400
1303309755260297217
1303524657815891968
1305283783046856706
1308350670680989696
1305791659246891010
1306525164335751170
1301479795126042630
1308966811099168768
1308578174536568832
1305076503177244672
1310463077242945537
1305836642385747968
1311240845526351876
1300995465517961217
1303256840483078144
1307285219293134849
1305660632642007042
1306050171000684544
1310948063079550977
1300714217016758273
1310891681928052737
1300999468981071874
1303013306156818432
1301331267569344512
1310186318652211201
1311069087066468352
1303323988635115521
1303330677283262465
1303648957105614849
1310909960029691904
1305421182183845888
1310951912745951232
1301434146594619392
1306921129270022145
1302639226887049217
1304914199617839104
1308296645910511617
1308603638097547264
1301122270656704512
1306897106712625152
1301443312415539200
1306506115077857281
1302817391995486211
1303557685061849090
1305423189644722177
1303986931399786496
1304422826527649795
1303711379141001216
1301304483796758528
1303974497968705536
1301053626660593664
1300780864809426944
1306788283842781184
1305333900999303169
1301200715050876932
1304040863128072193
1303237497003085824
1305109887861616645
1308332950870614016
1308620821200621568
1304272961491402752
1317127809391734784
1319869757508734978
1313280970745761792
1317739434113196032
1320211470601342976
1322102778341318657
1322448408343400448
1313478316431732743
1315544854223638528
1315975043508170754
1320684256709017600
1314921326004498432
1320681745344196608
1315252121177141249
1314397989406945282
1314010797161414656
1315117091679285248
1316893830952624129
1318366924162686976
1312933664578318338
1315623430805434369
1311614837982556160
1311598220200603649
1320685288058986496
1315557119933009922
1314418653656481795
1314505160144674816
1319568602266099712
1312796755407364106
1321480046536613888
1312248517671497728
1315455344068358145
1312694623303659520
1313086560556941312
1314560913450561536
1316803366337511426
1318373422041165825
1318811477650722819
1319827268294893568
1316835188219969543
1311647466287099907
1318179340845084673
1314429614387847169
1319577468290826245
1318552679606603776
1315206888569569281
1316033709217325057
1312928192181735427
1316537650652872708
1319124168546332672
1322043616139751424
1322321446195003397
1319968239875727360
1319442839500214272
1312854660940787712
1321826076595806213
1319922466572161024
1321341559015702528
1315500757374754816
1320663409633955841
1320901524877434881
1315440185857908737
1319646014714818566
1312170776204701698
1319651516870021120
1319915532670373888
1314854622075518976
1311566601678974976
1311908197758840832
1313701939071385600
1316661373561004035
1314858703598817280
1311683592519479296
1315638538700980224
1314420370968059905
1319199783802839040
1321699848949813248
1314790909423255554
1315973147682766851
1319212912897122310
1321469204273442817
1315621123925569538
1312263062662115328
1313271906829774849
1316282994001354753
1317762656825008128
1320547336301363201
1311974890677956608
1314604283371892740
1314917667862712320
1315914330941067265
1314788051290329089
1315941786871889921
1319192314271600642
1319441526703808512
1314679318140911617
1312724314987298816
1314047447618945025
1322418672774754304
1311649414096846849
1314560224603201536
1316299430602125312
1320661578455408641
1312629662447738882
1314609751393619968
1316749177167253504
1318367663261974530
1311517876814258183
1319471189341986817
1313148183254568960
1312954696445894657
1313073595942424576
1331122992525426693
1329036293859373057
1322808244201508864
1333453815580823552
1329972971079946241
1329961310159822849
1330343344891863040
1326554303574597632
1331194801199456259
1326667696457412608
1327444250347282432
1331234290563047426
1326111257246781440
1323136757542641664
1323199643640074240
1325795900543787008
1322723054288588806
1328304913156165632
1325794335200333824
1328227826017951744
1323386905505886208
1330135676420022272
1325991343332749314
1326101720997507073
1328232876156960768
1331232315217825794
1330902323959250947
1330878827501907968
1333383032124878851
1327587755598069767
1328509539008831498
1328554917020241920
1329334219995295745
1328495057650016256
1326437213064867843
1331122420057473025
1326384796545724416
1323654390499078144
1325224654034751488
1330790935844712448
1332919863908687874
1324622953716338688
1333076324022292480
1328135253882388482
1331234303133421573
1326865734094491649
1331262318798225408
1323200606350135296
1323902369546067968
1331474677299023874
1325784202823000067
1330013861227995137
1323265767597658112
1327599039307722753
1331436182237024256
1327431872960294912
1328741585480200192
1325277785393401856
1327066897225904128
1330122122442797057
1331230094778626048
1327630674577281024
1329703732955721728
1333288635479764994
1324804951063842818
1332007829251604480
1330325380083961859
1333187696676777984
1325757036752199681
1324304168111071232
1327427820197384192
1333287391474425857
1330525312094973955
1339192913788604417
1343845865509810176
1342641811752321025
1333753983157022724
1340173358592380929
1340203941477445634
1341329382997168129
1344118639730040832
1343758739443249153
1337306348959240192
1336914028296204288
1334075379422736384
1335765158862311424
1338509381680435201
1337440974700748800
1338465471826448385
1334087845930262530
1335386550847168514
1342146265748885513
1342828988994101255
1338660947599220737
1339735196841648129
1338323116402089986
1334035990386708480
1340832461723353088
1343890772479901698
1336648245448241152
1341041454114729985
1340775480723714054
1341086944189685763
1342824775996084227
1334035885004791808
1336208399550148608
1337361334048968705
1338944205637476352
1340506046553419779
1343560619786711046
1340499864615051264
1339416565238943746
1344128539566645249
1344144421185609728
1339508775745548288
1341365502594183168
1340309297364922369
1341348758848606208
1335152662103416834
1336593798747496450
1334034859791028231
1341411126295277571
1341086945489858560
1335607849507053568
1335839074322681856
1336947792430821381
1342694138253369345
1338784012597280770
1340127880190152704
1344212547302354944
1338090832558059522
1339458117013258241
1339334988932788225
1341920227999821826
1344561699890864128
1341443981444571136
1340148758021984256
1343905030013796352
1338390794554634241
1336976572402831366
1339185046750683136
1340098058894323714
1343454052051546115
1335776134227759105
1335850699830276096
1341623468304064513
1338391676755214336
1343006489649283076
1335892242679074823
1336310385985597441
1343398417117175809
1334046030300667904
1340226778426699776
1340536274692808705
1341924222428467201
1344206282065108992
1343574891040149507
1341599841814630405
1338277274487910400
1342151224997515265
1343829867398266880
1337763113878368256
1340675271423373312
1338482528202739712
1339453428515414016
1333735211436105729
1341225633066565632
1342022708612259841
1339442868998582272
1337778566210215936
1343565129766502405
1342481812501622784
1343864675172315137
1337002326763040769
1337949257140219907
1342500619102400513
1342878722458845184
1334390840475652097
1335967720425316352
1341701547185627136
1342554415052578817
1336655737888468993
1339603940296441861
1344270563582365703
1344077670875758594
1339870902574600192
1340218063241826304
1266265135162646528
1256468880014352384
1261241911634989056
1257651105283993600
1260479380901462016
1257882506289983489
1265617856990982146
1263796277428604930
1265165701263785984
1261668253665034243
1265997515955908609
1263995546617995269
1266886519433973762
1257597995668762625
1258313372552048640
1258572428097306624
1258774539758120960
1256191805076525057
1260187918183927808
1258270419766870018
1258358296458727435
1263819998381740034
1256492431857422338
1262712277175799811
1265133076201472011
1266998379390746625
1263328384567762945
1263741403026391040
1258789006919168005
1263366329567809544
1266606138876928002
1257945016846020609
1259999129733861377
1260466161461989386
1264896498451517440
1264926521140994054
1265871631118774277
1265166246397566978
1265511368750510081
1263301113807138817
1256161174703558656
1260808423060332546
1262726034904023040
1263313409317023746
1265188143743021058
1265970861103693824
1264087637004075008
1266949771748446209
1258466449070460928
1260062801139138565
1258993924808597504
1259450332976947200
1263301325510541312
1256104609241862145
1256256004129521664
1258572479422967809
1264484631526572032
1265912040687796226
1260209964087480325
1263874101468413959
1265824734308073472
1257616545884393473
1263058440127012865
1266009920085917697
1258040158030639104
1261976523210358785
1262575101360459776
1256893537288966145
1257699140387196929
1264071240291168257
1265661506013683713
1266329288380424194
1256463606704680960
1257154030347923456
1264579447170068480
1266684271655346177
1256910951028146177
1257606313581793280
1265259724280221696
1266927699768954881
1256227636948414466
1263430401017643009
1265553638447071232
1257574950078201857
1257929162645336064
1265830728631300099
1259369059977748481
1260020723164213251
1265431558002884608
1256227381334945794
1260740824587022337
1261831707738529793
1256211295340310528
1263010400808960000
1266670915699519488
1264016574215790595
1264453642821697537
1260016295174533120
1261166196981936128
1263818571622187008
1256222523156504578
1260464797415624704
1260486547754844161
1260398851770347520
1262778819225804800
1258410331971268608
1258552119487070208
1262361059018469381
1260007900535156736
1260525060386742272
1262488178407194625
1263717966262255616
1257650059258277890
1261850836717776897
1265212613832527872
1256857017580261376
1262281614698168320
1258220604181880834
1259807095559520256
1257631380269338624
1260102343850254337
1264390537890738177
1265998583897210881
1263499914845323265
1257714896730492932
1260379565467328513
1265312599350013954
1257693674865123328
1257906775300472832
1258032983623315458
1260481215087419393
1262272903120220161
1263106241305341953
1261616702346932224
1265246753504272385
1258986832156667906
1266580298000629760
1261849035163553792
1259011839956000769
1259044035282513920
1256544192731451394
1265666864593514496
1266685721089359873
1257679834081263617
1263722466599333889
1256585600523698178
1257610881015271424
1258221536634421248
1261138754959552512
1264136709874364417
1256968751188238336
1258350933257457665
1266678509612589056
1258398212710264833
1258949386052173824
1264108431247437824
1257517927042969602
1260020739563872258
1261570454130618369
1266269269081223168
1258334553288183808
1259995681546211328
1265487415533322240
1260480815462522882
1259113568835907585
1260465265055346694
1257097886996803585
1256439445546586112
1258405561516900353
1259849022996729858
1260598174605103104
1261971023144067077
1262717097190346753
1264888076867907586
1259906366350585857
1260939397710729217
1263514006074998785
1265819777764917248
1264433589351055361
1256940957083238401
1263303004469559296
1263353484507787264
1264139590966927361
1266933035783671809
1256235285479817218
1261568027222474753
1264491073403006976
1256411061449883653
1259329899782983681
1260755269987917825
1265620115481124864
1258456687763218432
1265900013726715904
1257345145374154752
1257604489235910656
1259075685857005569
1264182010316115968
1259696794868625409
1260125356247461896
1256249022613868545
1264847899583827969
1264890421752324096
1258993926113054721
1263992433580408841
1257687855423504388
1263820930670669826
1264013319268192257
1258318913240133632
1256177207887699968
1258562238702669826
1260190978075504641
1262363749110947840
1266223491428335616
1256483815440162821
1259758950934892544
1256774478438313984
1265965001069793280
1256180863160770560
1265631567440904193
1260420381430734850
1264186463152816128
1262722338057080832
1257528067163131907
1258334553543974913
1259263066895597568
1259360108762537984
1261509180642463745
1263095301746851841
1265225800871063552
1265637311733088260
1257326879184490498
1259789445185908737
1260786312677818368
1260775767207817217
1261832403917537281
1262912381123952642
1267151977592455168
1260230803944079361
1260531839556440064
1262570747584745475
1267070890241638400
1267072288136081408
1256436246789799937
1261579562225487873
1260366642036518914
1260539809426178049
1258257998247596032
1259782571140935681
1261172872229208066
1265609714982965248
1258798442375188481
1260418456534634503
1266558124149731328
1258556200477691904
1263394205314973696
1266176519266861056
1257653620075425793
1258322809362829315
1259822614572347392
1260967157048827904
1260479193877549056
1260493981076553729
1263324544284020738
1263416885263163393
1265872684581257216
1262921231214481408
1264889249750548483
1265085111583809541
1256060679456522240
1260148603781341184
1262599125671043072
1263376130909716480
1263681026364182535
1266566024268300288
1259850789620768775
1262236123285213184
1262306239637225472
1262606229223780352
1263643079111839750
1263727294809505792
1266549949065502720
