1182365609633484802
1182343905712443400
1181690766692962308
1184218675676663815
1182390517100941312
1180141572740014080
1199749494994329601
1190274583779332097
1196144978537398274
1207480687974060041
1207724087977664523
1210636438892662786
1220505396454088704
1227128867661287424
1227412029264334848
1226249394565058562
1226581568447295489
1241809384298156034
1244628244776747008
1244167548175667200
1239639318748188678
1235648627537850368
1238121744227057669
1242208942463295488
1242189233420480520
1242991436313825281
1242158367511957506
1242187853494456322
1242903636612501504
1239584008691908611
1245104740268204032
1255663203725565954
1253778991334506497
1250802026952437762
1248812022663229441
1247599381077000192
1251232164676599809
1254879748150439941
1247903817439399942
1253353029098770433
1250064771455598592
1245373815674281984
1250913835839623171
1250072626028036106
1250181250792468480
1251367263933829120
1255889145567870978
1252369379662024704
1254069473671331840
1245342261044486144
1252369501892403207
1248702908327170057
1253006400638222337
1246429063142608897
1248361746777223174
1251300012463718400
1251411190884032512
1250076457629605889
1245490375931891714
1251689378100936705
1245121795604099073
1260293766688186369
1262503991088422915
1267489350616481795
1275828031249092608
1273801636545257475
1268935694770151425
1276479795111563266
1275577721968398336
1268675427293433862
1271104948189696007
1274366331492593664
1270092236005482499
1276230746609344513
1289222040046538754
1281262396892381184
1279913197445799936
1280010799306719232
1280389209422016512
1287184358672158720
1282817854023368705
1288154587279560705
1278414226504257537
1279867689654038528
1287061550671503360
1279876456852701186
1281610444231368708
1284517788661567489
1291840281252261888
1290074914326818821
1294431374284394497
1289972925634879489
1290265734170386432
1289629219174014976
1289975244443140096
1302778866105225218
1304797004162359297
1307017807956185088
1312497653721296896
1311658151410839558
1318976114140774401
1313871074258563075
1328739174590115840
1331280981538574339
1328739308799397889
1328956151594147840
1331673836819922945
1338936211289894913
1336807935205404673
1338218758826053633
1338033903269974016
1336718728902418436
1334577014234353670
1341889577636786185
1334890967263014912
1340039544842768384
1341853697861537792
1337535389138112514
1260293766688186369
1262503991088422915
1262865559714029568
1263187605350494208
1257722480430546945
1259836072860831744
1261615672490147842
1262854493730988035
1263500257167642628
1263161512916631558
1262005036969852928
1261377276614258688
1261362655295688704
1259287071006564358
1261660689942413312
1266001115885248512
1261371945666220032
1262839476507770881
1256122215902457856
1256362125246619648
1256705057816535041
1261363439613603841
1262557406988558336
1262869987477225472
1262529126424076300
1257384550860312586
1261368422761283584
1263180059797417985
1262020111042514945
