1182129817803608064
1182036145363775489
1187185944430026753
1181548249150304257
1179034258985246720
1195145668077203457
1191484199213182976
1195446494981185536
1204855538724552709
1206312223670276096
1215041701435363328
1219992699983605760
1224511336450752513
1225612551280562183
1242633494074974208
1238221455382523911
1239810777814532097
1240319862687158272
1241077759633432579
1239663083808833539
1240751192596152320
1242568750823546880
1238246323427688449
1255253005567483911
1253451133160308736
1255970181253337088
1253067181815988226
1246434127399682055
1253450444078284800
1245834469455659008
1247144887478337536
1250627520791285760
1247424429463830528
1252627719394938880
1255872277800943616
1252347623786213376
1247250470869110784
1257152308074463238
1272965962405478400
1277585514325921793
1273701532043751424
1267936298326724608
1286491065231585288
1286735598217289729
1278224101283430401
1279514378275078145
1289023058351710209
1283488480752881666
1286386336451235841
1292817537835716608
1291109435205718019
1289765431364919303
1289758166649987072
1293279391938686980
1307309301040590848
1309185379677794304
1313227886577545216
1318629291760943104
1321168630223163398
1314666390826123266
1319383490132086786
1319012005496430594
1316386789783859201
1326220016899993603
1326000692541218816
1336288688196694016
1344128174083375111
1257152308074463238
1260677868054622208
1261850947766149122
1260626773018120192
1264113590245736449
1260942289549099009
1258511321269592064
1266411652238450688
