1184215252793094144
1195013530723983360
1203384871424421889
1205884128085843969
1204841948378480641
1208915431672565760
1215647744821428225
1217124377109651456
1224762621703835648
1224251285723021313
1232835964852002818
1241468949771911168
1236038846883811330
1239758822995980290
1244950712817156096
1235069507967696901
1240386603337605121
1243219266360324096
1241896106100813824
1238252795221901314
1236474661975752705
1238288103191638016
1242433950074597376
1244716024953319430
1234991459599704065
1239603835057782785
1237567353681920000
1245083838197440517
1236048915658498050
1237555497663746048
1238640132300910594
1239372603074187264
1255027668614934529
1247690623232114689
1252629550124748801
1250431182686302208
1255014568897572864
1256342631258324993
1282796836370051072
1282434265154613248
1292086397650731008
1292824139284316161
1295706832397193216
1292088826169499648
1303739949427154947
1301594197292707841
1310390600336719872
1301893011752792065
1313489560958111744
1320090428729888770
1312052270373183490
1331029766032408577
1325307908545015814
1328837560379043842
1327431055062732801
1335765975988383746
1337299417716625409
1256342631258324993
1266081807642120193
1257404528368005127
1256544966849036289
1256010446559039488
