1184179260086476801
1179460290016100354
1199167881205800960
1213171641494183939
1222377337808801792
1226200357866483712
1231338056671727617
1238683109349928960
1245086431724306438
1244477574023020545
1240793376653365248
1238241377118453760
1243214452704468994
1241400340592943115
1243283767705210880
1243542792170688512
1239991112888193024
1241182805058600960
1244762942249336839
1234672083709227008
1238214531978891264
1242664288654725120
1249111806317957124
1255172679541444609
1252654315472334851
1249127136495046658
1246655671530971136
1247297224608034817
1250184368833933312
1254983310943584256
1247216987572297729
1248346915529535491
1251361382693511170
1245220280043274242
1251209691708956675
1249730810846027776
1267449570080030726
1269816537604657152
1268577116385185796
1268890565552279555
1280286373015142400
1285423301423243265
1288816367857217542
1279114200342827008
1298791530186981377
1307258856179818498
1308620236204146688
1306999998408568833
1321751921288359936
1319687119078449152
1332916331881099265
1331400141593571328
1325956487911514112
1326395770828955651
1327415736927711233
1334646153946730496
1334999575971696641
1340510593187508225
1334998795831173128
1266571087464275969
1267208421427707904
1262239729568776193
1261153551780212737
1257085576379056129
