1189518019560648705
1189951647545319424
1199281211450871809
1191322096930041858
1190256681080545280
1194355611267293184
1202575879693582336
1209102717756436482
1211003786245873666
1221942195541946373
1222661711624359937
1219960894593077248
1226510891484680197
1223777618777919489
1232762830367215617
1227796050628554752
1233778502287183877
1244610813312319489
1244664979619549185
1241421705148596226
1238513190188789771
1243523391187017730
1238489989694066695
1236363659741237248
1241187329450168320
1241492173645848583
1240695339746594816
1250892347740524544
1249130030564806656
1248460271548387329
1250078758662369286
1267893547304435716
1288157537498537985
1278689976629297152
1299693631977201665
1307016910991695876
1329817333016256513
1341911799457841154
