1180205286612709376
1182732445436776449
1178794921286877189
1189275110567546880
1181616416262242304
1186659970563092484
1184192202840391681
1179816810318897153
1184859233038327808
1184618829223084032
1185025901261508608
1182664803493568512
1186059128764030977
1188827013806731266
1182705422123356167
1180095298930118658
1181221538902753280
1183542007513399297
1183452786219978753
1196492544076656640
1196516558367068162
1195374624026091523
1195016732483760128
1191354926607323137
1191383348037509121
1194479202579419136
1192795032727773184
1195376354809614336
1192552782928252929
1207030265400438784
1209248866169761793
1207658540669788161
1201899077518139393
1201561968655646725
1209295693715783680
1201975417822990337
1202746418039009282
1201645983580471296
1207865429768753153
1213218522907709440
1217929692340080640
1217957106567073792
1218290651395186688
1219073309373095937
1220490306182963206
1215079164841283586
1220771252148822016
1218385134824673280
1212858768410763264
1219018623488053248
1219014076803710977
1214902087026393088
1222927575451865089
1232807748926103552
1233170850670632961
1233468621063622656
1228758283470737409
1225633733430083584
1233399398308204555
1223400922870476800
1224342679301033984
1233101158752903168
1232879132645654528
1227256712337469443
1223387754014355456
1224302458282876929
1223407308480425990
1227283451017146369
1233432449385979904
1237421094086356994
1241005885511602176
1243548703799066625
1237161726732316680
1242890168698195968
1245030638291427329
1238152150049488900
1238287595353841666
1239151584107470848
1241465770476896256
1242544060587442176
1244353520561725441
1245043637618122753
1236752152208556032
1241132361401749510
1242438609967501318
1244650237702086659
1236339576815443969
1237100323782692864
1237946275477303297
1241401824139186177
1241429331148242944
1244726901639430144
1236399238327795712
1239233793116065792
1243257722029645833
1236748829145411587
1241251328300474368
1242520759567777796
1243592359981600768
1245018398897123328
1236429045153386496
1238199837931208704
1239140857871286272
1241475136361906176
1242121612834385925
1243609212695035904
1239617680606363658
1237291240409841664
1242857814424420357
1236349147026001920
1238853869330890752
1239593031776559104
1240734001356328966
1236754249972953090
1238264350772731905
1239619010175565824
1243253702057754633
1243519003986923521
1244729734287831047
1235896459062587392
1236433883052244992
1243657969637695488
1236416428246470656
1238827954207154177
1242466498477568000
1242624077212217344
1242820249264836611
1243708618228236293
1244804686600794112
1239828747731288064
1243522567039836161
1243239382263480320
1235956141160419329
1238186621691998208
1238301403019272192
1244634961447133185
1236747453682069510
1239951060539715584
1240754571733065728
1243269434447462402
1244361921798733830
1244740291208364033
1236089616475643904
1238132051771117574
1238937087522549762
1239618120618311681
1244273720878927874
1237098609302286351
1238140770370060288
1243615729011904514
1243246520805347338
1244739047295246337
1240982364383334400
1241083284702052352
1242884720326664192
1245021714003656710
1236800690930016257
1242117934442598402
1242240861360062467
1242446024972664834
1235958712713572362
1238134668630921217
1239683661043130368
1241391758707171328
1241552793753837579
1240375926472523778
1240391676348301312
1241059952879448064
1241630780482367488
1242621681165893634
1242888856078254086
1237947873519636482
1239017458855526400
1244623365878546438
1244731715618254848
1236024130157281286
1239173308819681280
1240641711392653313
1239917857032601601
1242801492731576320
1244076550745657344
1238553414788841475
1238609462069518336
1238862789617184768
1241489522824826880
1235918644682596353
1238182822579441670
1240761573754404868
1244011207150968834
1236681722198016000
1237231158594863104
1238914757052313602
1239611078725775361
1237459755234451458
1238529567159128064
1242925172572782594
1240069231917649920
1243948152547414016
1237807815512797184
1238189454659129344
1238471996356296704
1240818320934424577
1244500252956205059
1244726489028968448
1235693237974818818
1241512199731978241
1242109385343668224
1242133078530830337
1242906690086993922
1243969946142380040
1245049639692201985
1235612875131060227
1242911829946511360
1244651360164941825
1235600481390661633
1238557079385800705
1239609472193925120
1241125337318162436
1244766100145012742
1244983477277208578
1245007715539148801
1237445033198051329
1238232843802808321
1238555800840396805
1240341488942399490
1244154334280966145
1245035056197926913
1239627932034830337
1239937091892584454
1242891197280145409
1242945872264036352
1235946833731444737
1238225221896802311
1243995044262162433
1239178801084497920
1242104988102508545
1235642893840211968
1237691144047341568
1238494416475693059
1239283540271009792
1241345108777238528
1237426768992141313
1238182776119197697
1237091506097459200
1238140719216447488
1240244218603413504
1241146387175280646
1242141099583471621
1236739731750256644
1239964647991566336
1243257560397996034
1239723834091229184
1242808926002970624
1243262023573569541
1243263952504737793
1237880022938968065
1240747960197099523
1242976277767675904
1245082203521982466
1245724023167815681
1246750078389432321
1248469000838762496
1248755131098726400
1249826109992173569
1250828301985292288
1254786859021922307
1254903129042300929
1255886349628047360
1247223362897747969
1247658247605059584
1250256454126374913
1252789779491479553
1245701079708426240
1250480399349723141
1252718065734815754
1254195596379820034
1247590966552387586
1247901959345987584
1250177200806133767
1250210394376998915
1250812048059043842
1251221411206750208
1254464690333396994
1245338659286593536
1246976940797505536
1252723097125425154
1249122477365768192
1251253856329228291
1252962880040972289
1248022944053448706
1253343516492738560
1249546869354758149
1253518013707493379
1254823516635095041
1247647648032620544
1248324300152717313
1250501919359021060
1245416988526215168
1250818175014440960
1251254317501349889
1252720722008555520
1252930390924419072
1247345268653244416
1251139846577496065
1248661327008202754
1248707457830072320
1251200896077369345
1252639017264349187
1254830694657916929
1245455940201123847
1247591099255881728
1248289805458460676
1249682830831104001
1254175928860762114
1247513671632334853
1250853004540096512
1246094671505481729
1247526386899673090
1248280436540952578
1248812364956405760
1249242022688567296
1250901873869152259
1254258297034530816
1254490187524014080
1254862729476636672
1255586524068040705
1255919862137962498
1255950874284822533
1245328376153255936
1246865697839423489
1253262636353028096
1253691403609214976
1253773342844301313
1254019398177714179
1249101195802624000
1249711708588957696
1250773643241668608
1253036271645216768
1253082430572986370
1253692986040422402
1254488765634150400
1255121585440161792
1255238705289322496
1246061240683823107
1246986207227240448
1248381825409376256
1249071341157920770
1252236976595427328
1252629778831556609
1253710374123311107
1254193049263104002
1245355958634713088
1250196291784708098
1248720657149497350
1249116213629812736
1254837412976627716
1245305043768823813
1245333253680218113
1245839617980370949
1247042110227800064
1247181818299854850
1248438513596534785
1249090004405686272
1250237230288953344
1252637253681270786
1253853962270212096
1254013641453711360
1245417558771150854
1251494696242814983
1253708621105582080
1245885141244956673
1246935801402818560
1252641390942617601
1249705530714656773
1250501807752822788
1252656857258360832
1245357560313544704
1248350212097179648
1249341373163229184
1249429302560600066
1253712843901296640
1245372081551945730
1246183180572463106
1248724256831217667
1249421178864721920
1250494774118879243
1251253928303513601
1253084374263791616
1253763081571835906
1255495297360420871
1255538013628743681
1249403918997651458
1246977098507522048
1248015134250811392
1255575539244339206
1250756543731113984
1250818066608533508
1252321006716358656
1247234264975974400
1247655103567482886
1248328562081488899
1246864281057914885
1247549608022114304
1247730798402379776
1247869361211109376
1248339806930841606
1248483241671049221
1254072518723334145
1254179150522388480
1245613417051783169
1247595844616048642
1250428050220519424
1254048850274385927
1246173506133463040
1250458407884259328
1250779286811934721
1245119561562759171
1252719723055403015
1248536893395890176
1250210633871765505
1250577231094710281
1247731241086005249
1250796589750370305
1253754267518865409
1252314081156976640
1246578458576240640
1248328975631421440
1248601741211373568
1250628941506850817
1250858354190286849
1252652465402626048
1252945208133791747
1255485360072728577
1246086979143364608
1249383987103109120
1249389254188216327
1253316635647258624
1247992695617978369
1255846570786017286
1246561699538165761
1248801166328090624
1250616469710344192
1252244788163874816
1252601122986102799
1252811366995357701
1255229277597024260
1245560150561361920
1245563523041763328
1248241754991669248
1248722275643330560
1249510124160499714
1251911453935898626
1252928414539042816
1253830593285992448
1255667559191523329
1247644111647264768
1247861202312708098
1250120061089693697
1252725588688863238
1253316020858687488
1253397040371044361
1255873271846916099
1247936474785255429
1248007532615876610
1248339668510400516
1248376542758965253
1248494115387404292
1252740759079485443
1253377530855411718
1250178500163784704
1250426580041494530
1253060014778077186
1254382900704956417
1247532993033277441
1247888073393758209
1252771009419268097
1245417752787144705
1249765169841860615
1249863708521701377
1253516047174569986
1255248490973798402
1247903901317095430
1247977759370084354
1248347909864730630
1250427291227709446
1253686538774482951
1248459462018363397
1250499424704479233
1250838278342836227
1252227248721199104
1252995515245039617
1253198757115555841
1246601141493862406
1247666552364601350
1248281902244642816
1248305307803095042
1262684210046947331
1265328350937186316
1260258032203825153
1256994606425747456
1258917175970144256
1261301177674805250
1261769859307716608
1256716996663803906
1263562303598804993
1262962517027979266
1261285825821753349
1262782088694112256
1271553386421399556
1275180832794324993
1275555807363346432
1273259806988611584
1271567195579940864
1276545557251665921
1270436974873190405
1275894863003889670
1275481258630483970
1275928682956075009
1275618402527178752
1272983947513933825
1277324907026755584
1275920953470574597
1277354487473156096
1276167519246659584
1276630798938996736
1275846813933809665
1276100026926878720
1277598839634120709
1267906209941729287
1276170021140643844
1275500357502861314
1274861359990280192
1273592671135772673
1275535468705255424
1268255714763575297
1275539731128832001
1275744122582769665
1274127707987685377
1276410991752986625
1275823515372072960
1275465425657176065
1276472323814690816
1277440358570496000
1278025807181553664
1276378450589179905
1273279551162941446
1274080928374161410
1275906238438670336
1275999668959424512
1273306582533758980
1272864189548281858
1275490133064597504
1276162479362539523
1273273327356870657
1275185026053951488
1272303333693218816
1274667145339850752
1275469665209323520
1277066567952535553
1270484587018432513
1277347670227652610
1271699903387967489
1275560890222419968
1275459064655253504
1275886031611596801
1276983704238333953
1275467474943856640
1273602452265238530
1275485578876694528
1276901322663419912
1270402075780882433
1275470066029678598
1278029700703629316
1275466148889288704
1275942127026016259
1275927631309881346
1275538790057160705
1273383885603102720
1273728038971285507
1275585813586329601
1275757963807019011
1276278147630145541
1276181130903982080
1271535689998442499
1271914851229741057
1275534097100627969
1273621762836779016
1275787600763256833
1270461918961111043
1276932203876843523
1277411006101303298
1271090869081341959
1273426913818746880
1276183173777559553
1273747520624234496
1276133005883564034
1277377195925803011
1275705679630737408
1276258870453694464
1277443998517518336
1275477129963229190
1276255715179577344
1274127354063990785
1275490010683203590
1268700904720486401
1277219552888188929
1278798892902027264
1280532138706829312
1286673304699523072
1283763027486085122
1283097845801857025
1283886150176907265
1279912876615106562
1283884767054893056
1282373772302065665
1283057633994452992
1284477200234876929
1285224611827929089
1280163444126253057
1283870677028741121
1285415394874810370
1288501607940882434
1280260846925611008
1285943758664630274
1278101473449082881
1280605672477020165
1285690716556066817
1287282539653222400
1287463767153037313
1278453135460184064
1283919436890742785
1281001400307253248
1289185646901227524
1279856966680997888
1283938696006447110
1283889174534291457
1288895476851499009
1280488483140886528
1288877447249899524
1282746534489206785
1284030901953810432
1284615205276790787
1285955193436164098
1289192726345342977
1280205694461935617
1281311712772345857
1283106868676657154
1283980049520238592
1279529497620967424
1278428426798600192
1280299456387256321
1282765499361828866
1283869016885358592
1284800102184493057
1285215645865582594
1279934985030508544
1279691792003235841
1283917937091502082
1281278229895090177
1287759265139236873
1289182509691895808
1278726650021261312
1281619938348859392
1278414669447942149
1288492525829984257
1278709848688005120
1289211361885425664
1283914593610469376
1279489609462931457
1287107104214585350
1281682974581444609
1278751552543612929
1289197574981787649
1281292997573951490
1283749293321592832
1278670716754329601
1287129875304849415
1288509991956221954
1279165997618991121
1278451330101792769
1283371995015544842
1278410031340425216
1278454637021052940
1280920312205512705
1278748902192275458
1280551362108035073
1280890287821393924
1285235962558074880
1289205235253161989
1280215272364945409
1283143052807360519
1279851631551668224
1283780125029474305
1280562509951442946
1278881016057389057
1279057711414628357
1280978618827649024
1278365845094305794
1288172966556184583
1289242852770291713
1278797323825545218
1289262583615086593
1280543669293133825
1285700980496117761
1283736117217460226
1288146178605899776
1278432746877202433
1283561437022093312
1287778205710069760
1281210472931438594
1282732664290717696
1278442033150074887
1285251635577524226
1286305010956021761
1280997010187976707
1279504962062626816
1289286922020352001
1285942669122973696
1289307202939830272
1285692592768921600
1286085367834320901
1287842220553404417
1282102176857423872
1283805547247140864
1282724744199122944
1281597265446965249
1282180394205564929
1298311760705986561
1290662376933646339
1296186136897912832
1298592035805356033
1290289690906472451
1290080830627274752
1296515571014656001
1295430509644992514
1300083928749965312
1290587470845874178
1290300833398026247
1298593088550711299
1300451003599290368
1289905686743195648
1297300022397034496
1292127615097200646
1289347316185407488
1292934473357680644
1296129082875359234
1291751161272377344
1293632215323033600
1291364362767208449
1289674387625349121
1292854220505460741
1291052388460060678
1298368270525960194
1299648824252694529
1290662876047433733
1292891975713267714
1292869246888927232
1296146973775593475
1291380795941228544
1291381414395445251
1293693018629910529
1294115484896497664
1297642616474013696
1298240423912144898
1300534565681987584
1299788693700567042
1289759079468998656
1297035454336958464
1300517207684927488
1291768327333752833
1293601082690678784
1291495526412812289
1296256779505016832
1292888461838409728
1290651283913834499
1297701337564622848
1290080514070773760
1290279230169808901
1290340869481082881
1291478121716289538
1299382175565975553
1298671933064482816
1291824693545140225
1293266740261117955
1290300290537672705
1296880892300988416
1297610352423776258
1298236662154240000
1293430622543917056
1298592799160492032
1289445284251140097
1291500847541690370
1291518275243958274
1300431905075204097
1294330199308488705
1296889938307358722
1290345860107313157
1300452895746293764
1295516818405240832
1304204657443713026
1310601635140255744
1305555573308563456
1303486541071814656
1308884572592050177
1309513125172051968
1309133021728079872
1305566186441183233
1306203158515978240
1307010054227451904
1308378156722720768
1309592920455090180
1301469891380359169
1304431090707451905
1300957946030051329
1310959257622282240
1301947320108560384
1302287196129378310
1306699723059982341
1306988522201645056
1305856769130991618
1309564767506497536
1304464405313142784
1306044136102002689
1305215931778465792
1306803796388052997
1309581070417838080
1305970198202077184
1304517306538749953
1310761172224933889
1303781603613831170
1305613789077934080
1301374839035293696
1303852909747109889
1301701730120298502
1309569152005410816
1310926806405591040
1300962778191069184
1301166734301372419
1308079664515166213
1306403759225016321
1308085664811024386
1303002804093702151
1301666084337135618
1306376437511798784
1310695257802256389
1308400856082059268
1300802296461262851
1303741981894598664
1302503257835737088
1306344082671898625
1305610833729335298
1304184361215045634
1310918763571748865
1304186973796683781
1304407367958908930
1308882480703959042
1303858504550223873
1301144023734788098
1306561298616987649
1316084390817140736
1312030947064373248
1316740718249959424
1312822776122748932
1321810659655380992
1318988533470724096
1313935600857288709
1314003591863074817
1322231480496590848
1311925006776008704
1316998550128070656
1321550433786220547
1318196935711481856
1320386729552039937
1317162128013287424
1321188644435185667
1316716818459959297
1316352736372326400
1315730686083465216
1316069651328176132
1311699429246881792
1320759924461391872
1319041232321073163
1320759259592822784
1316004286183030785
1317142709073809408
1313520717628141573
1315719891589181441
1315982098407346178
1318983455401779201
1320809623826386944
1313871344187199489
1322609932215242754
1318983751968358402
1314982672305881088
1315712492669026304
1316767055773921287
1316909219539505154
1311552080868380674
1321473325160370176
1316040634008887297
1313480234772107265
1313488953585160194
1313095961661628416
1319801788057387009
1311720062584324096
1318129919814176768
1320853993854296069
1321155080230416386
1321820793039441923
1321833022375763968
1313447364384956419
1322176439417012227
1314575695062986752
1318950619722514434
1311463272151953409
1313926504909361155
1322625566521069569
1313139354244648960
1319747695398014977
1320889345918775297
1314574049482141696
1313859370858487808
1319018469522898945
1312103935809732613
1313676103525961728
1316895083220840451
1312030798866980865
1312915468819234817
1317550269807403013
1313480266522992641
1314579023369043968
1311677629070704641
1316933987546398720
1316068574683959297
1320827155132026881
1321894038912589825
1322166570299367426
1314269943496609792
1317198480054624257
1321833546647035904
1314565383970529283
1319639360040566785
1320874326342672386
1322257326523453440
1319616363422490624
1319357606822031361
1321193785292849153
1314334088665464833
1315697162165071872
1317155613009498117
1331712793549172741
1330982835126235139
1330986994399371264
1326953633011920902
1327239450859085824
1329507334138310657
1329400456968351749
1329802567401037827
1329185299436597252
1328683684447318016
1328353759664205826
1328403269585162241
1327357955885457408
1326176015174033408
1325544187257884673
1327017997979033601
1327375396837462021
1331985827371442181
1331390751499046912
1322949911004942338
1329228876183179265
1328679057622519808
1327344738559799298
1326274987448291331
1330594001074970629
1332006175446020101
1327251404654665732
1324120778573598720
1329511207573753856
1330932148694642690
1332412049578713090
1325843899802333185
1324504731096678400
1323028065379930112
1327376330065932289
1329730434721325061
1335686332144701440
1334984535184850944
1341108978206580737
1343546250512257024
1340477991298723841
1340063185022443523
1341737634910121984
1339330385361113095
1337108244343517186
1343578417577529347
1334300409733795844
1338670896395988992
1337094706149421059
1337592210389340160
1338954956649467905
1340041534427828229
1344071039765123073
1338549509039775746
1337022002268397568
1338544073565679629
1337087581863940096
1335680897216094213
1339613955879297026
1341783635293315074
1344670026012495877
1339371438478921730
1343201491688034314
1339274732256940032
1344743330060455936
1335021166076026881
1334991577442344963
1344501072153485313
1344300030015004676
1339284704533606401
1334372900535750656
1336347526295740416
1343612293700050944
1336750188820574211
1339647124682752000
1342380678604845058
1338205181717008385
1342289160728698881
1337029186754662402
1340293769070043138
1337069794860789760
1333851976652697601
1336746375917211649
1337071430392029184
1337459263577468928
1338301439127457797
1338671353600335872
1339593964983177220
1339329465025884161
1344070235872231424
1334864799658692609
1338636527795105799
1333800032533790720
1338966568726892548
1340676271727136768
1337039881911013377
1339651355183624192
1344192651474726913
1262684210046947331
1265328350937186316
1260258032203825153
1256994606425747456
1258917175970144256
1261301177674805250
1261769859307716608
1256716996663803906
1263562303598804993
1262962517027979266
1261285825821753349
1262782088694112256
1257357417236619267
1264326568593088514
1257692049652015104
1258431008342511616
1263079327085756416
1258056816300363776
1266130572285485075
1266063709585182721
1262914621222072320
1260617105390612490
1262497311004876800
1260653683710103552
1265354737756639234
1265675914756730880
1266145013299384320
1256342983546408961
1257703410746474499
1258063350187130880
1258727510235385856
1263968257599352832
1265645222773567488
1266106427803930636
1257052554518765570
1257358365761712128
1257753970937942017
1258850136463204352
1257348820150747155
1258030812148236288
1262385313948844041
1265021388039032832
1265342899463565314
1263572305374035983
1256009713776549888
1262576965002936320
1256431950308532224
1263625187028799488
1256333333820108800
1261281346011496448
1264557038484500487
1258801389301641217
1260658553259388929
1257429045442117637
1266059125194199043
1260881753700552704
1265064542838689794
1258453673920925698
1260677087888728064
1266108090048544768
1257706006538121216
1265031057050603520
1256303594581753858
1261519434868498432
1257352304954609671
1260621324642406400
1257840043911241730
1257725646895230980
1256325918672318466
1260646111716323328
1261265770916524032
1260541613295665154
1263481295969140738
1258052152284585985
1266843255850725376
1258690690692702208
1263821267788017667
1258797809559646208
1260380677104689154
1261755976161669121
1262869415755952131
1261022433877856256
1263562386071404544
1260928824688197632
1256332061574459392
1257350720992526341
1266030024366469121
1260602643199799297
1258046262206705664
1259939576812056580
1265362221380575232
1258489308429852675
1261360940303265792
1258909667075465222
1260564941716799491
1266017847727271937
1261274371005521920
1265670436723003397
1265691605610237952
1259961804979089411
1263480326858342404
1256215047535243265
1259130918549233670
1257644983185821696
1260009379866177537
1258040256714194945
1258448207643848705
1263933460332400640
1258090347365838848
1262778589394722819
1258389405435408385
1258208647722569729
1258798067425218560
1258775881222217734
