1248828118355279873
1255529708013395968
1254470548089790465
1249378870261764096
1253737549014728709
1273636283571732480
1275877352921153536
1268584045388206080
1268877744970104834
1273982735594520576
1279382190594424833
1289202307842707458
1299316232634732544
1293274740455612418
1295180451808567298
1298656909008896005
1291014454914813960
1309940597751525378
1305318520390025220
1302636370293215233
1319422836881149952
1330584907123486723
1329172405286219778
1339543970133794821
1339229625646346245
1267076496667140097
1260940005414973446
1260649473128054785
1257102650107191296
1256928101554171910
1265331614353174529
