1183140414234206209
1184480367790694400
1182808103445774336
1179456062426140673
1183201808958873601
1179185295998296070
1195144454140760065
1194348020126625792
1191397533177778178
1199684357994221568
1192523221150642176
1199720710031237120
1196813239453138944
1194283869178093569
1195023965045055488
1197294951434014721
1193907450811957248
1195363328073326594
1192060210019553280
1200128467666235392
1208100623226421248
1205253828494417923
1205551316875063297
1202288753751937025
1211262269860012037
1205534778742603776
1207628378616090624
1207350142833233920
1201684322895515648
1211674242825310209
1216942704292065280
1221850664264925185
1217466863690690560
1217824082030465033
1214665517425987585
1221980126000373760
1213565166450724866
1219702482303094784
1220552706508673026
1219934505693216769
1233091998984364035
1227312874240061442
1227994019554381830
1229464884632485888
1229574763745566720
1226359911371554816
1233504751930789889
1229158291256872961
1233138839834644480
1230907701540139008
1228338253377478656
1242688917700313092
1243901323118104579
1239530138901118977
1242523367997145088
1243253883251687425
1239596419540893699
1244692261201498117
1235267516676689923
1239596755097960449
1243348560017592321
1243904284309274625
1243549602781040642
1240797721956700169
1243020163143929858
1239704408394522624
1241030554423832576
1242817278888103948
1243168663630426112
1243598727241179142
1235238936441761793
1239608227173670912
1243368554251948033
1243570261275918340
1238099403799486464
1240570243463798784
1238292765915656192
1239552958163038209
1242469785272803328
1242464638282932224
1242542650420416512
1241033003566014466
1242163803174752258
1240811164906520576
1242885561830051843
1243522551948759042
1240326548340772869
1245003344969707520
1240671384168259584
1243323121127620608
1239555525060308994
1243233414620291073
1242118594185609217
1243277537855320071
1239619660099829760
1239554057284575234
1240290290314940416
1240374349359722496
1238099901311004673
1239989770744467457
1240472947099344896
1243584015170494465
1239702800893980672
1242490794985918464
1242464265623048192
1242191179774603265
1241102703658291200
1243085568747040769
1244694078564032518
1244651081491193856
1235666105252950018
1242166662150991881
1242178126907691011
1245048839565950981
1246102525742383104
1252626252176875520
1254966400390553600
1247555380659527680
1245918699455787009
1250466308761714694
1245402527115481091
1251224566984294403
1253218502543945729
1247761315428327426
1254917306087428097
1246045540887998464
1246101084499664896
1247319861237252096
1255599036645638144
1255863986500894726
1247098438648463361
1252637625363640328
1250050701289574401
1255229928523673602
1252772250949951488
1255232334061854721
1247935572456493060
1255512244458270722
1247512227600613377
1249777211877609473
1250114206717939714
1246139188858236932
1247169739832639490
1249443139582070785
1253385800466739200
1247932531170836483
1253784357598347266
1247536144738160640
1254792739922874369
1255160990511046664
1253849465238274054
1255491380450922497
1255504913775329280
1247166837759946761
1249779350821625858
1254794714022379520
1247163731659849728
1247207716000542720
1249496139801518080
1255507670263570433
1245325528413937666
1250053721070895104
1252712961371766786
1248570544745779201
1249802483079286784
1255174639199887361
1255892024106127361
1255142972200325121
1247386605213454336
1253020092599808000
1253756964997345281
1255273169751085059
1245416142816129025
1247578433980370944
1245402856057962504
1254851637497249794
1246102154126991369
1247923591967989760
1255595852464340993
1252232960142528516
1252233688944750593
1264252316372185089
1263628200913108993
1260516202805432320
1261008302512779264
1264981074507001856
1256290545904820226
1263820692803457024
1262392397306134529
1262421946844819460
1265322774676910081
1260379990740414464
1262588868446035969
1270352638400278528
1267790852891586560
1273855296209739776
1275464077846994952
1275410636885893120
1270414205427101703
1276269793742671881
1276532545887318018
1271574703388360709
1271485090581884928
1276522335911190528
1278079569778618371
1277325346971570177
1277976676937302016
1273809642456600579
1271542701465448456
1275763556005351425
1277987196230828033
1272303817023946752
1275512970295029763
1273727021399629824
1276527052334735360
1267550730077868032
1275474425434030081
1275973312481558529
1267786088388624385
1271896184211136517
1267577284216537089
1275398094868406273
1267590360689111040
1271892052096278533
1276497004361850880
1275479017400020996
1272951137054924800
1268896544801112065
1276226322965172224
1275162999896936448
1275323460810493952
1270360720828436487
1275163412687814656
1271536783814262784
1268635908112293890
1268267071739170817
1276109467453661184
1268578523066892290
1270039266387808256
1278010168807239681
1282533467650170882
1280553399386361856
1287542932871041032
1281679612221763589
1284124897057427456
1286272907774169089
1282695079572930560
1289068711417004032
1287672421177270272
1278899126869032961
1278428812699729922
1285055599118450691
1286701341176401921
1282685728640716805
1286386679004110849
1287501549078343681
1283796790131806208
1285576366096777217
1283105363001303045
1286708151530782723
1282765203264999428
1280299979425357824
1281541142971113472
1285216643761582082
1283443715923513344
1283418623898517511
1279824127617048576
1288166214100033540
1278897889276833792
1280852187518832646
1288157478899847169
1282704796382879745
1283863552042901509
1287841586567696384
1282848529380184066
1280836935112630274
1281212201618083840
1286629468593889280
1280846773880315909
1287210315151749120
1280149209182863360
1278798436868018178
1285769815118852096
1280147075989192707
1288181467256946688
1286998279704715264
1287480569450954752
1286854511647248391
1283483180725567493
1286448082104836098
1289178635018964998
1280165918392422403
1284932479489576961
1285196973872680960
1285048063296339969
1278510746926821377
1280151806979571716
1286953723588091904
1282767809907392512
1288515293728440321
1286093854396096517
1278491299427962880
1285056700207165441
1287094091562524675
1279982016486952961
1286702812315947008
1282676998536601600
1279533634806923264
1280148808681377799
1281554927677046784
1283021718307475458
1283420915125104641
1278164613486518272
1285208078560960512
1296805731614810117
1293914435300409344
1293618943781986304
1296583819810807815
1290364446901182465
1290737845951504384
1297205771478818816
1293920534279921665
1291001602871046145
1291059884461559809
1293617382737534977
1296179551962378241
1291246366631628802
1290733603404550145
1292865472958992387
1297956636888371202
1291076229081239557
1300464113567633409
1293205278557601792
1290372898759356417
1291100597811388417
1290370614205779970
1293613307560067074
1291064081508524034
1296084667670593538
1291089119096037379
1290644559513268224
1297906327331540992
1294276572174786560
1290738356733673472
1290734796113686528
1295719981381038085
1293873674475450370
1300465629129052162
1291376976666791939
1293614612504510471
1300522297640484866
1300523704967925761
1291796148475305991
1293254979243974658
1294692054493257728
1294447929235845121
1290671252085059586
1296239513568608257
1292444531540058112
1294712921164058630
1296690954930446337
1290734974740705280
1291522782002634752
1292526143623528448
1293614476940500998
1295753390807560192
1290296675701940226
1291094291255685120
1296409682656010241
1300837855212732419
1300897988622127104
1303479817191522304
1301542309218181122
1303378279479627778
1300871353369792514
1301158306480820224
1300891368085102592
1306210145949679617
1300875790230396930
1303323905696858116
1303315095074861062
1303111177552134144
1301890822858772481
1303850261744623618
1301509804893052934
1301881645188947969
1301258215104053251
1301257740623532033
1301535939290902529
1303508380850352128
1302436596759826433
1300589132666687488
1301225367659782146
1303331978977177600
1303469566761156609
1304007402325450752
1306252562954420230
1304591119448244224
1309558156838793216
1319395424806014982
1319267102507806721
1313188654127419392
1313645912938278912
1313305016686477312
1314589777665040386
1317938447529725953
1318377901528698882
1323827280309817345
1342967446743916545
1339293939275362306
1264252316372185089
1263628200913108993
1260516202805432320
1261008302512779264
1264981074507001856
1256290545904820226
1263820692803457024
1262392397306134529
1262421946844819460
1265322774676910081
1260379990740414464
1262588868446035969
1264895391746740225
1256247449900986368
1260576165124857857
1266052435614871553
1259860857481244673
1259876473638391811
1263800732895059968
1258406090166894593
1264977826307956736
1263522591840616449
1259985224894685187
1265093065078796290
1258409338617683972
1261316781576278016
1264344037861064704
1261014539761594368
1261369830327726081
1263752283671666688
1264297262336917506
1264465986582765568
1262391152654856200
1259861047449718801
1264891796640989185
1266410235901677569
1260566267804749828
1262882704883953665
1264075565000044545
1265738928876851203
1256206590153277445
1258442971101487104
1260241471682347009
1263550440085630977
1261031888027824130
1259862649753538561
1260298939418337280
1257702879865049089
1261444549093650432
1263425062016860163
1260188927031308288
1259668374591803392
1265000320616271873
1258838611212087298
1257467590705926145
1258587220522332161
1256258237680234499
1260694411807264771
1262048219799990273
1262062906931245057
1264255896458231808
1262588194916315137
1260224740612100096
1262062554836328451
1260949216488230913
1264270255280488449
1263904514928590848
1266027828740411393
1266480036141387776
1258443733239988224
1266021415821639683
1264517779786530816
1263589301058584577
1258407514699452416
1262311734024507392
1258061516122853377
1265113962133311488
1264012594647576576
1265063737536376832
1263528550797369344
1263912095445213187
1262057504650878976
1264234210589650949
1263156559087099904
1263481437258465281
1261023127137652740
1264244432934592512
1266548622784684036
1261064638478856192
1266020141285982211
1265138921408622592
1263120093095100421
1264058312162607104
1266431895304372225
1261346811580755975
1262765417791094785
1265728265332940800
1256459895462739968
1262804017467527170
1264251696093507585
1265374004615004163
1258077638972899332
1259858058060144645
1264593426864955392
1262808516949131265
1262589166686257153
1258822133184069633
1263911134483996672
1256316407345635328
1262570508199112704
1263150322165452806
1264649133572460544
1266352024456695808
1263905664482631683
1266022032443088896
1256296805689671686
1258067787790061573
1260223144142479360
1264317806704812032
1263913683056422913
1266020941865332736
1259859545159016455
1262428202489622528
1262804843720212481
1259905596008128512
1263907520646656004
1265034945598193664
1263920360958943232
1264538775197290496
1262432492851732481
1256344714128896000
1260414763051278336
1264523190673514496
1264979403630694405
1265341813189197827
1263406188093456384
1265554027477184512
1260620083107422208
1264421336878809088
1258997126538788864
1262769106643804160
1263660635277099008
1259898687981043713
1264999458606952449
1257398066744889345
1264321064345141248
1265347913833762816
1259459577944260609
1261022574231859202
1261037244397359105
1261343029392297985
1261314147096186882
