1181681289566535681
1212376430962569216
1220512817599721475
1223036111968186369
1240863143997222913
1238409674774515712
1240758656997765127
1241804334712619010
1244636017115762689
1242787609601925123
1237969324687556609
1243971116365946880
1241120925657038855
1240426237421641735
1237073591835013120
1239922183574519810
1243766274112413699
1242752746547183616
1234977517737365504
1238364443395985408
1243549220092760065
1243914081192509440
1239404407600513029
1243956865794560002
1241777849176141825
1243961100351098881
1253898547247714305
1254278337415036930
1250401134839320576
1246288910918897664
1249191267499749380
1254986332603969536
1252211580013547520
1247317144330788866
1252451881273765888
1248491536225976321
1250641905223970817
1247203320613273603
1247738072067801090
1249326993960812545
1251121885355614209
1253195984701718528
1253187986163933187
1259719981287211015
1262073408696836096
1273337724565667843
1276465551280308226
1271169898526343168
1275406281717829632
1273384893695885312
1277978308009816066
1275460445025914881
1267471334298222595
1267577782885920773
1283273858783436801
1279188300486631429
1279785909509111809
1287603926615891968
1283898675823927296
1288326644176793601
1288114809884434432
1289084734367178752
1283540433331720199
1283512216873054208
1289074823608508419
1281160927581057027
1298977479739097090
1296976744591896576
1290279659020550145
1291954042311028738
1291557500097949696
1297389611014995969
1299690601940766722
1290404775335473153
1298967154436567042
1299198028826329088
1295408679450300419
1291124496934608898
1297292548122251267
1300787627432587269
1301051743405445120
1304673021597224960
1304645929962598401
1311326718607544321
1300622980708331520
1318468284816281600
1318063586850217984
1314156946954518529
1312112784033767424
1316473318422110208
1313726439389356032
1314718392260190211
1327935113318031360
1342496880266076160
1340648324182007808
1340541449205518336
1341048018938650625
1337891649247129601
1336904737841680384
1340505899459178496
1341158685586968578
1342836648355065858
1341409545827078148
1337388344356036609
1343912335220633602
1338546044569755648
1259719981287211015
1262073408696836096
1260785039345770497
1261952554457432065
1262398057578139648
1260422908893032448
1264904148660731904
1261759967218012160
1261761063844032512
1261945378611458049
1262885829355212806
1259163757856600064
1260025184024621057
