1181010540732309504
1188239209280221184
1182753162358382592
1196577283567427584
1200898581575749632
1208545236240273408
1217616974924206083
1218358897448292354
1220151204472410113
1227629169032548353
1227629485018767365
1227449516288335873
1233891101637062657
1243562090389962753
1250541725719957510
1256713197337403399
1277618557317197825
1271694564714299392
1284638317867339781
1305610871931101187
1319892248432168962
1322983217176203265
1335242894643515395
1339691739653627904
1256713197337403399
1265462360963264512
