1189605884294500352
1183497662240378880
1187853277435584512
1187029659940032515
1184121450585833478
1187047163320291328
1187129662570450945
1186822376102731776
1179046134892781568
1187406785814188032
1185561871623045122
1187214294271905797
1188946085395488768
1185278428351750145
1189981074127904773
1197318711759257600
1199858707380801537
1199012006399004674
1199338832786862080
1199019041450602497
1199500869429080065
1199147559618568192
1200206829848080384
1200392209717243904
1199165283505709062
1199428412508659714
1199160099689754624
1196172143064580096
1199546860333129729
1199157416857886720
1199510592165277697
1199054066560585728
1191814883198803975
1199481815045672960
1199377034432126976
1199476407165968386
1199497671364546560
1199521325414567936
1199227556370632705
1199506976008474625
1199755526944497665
1191799205540421632
1193074264938864640
1199507366753927168
1199816113875509249
1192172411166310400
1191523854486790146
1199115353676271616
1191748059568451584
1193419938498613248
1196185953972436999
1203892301870723072
1205464926644580352
1210587595903778819
1209234139347607558
1210712325898027008
1209260224676335616
1201599475975892995
1202950246105591808
1204980663776100353
1202362890847752193
1205958077465452545
1205942397991079936
1206343247628558336
1209210431895678977
1210324598396538881
1206718257044041728
1206315938490077184
1210865734928211969
1210476339959959552
1208733187184222210
1212568938904772608
1223321911846817794
1221969847359328256
1223354657147379713
1221091060245565445
1214306439990272001
1222034856793608193
1216641148867043329
1216588348569067520
1217107106760994819
1222501858301960193
1215132579415887873
1223146942252736512
1218978959913816066
1214932021140770817
1220844913652305925
1217859272471666689
1213596981580509184
1217000437221597184
1223347657751445505
1222990554197364737
1233504645953261568
1224327612060831744
1227277540865130496
1231439818623721474
1228093749328113664
1225491673419014151
1227469254989111296
1233170258854326279
1225513813191135232
1227762424167698432
1232675705068060676
1239940603082932224
1244377929708122120
1244869578229829632
1241694745950330881
1237991053883555841
1243582682841448450
1243873871570370560
1243642081945554944
1240740052734480385
1244739492017250308
1241066877708795910
1242149621151010822
1240267176843542528
1241714305097138177
1242456364447870981
1240442916818034690
1242343491528560640
1244694479103295494
1244842218751483904
1240790265272643585
1243201532327342080
1235376094053838848
1240473608469639168
1237127606073319424
1239681292226170880
1243179015973867522
1245031627148984320
1243708959334322176
1243349243689160704
1244781116168560642
1237766695655276546
1239998019946401793
1244495571328483328
1236391610579025921
1242890081255526406
1244982912493240321
1233925642330071040
1243965139470016512
1241779189323386880
1242760444022054913
1245072963625316352
1237388124612853760
1237433823807385600
1239975583125102594
1242478544346918913
1244974544735145985
1241002364800204801
1242835835705348097
1241051916706156550
1244411484186255361
1238891419303137280
1243638966663950341
1237037265685282816
1238529057450602499
1244763785778335751
1238902887826235394
1235968225575227392
1241463514931306507
1245083459707711490
1237446784227606529
1238475663906082816
1240453565220638720
1241074724693782529
1244955955718209537
1239682023649927175
1242179910912872450
1244454065406234624
1239575175370280961
1240303653849874433
1245098543565737986
1238496019563888641
1241009780774371328
1244372283998842882
1234683522188578817
1235628326603157504
1237830682191290379
1243928532671176705
1243632186957287424
1243765058590486533
1235811846541570048
1241473546934718466
1241887588832722946
1242579482147459072
1244706075871412224
1235269508429991943
1235747749762658305
1239681484098805760
1242296639148175360
1243341861982539779
1244084360732643328
1243602067945590790
1243193928737849345
1240991114888437760
1234639221962358785
1237151207199780865
1244639130904133635
1239247079836450820
1247186337570177026
1247675577848467456
1247982507771006976
1251866455479595008
1255499945215475715
1246167597680377857
1249019536810147840
1251251123652001792
1252575344839864320
1247878154443767808
1252631909684912132
1246180954965753864
1247283104999518217
1249829127588327425
1253132641592700929
1253380899573563392
1245353976674930688
1247878538642042880
1248583210788958208
1250921924265488386
1251208950802001920
1255549969269960705
1247427502605295616
1248271746744156166
1248671569645391874
1250861887933296640
1252756527632523265
1247064465885016064
1248694675910918148
1246102403407101952
1247891964269191168
1248771837657526272
1250160344586215429
1245338632409485314
1245478569020702722
1248281433933860864
1250819749531078656
1252296990144118784
1253763339785773060
1246391804909535233
1255971004704227328
1247633541179027462
1248930092287496192
1249812123171110914
1252300853073063936
1245875349474377728
1250282113615540234
1252326238288580608
1245838893309546498
1248368848786554880
1249795844523556876
1254874459359645696
1246920729972572160
1250160078096924674
1250862030971637766
1251255056571207681
1250156962886627332
1250909357124059136
1247896999950614529
1248404206282665984
1250319052838297600
1246157940408684546
1247668004726484993
1252592609719181312
1247547702847684610
1248273229355061254
1252988048951906305
1248348468789346304
1247532078960238592
1247608379024998400
1251111214291156993
1251227831973154817
1250560913188556801
1246617709615480835
1255897461316628481
1246067710603210758
1253124165634330625
1253677083945062400
1250212320804028416
1247554928840790018
1251956250591539200
1253363000381243392
1246078174875791361
1247236029708406789
1247243610900365312
1253111837010378752
1254756530001412096
1248299054041313280
1250963776112750592
1248673243466207232
1249773704369917959
1250056297363496962
1247551976503676929
1249873569070407680
1247432702447452162
1248685076482850816
1251974732443979782
1255239731736174594
1247569858885234688
1253433006129213440
1253683885642317829
1250546810533351424
1249847449520427014
1248272610741403655
1251214623212105729
1253327860623765512
1253332817523564549
1249403157370884098
1250183720893444097
1246576532002426890
1247885523047219200
1249876221883752452
1248305824692178944
1245478922499887104
1251597877769580544
1252331731702755332
1254438180314648576
1255851982365040640
1256900169116901377
1264260294219649032
1266797940590379018
1267214506226266112
1278067939103641601
1269310811027247105
1269981443662413826
1276130773440004106
1274747289656004615
1275926018730139655
1271195512704729088
1268560819274604544
1270055073893277696
1267796516279910401
1273246265728544769
1274363881989615617
1278012066184527872
1272896865508474887
1275209691413360640
1270457253682962437
1271247413471260678
1270764890811019265
1270069995339423744
1272886643247271936
1275785514646372352
1276216107561517058
1269286177938518016
1275900858857857024
1271504730162958336
1271450723964911616
1278057233474113536
1270814457887961091
1276153434169901060
1277171407525498880
1269391459561566210
1278077868082331648
1271496001476575233
1288256289248808962
1284484146295975943
1287420005295042561
1282040871815385088
1286035958572318720
1288698024974266370
1278313788089921536
1289258958603956224
1278353139071094784
1278356590966513664
1279122269416173568
1283485889184792578
1289265840320180232
1278447808698253313
1288225688085049345
1279219355100884992
1282837546301456385
1286035210207813633
1282358472529580032
1289200475166793734
1283070225303339014
1286010428233932800
1278853719438897152
1282039475628060676
1278446704711401473
1278446823015931909
1280894517906796544
1281405015316402176
1280938374694612992
1283893238550728704
1288246800613347332
1288974152150417408
1281125473343475713
1285245233475866624
1281679498950463488
1288106682644602880
1281316469893103618
1283839832867905538
1284659559097929735
1289785205343965184
1292160190100447234
1290349693319417857
1292461165453275137
1293853118522953728
1300521248288583686
1292924998584238081
1294041046574419968
1290108328756965377
1294353595924652033
1298751077052014598
1297015519506313217
1291453758212210689
1297070610728857600
1291534134574284801
1295506795801251840
1292276511622406145
1293937086513344512
1291104164722991106
1289788901192695808
1291509449614594048
1295484381163925505
1298761808631795712
1296569929336909824
1291413698410676224
1297366881448472577
1299069272094892033
1293586793103843330
1293176762906677248
1291830167665606656
1295758066206380032
1291040369426214918
1298759512086712321
1290325291282444289
1310401216132808704
1301969497897742337
1306996468952203264
1302667882627772416
1305622923533783041
1304513298302406656
1308144462900744198
1311419240700940289
1301629748817297411
1304194149839757319
1311384601152151553
1307752647777280000
1308105317180485633
1306714615842308097
1305173990357569537
1308126529298280448
1308051928929239042
1301533558729781253
1308498486912901120
1310323701192306688
1302597482866708481
1301256250596814848
1300576627039051778
1302283154405896196
1309970483245449219
1303787516034719745
1311419685418659840
1305951809882787846
1309267091288096771
1313586932400627712
1313540287755583488
1312527564695433217
1313869142525702146
1321521584872558594
1319337479464517635
1318957378176487424
1320818188070776833
1321499689225752579
1311702306577174529
1313582743931039746
1311429397631692800
1313494988999856128
1314191056909500417
1315068054641020929
1316075494887043076
1322547186840838144
1312052828228157442
1312169254750363648
1313974476565032962
1319661145221976065
1314299757829988361
1314313353410605056
1322548151207694336
1314672197349318657
1321928221215084545
1314938699994595328
1314718295493431296
1320793494726844421
1320824482400030724
1314273116537925632
1320765650210492416
1314676867627134982
1314313667085828096
1312527049253285889
1313587331077726210
1326557245296025601
1323415246355255297
1331689213172084736
1327352644524978176
1324491464236244994
1325136967961513984
1322954492917198849
1326772104763740163
1329831719495757829
1328857089058357250
1325634606985457669
1327300488296083457
1327103250940583938
1323318213200011264
1326632103992201217
1333291408296341512
1325555054082887680
1329857873904504834
1325971349622280193
1333532521670217728
1330193328265113600
1327290663986208778
1323058690300076032
1326885422245548032
1326957681412763649
1326755866062675968
1322935985928327168
1326929349036138496
1328420097468338176
1327282090631716864
1327010137417142272
1330279167838056451
1326159904122417152
1324003870385856514
1325894368268607496
1327061502034014208
1327631737514565635
1324433311742283776
1324104252571242500
1326777269080174592
1326978586130190336
1323091665972797445
1331336131955355656
1323337372013047813
1329577754354913280
1325916546288427008
1332066749664141319
1336032340188024833
1344436160429498369
1339438743447425024
1335976081271218180
1337610506266357761
1336418806739177481
1340796575573024771
1339637119745069056
1343633647979687947
1344347601659863040
1337792177544568837
1334274615674224640
1336784691152760833
1334337203405791234
1338711560177524737
1333900107750793218
1337271328462651393
1334249116289949698
1341807890659590145
1341469638014758914
1343221867222429696
1342495575812390912
1333945190856482816
1337202023431884803
1343601174944034816
1333787992507355137
1340057780783362056
1341816226167681026
1339929674122706945
1343226017259741184
1337448579737202688
1337535853070065665
1335657404730630151
1334245566822244352
1335645440126164992
1341387906787635202
1335308474926903298
1333876175572258818
1343695184387825665
1343925970634493953
1337413183120703490
1336748452257140738
1256900169116901377
1264260294219649032
1266797940590379018
1259559595292405768
1263126800516833280
1263662593513623552
1263804814598733825
1262155269674582020
1262468803973300227
1259160676465065984
1260981231505813512
1264351721746305025
1258363191928647680
1257340062414581760
1261641555544178690
1258271545505517569
1259872805354684417
1263222984766038016
1258373249014136832
1261133907648557057
1258369478301229056
1266466846078885897
1257557398140657666
1256387778729832449
1259930785844527106
1261526786799620096
1256663384407388161
1264377437133180928
1261012934236479488
1262608000096878593
1258379850840244224
1265970408609759232
1258049109057064962
1261719888395206656
1260931761833340929
1263490550583513089
1256794429232422912
1261153634386997248
1262199796426772480
1255981504179703810
1257837078219501570
1257381231517470721
1258154942453473280
1258507915498938368
1256925040458727425
1263579973341904896
1258805398196412418
1257831896437985280
1257670799529578497
1260549136484573184
1260932910535700497
1261332981257506817
1265731304638877696
1257603954931896320
1257320129701924868
1257637808337977345
1257703440739860480
1261430241622286336
1261013431785861120
1256986196854669312
1261260288478851072
1264252960407605248
1257285852205637632
1256049134836031488
1263596982012014593
1259125673593049090
1264347653376278529
1257352227003478019
1261029454429786113
1262785570192965632
1259461440202825729
1265305338774990849
1264250623324835841
1258864508518490114
1258147701654523907
1259862893555781632
1262095088232140801
