1189666679032369152
1188054307469516800
1187751616717492228
1192729694166237184
1199627028363915264
1202578381176549377
1214842527641149441
1214952442791677956
1228283615580229632
1228282304264646659
1230850241965981696
1240317407824089092
1243253658663387136
1240663181300727809
1235225687788843008
1238121182194524162
1239592999035813889
1245038236147335172
1240725981784088579
1239592049059467266
1239938482744803330
1241262400868880388
1242360503621619715
1242115514849275908
1244974086209634304
1240676910012624896
1244963688953647109
1238484033941557249
1241044763224178695
1247232714580938754
1248635207563051011
1245637316929933314
1251467006978732032
1251826036901380097
1255163157892530176
1251559597938270208
1248695703188185088
1250433909172482049
1252597761851232258
1255208102930112519
1247906929604771843
1248675137332948994
1250833927025065984
1254034553850789889
1248557812411752448
1248622808927629321
1249255439222571009
1247463928915005440
1251116256977137664
1248607623353516032
1255399605296074752
1250461172609974275
1250515866971758592
1253258834182799360
1248543160256679936
1255509138760781824
1248258509575200769
1252670111892279297
1247122713656864771
1257657270197981185
1270407813412552705
1271389027560755200
1272409194365362176
1267922721461153792
1269216460150386690
1274353590992351233
1275819140096417792
1271384556210458624
1268143215452008448
1275791656617496576
1274116393206775809
1276530705279959041
1271791497147547648
1272116056367169541
1269577820403007488
1277232723611058177
1271083370227863552
1269566359383560193
1280944743602515968
1281570718384377863
1288103146842140672
1279359783594856453
1288083797326667782
1280455290677231623
1279114413639905284
1286577401183576064
1288500274907111424
1288111223318253568
1281243603092869121
1296048015413841920
1289626874180771841
1294951150773514242
1291057408316506113
1293499426569424896
1294199408314195968
1291342154980261888
1296027560825032709
1293912798943043591
1289498646296383489
1297823668362522625
1297477475073757184
1300430733467676675
1294254441110163456
1289846028783345664
1297828991211048960
1302033817004318720
1306220997515845634
1301446480666988546
1307252737877344257
1306669912966991873
1306544609645015040
1306893620386172931
1311312927807414272
1307239002777546754
1309408120553304064
1306677340571930624
1310851810228187136
1301852833659138051
1303751091243319300
1310145930243571714
1315232197993885697
1312493059322437632
1325852352767733760
1333035164058972168
1325392874385633280
1324772982099726337
1329760468500680705
1331220020970577921
1330136754515550211
1324663946314481664
1341722047353942017
1334921820441604096
1334622327674449921
1338748597727358977
1337393005947400195
1343593663813791744
1333825233753694210
1257657270197981185
1259857504131059714
1263135592143097857
1260797083805716480
1263811991359164416
1258781539913142273
1260653748105314305
1256289982345551873
1256669290620768256
1261034619622883329
1258687344678494208
1263756279501279233
1259753803592630274
1262846031919751176
1264486694297927680
1265105924794077185
1258336043251699712
1259857218935152640
