1184448573901029382
1242719849773707265
1243122779286843393
1243183490734198784
1242502044608425984
1241384237435162624
1245088856803815425
1253447095224238080
1251248365486161921
1251994936020471815
1252639482718769157
1245720141137993730
1250931134260809734
1254878082164330496
1255882768757731329
1249831031785443328
1249383000065753089
1252578472729468929
1249385756214337539
1255899332240445442
1266101940192083969
1265683178481569792
1265274236291231744
1281008161135058944
1281348318254321665
1284984786566742019
1280504709477027840
1295408796739629056
1297892668438183937
1291733922230030337
1292185785874210817
1303391976310611968
1307669466776588288
1308191654432526336
1311060090187907072
1313156975874670593
1332863096336117760
1323035084660695040
1328822550248517632
1330037225971707910
1340691177645993986
1336825203628724224
1335700327975309319
1338635381722460161
1266101940192083969
1265683178481569792
1265274236291231744
1259941346418147328
1256010933081649152
1257293903457325057
1262112336158089217
1257755094923317249
1262160362021031939
1262799926649434113
1261291359316705280
1262122112564723713
1257656741384400896
1259284266653016064
1257698819958910981
