1185413175744880659
1185322520049790976
1190027707037442051
1181264845502595072
1180039810913689600
1181993830641479680
1187074321430265859
1183583289514135552
1190004664810520586
1186323512690003968
1185909613541113856
1186782267848437763
1184608959895719936
1184988731620691969
1188662983091740672
1182350699188903936
1182302649007267840
1184185574783115265
1184602601582669826
1184830577184251905
1187844445972193281
1180538123605958658
1182446578050764802
1187053533020868614
1178809178619551745
1184219511454457857
1186079126333079552
1199340563503255559
1199931654481076224
1195051975722835968
1197666971938148354
1195155801536651269
1199827366987603969
1197763509393772544
1199080122365538304
1195779117037346817
1195361246922457089
1199020613605703681
1191778475150983168
1197621253810593802
1200825233864843267
1199849940723339264
1199832556981510146
1192141384817491968
1193272282208030720
1196183502456180737
1197583833392005120
1199493075179048961
1193994126775214081
1194527134070366209
1194524437120536576
1194358619522904065
1199702854900080645
1195170271885496320
1195128676960133124
1198334956457668608
1197512749598814214
1194060366285815811
1197545705927315456
1194382680831381504
1194031304435781632
1193786053532016640
1195118744852262912
1196132361332674561
1200151099656876035
1191260647125729280
1196141949595590661
1200535075965882368
1194442928904495104
1200176295340072961
1196647068493893632
1194025714804281344
1194365573850791936
1197882659424395265
1196446526857502721
1194020218135183360
1194742169443151872
1194661686294306817
1195388746746781696
1194024821681795072
1193360198204829696
1199343200869048321
1199793307439812614
1193548618097135616
1194467397496909824
1196913987423744001
1190067360188776448
1192141605886742528
1193281270605893638
1201259899218464769
1205193278045462529
1201996841379909636
1206330647914176514
1201996891065593859
1204449417517887488
1202281235315380225
1211292035602403329
1210701649565630466
1203112297981530113
1202615313419780096
1209861830463627264
1210595672153452544
1210901033678974976
1203734806741364737
1209223966923132930
1201619328866623489
1205962945236221952
1206627900935553025
1202655678441107457
1203521978382135296
1209858460734672896
1205161673268613121
1209910887684796417
1205126962584465408
1210688871001993220
1210511409718558720
1209927133931462656
1211777955325599744
1202039308712054784
1201972205216817152
1210786781366370304
1212097932662427648
1200920398398922753
1201905964666040322
1204598459111788544
1202123252082126848
1203815656124223489
1202021215378038784
1212064683017961474
1211343285815394304
1201319624639279104
1202639828178931714
1206929011529703429
1201277237955350529
1206751982519640064
1203783740562051072
1202010024916242433
1202204513282732033
1203158782534139905
1201434016102207494
1204568481976528898
1205837777461489664
1211783654235488256
1202065581823934466
1202099035571703809
1203126215676223490
1203162005563154432
1206021968140496896
1208770431672606721
1209224008719372300
1215056063944368128
1216760269344473088
1217517296098299904
1213481444921815040
1222577173497663488
1213911042910302208
1222478513602732035
1219831062622138368
1216039174261891072
1213368540692144130
1219886395185156096
1212713026102681601
1214810842753064961
1215008471466332161
1212541682350219264
1214980086744698888
1215566102668959744
1220128091957276673
1220436217222909953
1222724986894352384
1220436889179762689
1213926604713279488
1213583412784697345
1213712044555472897
1215009727815417856
1214308151236808704
1212557475536261120
1218859214329860097
1219383226260738048
1222943720317837313
1219690360135393280
1215725830149529600
1219988968588091392
1214437395837411328
1216060300736241668
1220827143996919809
1218711000016281602
1220020948457459717
1219409271693004800
1217896738985349120
1217509764676161550
1219385304253194241
1220859427592572929
1221846691243970560
1220188162783436804
1220484721047756805
1212967726156845057
1228056928716283906
1229275581591773184
1233345665067094021
1233537180976504832
1223996972190912514
1224328169219485696
1228837884469243904
1232038320231682048
1233098267644350465
1224417505990586375
1227348867311689728
1228381563253088257
1233370715874889730
1225990781028057089
1231701431423586309
1233482000700448772
1228495293626191874
1231991307985227776
1233002932049793024
1227790281774288896
1228021983889092608
1233539534178127873
1233833541152079872
1228060654784790528
1233819304535240704
1233876547905445888
1223566004015505408
1233358273182683138
1233738721666748422
1229536406567038977
1233021396583878656
1233441525062938624
1227382207813181440
1228378374810357761
1223764985534279681
1224492011824140288
1227020163897339904
1228729713146974209
1229503070415081473
1231716224108642304
1232714780252745728
1223717820581629952
1228642269005172737
1232071311670771712
1233560854559256576
1227408950724878336
1227973929001635840
1230980618684530688
1227763158934142976
1226989469997375491
1232785864926912512
1233184618104401921
1233844166465138689
1227932888852783104
1233020261051641856
1231279928403992583
1228894437079764992
1229483751245275137
1233012423415803904
1223383055949156352
1233412779895291904
1231405799479664640
1233018947869577221
1226667859754881025
1233613525915824129
1234884008577626112
1238893848689905664
1240827579592069122
1241427930737246209
1241574523872272384
1241771008123637763
1241830251317125120
1241837979552952321
1241922616585306112
1242418728291139584
1244625745923751941
1244661522632265730
1244706387286003714
1235693900670676992
1236317859342684161
1237862965769941001
1238496303916683264
1238744173194272768
1240086217775091712
1240385739570974727
1240437946848694272
1241019389727723527
1241410674124656646
1244737065847336961
1237094917673037828
1238549558961061888
1238700507813646336
1239062966630322177
1239066633731276800
1239901248318574594
1239941178415595522
1240145990797217801
1240767238543536128
1242912922600275968
1243530781076717568
1237714192062431232
1238153452024238081
1238802941085179905
1239571442473172992
1239705920239734790
1241400430187462656
1243308596961652736
1243567004805525504
1244721414445424641
1238519502377226240
1238661470302416896
1238882528028590080
1239546086135607296
1239959052278329344
1240409560873160704
1240864634468360192
1241094985648410629
1244675600385802242
1234642542798438400
1234901094498742272
1237072920746156033
1237910790407143426
1238261624546435080
1239017054839005184
1239580815954046976
1239581106124488704
1240364681803362304
1240488416359280641
1240809626158891008
1242490182416424965
1243538499061587973
1238082332244029440
1238585402312851461
1242157413446418435
1242233525245489152
1235560999736008706
1235646085609033728
1237523908904935424
1238213191865376769
1239118797342113792
1239640999711956993
1239722877794033666
1240310087836672000
1240408537857060864
1241383212800237571
1241898584506880001
1242765724776570880
1243185872390049792
1245057936810016769
1245064309136375810
1235253519466344448
1235945273710518279
1236327448226205697
1237100079485419521
1238483920691347458
1238510371016773633
1239250431185846272
1239940048100962306
1240955483072143360
1241114929161273344
1241401177486569472
1242264013653921796
1243297192204353536
1244654122646863878
1237511951107756032
1237575549322551297
1239674622326562819
1239917107627864067
1242617194976030723
1243133550972583937
1235253549988270080
1235798103963209728
1237632096937619456
1238067436563443712
1238220339685048324
1238507563110588419
1238623668152012801
1238959195703123971
1239930126751748096
1240204333582626817
1240615786940678146
1241234446256349184
1241533185525198851
1242588212285124608
1243158277023825920
1235270154331795457
1235534116654891008
1237094351123120136
1238283361992482816
1238430179640389633
1239813985437773824
1239864107974754306
1241428251446296582
1241441066043277314
1234668254943072263
1235794750059487234
1238546569068240897
1240128114535137281
1240408818455990272
1242293390542168064
1243914236276989957
1243953428969160704
1244180714112901120
1235556795592003586
1237713302865825793
1237884715702431751
1238401928192839680
1238865054554099714
1239364263564595201
1239722475128225792
1240438627395489793
1240598593964294145
1241413991810977793
1242575578244448259
1242643633209303041
1242829506487910400
1243288925231288321
1243904683682521088
1244741190131625984
1235526820596002818
1237241334609711104
1237361519911940100
1238083668314411008
1238598532820500486
1240138272535445515
1240426111579770880
1240973018995798016
1241438875966476291
1241484347905097728
1241764568524881920
1243618547374448640
1244685808344412162
1245054453755101184
1238157780374224901
1238568058932867072
1239251396081242114
1239728208762658817
1240021226334060554
1240400578263633921
1240436531539689474
1241213192140926976
1242109903797248000
1242125421270822913
1242536286897893377
1242834746276753410
1244056025080180736
1239763377985130496
1240504758974078976
1242266102412890113
1243982601255297025
1244897216910802944
1238578391722479617
1239567298471608321
1240510760150695936
1240643124877094912
1241004721642455042
1241303539013607431
1242538007586131974
1242569887484006400
1242820633412722690
1243059429844480001
1243189299576799234
1243316230326554624
1243338791458197504
1236335251686739968
1238104102992822278
1238862315690373127
1240321925735313408
1241977814103932928
1245071068366123008
1233901319712313346
1237536903034884099
1237756409531510784
1237932520072548352
1238163063439835139
1238285833695891458
1238948851576385537
1239547597825564675
1240738432047026177
1241133486615998465
1242121512376664067
1242825475145138185
1243981674041552897
1244627819336011776
1244757560948858881
1244776423136641025
1235469715134222336
1238058811555889152
1238151539589611520
1239845925146763264
1240256827398520832
1240274083545329664
1240480769983819776
1242823417780453378
1236567951685242880
1238129747823075337
1238234579271589888
1238836340365701121
1240015624404979714
1240233592531423232
1240389135447310342
1240791066355191808
1241770696407166979
1242244711701712897
1235950823923781638
1237940223121567745
1240846942881624064
1242148526823481347
1242578309650800643
1243496627505152001
1243508065766424576
1235359467413417986
1237136873602121728
1237631467787661313
1238206702358540291
1238585936184848388
1238603487107317768
1239003186754617344
1239736004224978944
1240347933939204096
1240494399907196931
1240732686190284801
1240775697368354816
1242019355690512386
1242603534182383616
1242634670346567680
1243145675736563714
1235617332749193218
1238912005555261444
1239027579652276224
1239875282045153280
1243274839718313991
1235565831787966464
1238416767464148992
1238589582494642178
1240426070626664448
1240789581580185602
1242659976931246080
1243173110481911809
1243317044226846720
1243629813258043393
1245040715303968774
1237542863128285185
1239784257230430209
1240469921072582656
1241113551474954240
1241741399172829195
1242124282173501442
1242477025589211146
1243253508691853314
1243485424322064384
1243522908816838656
1237088271886401536
1237399733519384582
1238128887659405313
1240297302138540032
1242196352932741120
1242873662828621824
1242951694981320705
1234868287596400642
1237515562407718913
1238644473091051520
1239778772779438080
1240652148939112450
1241410242102980608
1241415358218752002
1242505464778305536
1244746278279372800
1235102691652562945
1237333076646207488
1238219635054518272
1238394885650223104
1238435717212262402
1238456663910141952
1240017406984060930
1240517527555338241
1240608391854243840
1240812178585915393
1241229559879655424
1241855081592610817
1242618311520722944
1243543749189402624
1244699964736823296
1238539711532204036
1238735773509320705
1239337551279919106
1240360734950928385
1240596783534833664
1241061948277403648
1242243658708963328
1244626990029844492
1237509747143659520
1240620095531110402
1242617342678519813
1242993709295247360
1243608779553415169
1243609406429966339
1244348960250236931
1244787548800483333
1238210663421542403
1240097139755229186
1243532047920115712
1244623460996755460
1239944914038915073
1240772537652580352
1241406941273845760
1241775918311337984
1242150110777180160
1242602283998855170
1243606649039769601
1238594605832187904
1239181065119563778
1239385458611646465
1240035495045820416
1240566107574018048
1240775056390639624
1242826060548517891
1243138506014240768
1244362071606583296
1238124990563827714
1238592630889553922
1241124589045981190
1242478669760774145
1242581585368678405
1243283891525468162
1243565825254187008
1243915928250781696
1243947020089425921
1241877320136261634
1242268408512741381
1243186781345939456
1243948517435084801
1239257359802867713
1241486727400865793
1242330707298582528
1242467836741681152
1243556670057267200
1244339181456932870
1235647452155228160
1237061481239384069
1237952348842004481
1238857419054149633
1240055024727871488
1240226991187558403
1241386889476628480
1241547776598708224
1241873528162414592
1242334834854432768
1242886989424349185
1243562375384576000
1243620984113987584
1244714162481217536
1237597884746313734
1238607672041242636
1238647406402600962
1239345158182690816
1240288075500019712
1241393056600985606
1242189478850187267
1242206179985678346
1242211870070669312
1242495841245581313
1236387826922598400
1237468265594617856
1237504901241917441
1238092891529998336
1239964366214057993
1240431295743905792
1240951662438572033
1241709905867935746
1242153179191693313
1243632463185883138
1237122027611357185
1238606949647880195
1239909139498897409
1240821233265946624
1240969864384217088
1242118912759586818
1243938195269697536
1238228774438797313
1239989283198386176
1240130941634437122
1241444721194483712
1244994417175470091
1234657945335599109
1237518082307805185
1237931075965464576
1238603409688793089
1238667179865841664
1239000499472470016
1239565948828475394
1242479408386117632
1243508013886996481
1237400486808039424
1238802253236113409
1239636732313833477
1240360009340465154
1240489656673808385
1240700813338542080
1241175427621814272
1242117338830376963
1242155645417054209
1242282590238732294
1243515841418756097
1234695818222813191
1238950559618682882
1238967248766660609
1240234759030276098
1240624063149756424
1241163998726422539
1241827951215357957
1242575689318047745
1237439736454807554
1238486396979068929
1239371872212377600
1240767197548556291
1244648537113198592
1244762413758636033
1245057937287958528
1237102628972224514
1238526246486671360
1238914287210553348
1240238544104255488
1240693321967648768
1242247198688985088
1243496929318895616
1244393470439182336
1244569040946966528
1244787770712895492
1235671335310774272
1237146618861735936
1238654428908933121
1239922373211668482
1241124610810114048
1243544127821791233
1243584984532815872
1244340354050072577
1237523154873888768
1238570779878531076
1238605150312263680
1240974728187256832
1242588717879103490
1246454257563418624
1246858429517271043
1247231600460529667
1248071925131145216
1248849419073511424
1249944396977582080
1253360233637969920
1254173567878434817
1255903030748348416
1255969019431014405
1245459826391515141
1246041449973657600
1248603389208002561
1248771935103864834
1249272108439474177
1249874628589129728
1250478406866571264
1250534061271105537
1250866014444814338
1252676197571493889
1253341783188070401
1254886633138200581
1245379268084994048
1246398134328098822
1246477292693409792
1247026937710559232
1247518704646213633
1250091445135892482
1250295302369632256
1250672460724305920
1255465342358487043
1255526313416409088
1255638974489600004
1255802071812435968
1246237189467332613
1246342429030170624
1249085583533789185
1249858819439513600
1250221728569135104
1250447646004838400
1252970897368969221
1253525891822559233
1245130484331556864
1245401580830109703
1247540108330336258
1247688213436620800
1251990768526348289
1252449486670004225
1245529224812933125
1246189913013473282
1247340039576719361
1248142536243318784
1248559991101014017
1249086908925390849
1249828092916400128
1250236093712269314
1250864258478477312
1251107313781551104
1251236690020229121
1252686591551733760
1253571970504863749
1255355852170629121
1255918897490014210
1245724458981249024
1246233167402426369
1247079556974067714
1247671012570927105
1250539309012185089
1250613344454815746
1252636250944741376
1253524654553251847
1245586510591582214
1246803235425353730
1248800211478040578
1248923993781960706
1249393655489716224
1250103054436683777
1252356036498829313
1252780329141706752
1245175301027418112
1245374912157622275
1249201264379994120
1249744961668616197
1250774168381149192
1250939352655462400
1251159425542324226
1253077512357179392
1246815710120009728
1247017600439238656
1247673147265957888
1248753642141896704
1250476964219142144
1253413337733271553
1245414975939784704
1246036941080006656
1246581855706480645
1247319584429858816
1250397512831324160
1255295229663547394
1255762574404128776
1246253128120291328
1246328940144271361
1247254304269963265
1247630227951386624
1247944405929152523
1252369169942634497
1253350435727052800
1253763042007035905
1253933361698992128
1246883016091119616
1247982023907725313
1249105934292586496
1249381446306926593
1249549104469983238
1249829564974370816
1250113221387669507
1251559455340232704
1252372739588935684
1255613493451075585
1246253799192367105
1247333504100122624
1250607500744896512
1251992890517012480
1252748733478912001
1253756860877996032
1254815738365435912
1255613623457607681
1255639213757943808
1255972653275414529
1245454959744667649
1247297199421001729
1247540418733993986
1247949992666566668
1249095255623753728
1249095255623753728
1249099064035049473
1249403721496383490
1250117495496851458
1251876846700019712
1253075166218854401
1253396854055862278
1253425627304095744
1255499492230598657
1255686244203474945
1245687442344214531
1248757739960098816
1249031030616600576
1251208810129170435
1253735649926017026
1253897588597800960
1254405831665336323
1247713948968894467
1251111726646464512
1251129517176995840
1253435463991300098
1253701874773118978
1246519176778350592
1247297044777021440
1252664671225753600
1255587455199256580
1255855693606858752
1249308660276346880
1250762568131641344
1255544820518486021
1255668942137249793
1245286710134464512
1247199047607291904
1248249307058393088
1248974084433530883
1249001649240018944
1250548988790673411
1250589369481781249
1252315658060087296
1252582860650803201
1252607696303513605
1253684021772652546
1246122711165927428
1246748307633864704
1247208704174407687
1250045710071762946
1250461705328615425
1250631683700858880
1251383912426729473
1253397159300534272
1254813367375745024
1255606156988473344
1245143090001661953
1245765649357402114
1246880212433985538
1247233385837322241
1247560519583703042
1248251417900363776
1248908471539576832
1248959647324631048
1249779059963224067
1251264662081089537
1252222729727557632
1252710131340632065
1245415248779038720
1246228998293803009
1248383482205622272
1249812688642940928
1251986007764819968
1253074102149152770
1253451128383168512
1255043302283493377
1255051970722836480
1255941088147386368
1245519954822287361
1248620812728328196
1249304668821499905
1251971330284584960
1252597839202521089
1253639919114883072
1255061009838084097
1245539873706192896
1247009554040266752
1250897787098558464
1246042369075494912
1251681811589201920
1254428703804649472
1246472482879496192
1246861312405241856
1249574807148138496
1251168570089836544
1252298991963955200
1253461173758046208
1254363968346390528
1248870973597790208
1250805990733213697
1251534436312788995
1254742090132717568
1245384366118887424
1245696325880070144
1246326624905318405
1247702125926404096
1247779819586088960
1248919075222405121
1250415320533090305
1250574519527448581
1250694174212587520
1252962522778435586
1253879534606340096
1246436669496197122
1247252265863458824
1248437811809845250
1249806661176283136
1250033242318700546
1251151676733403144
1251257477577965569
1252566537732489223
1252715806733021184
1252806052136902657
1253502244391014400
1254155608116178944
1255465733334667264
1245870586414284802
1246168104431828994
1249236441621835776
1250807756807905285
1250953428748156928
1253756862421438468
1254959887575969792
1245165788354375680
1247555737221464069
1247881365325926400
1248730549767847941
1249424860801110016
1250950316587089926
1251271880516001792
1251715097581498375
1251890830417317891
1252312630326370305
1247600028698529792
1248575585535827968
1250634399277707265
1250938186660003841
1251224095590543361
1251262803073269763
1251263438157824001
1252630926628130816
1253728413816406017
1253821612752867331
1247309866214912001
1247378567048003584
1247681407331246081
1249064800606289922
1249340626413346819
1249392879283339264
1250898596603375616
1252463654995402753
1254911406236991490
1247280989434511360
1248738755936047105
1249649962914328576
1249663409588588544
1250142534040530947
1250245151231840256
1250307879355084800
1250553866778624000
1250883379677007875
1250899311963058177
1251141543286566919
1253742263416619012
1254479248989061121
1245599363922931717
1246611333551992832
1247361342912118784
1253409785153642496
1253745544578637824
1254813027293151235
1254830016933662720
1245156317632688128
1245481821091106824
1246376968007774208
1248950870638759937
1249506118151389184
1249876004329246721
1250088086215766024
1253729554687913989
1253744771627016194
1253951248832909314
1254121030936821760
1254770256435806208
1255147856475811845
1247224008556392451
1249001259606118401
1249060765832826881
1250725107632390144
1250911403793362945
1247588541720387586
1247622923952816130
1249417243957608449
1249672924509978625
1251492526827200515
1251944089815265281
1252418834696253442
1254253532292583424
1245504365172887552
1246041019617021957
1248059027625398272
1248576143399190534
1249705758448590848
1250305377456893956
1250482563132665858
1251260752406687750
1253730422317613057
1255581523069239301
1255823300896477185
1247389578962644992
1248350725509275648
1249393375545098240
1250592233658748928
1250838647441629186
1252367097675440128
1253672772212944896
1254191198052519938
1246273968262254595
1246859850463748097
1246990567587762176
1247147042721476609
1248022470084485120
1248254473706733572
1249011128979480576
1251945493078265858
1252994984824930304
1255104657560666113
1246079394164158469
1247537615273771009
1248610759455543307
1248990983792009218
1249531463231369216
1251264110018297856
1252714705090678791
1253091542329372683
1246069019125460992
1246843731367661574
1247231204472086533
1247637211798999041
1249140175588003840
1251712620530331648
1251926563022610432
1252315942215958530
1253820112899112964
1253862757386108932
1254048594417647616
1249695460509528064
1250617498556301318
1251236326910816256
1251945520039256064
1253468002093158400
1253865521436647434
1255405961625272320
1255535220360691712
1255623621067698176
1247282827277864962
1250505810859503616
1251179549708242944
1252624383144689664
1253075771922485248
1253262099498729479
1253496401566236672
1253720069319909376
1254019385276194816
1255582770144796672
1245398035343048706
1246476562888720384
1247129934767755266
1248662634095919105
1249382557633990663
1250564700645064705
1252682446866391040
1252819264894980096
1253383482665054208
1253427862591299585
1245362456676851713
1248343365168459776
1248407947589210117
1248845530962087936
1248849985313128448
1248899244825743361
1249017128684081152
1249031345453568005
1250603699510087680
1250754853602758657
1245514599266316288
1247618351934976001
1248267260055126019
1248688468055797764
1248810198107672578
1249371807741870080
1249788209162260480
1250055921608376326
1250211179529752576
1250607462396248064
1251264440604913665
1251286980756934663
1251969578759933952
1253714769774694401
1254093919522041859
1254423817218334720
1255316265394151426
1255833333671526400
1245375569321234433
1246562954406965248
1248335087101521920
1249537242990809088
1249736896076320768
1249923680051834885
1250123911850852353
1250312914323378183
1251258909194625025
1253821873055428608
1261723856181448705
1259946882786144268
1257501890713010177
1263481659627720705
1263831904970670081
1265508796102848522
1263985515658969093
1260577699669643265
1261025889308905477
1263073482537144320
1256312185988374528
1259147093882671106
1265400381724594176
1266141573416452098
1266498635061063681
1260958894790148098
1263402115621359618
1266542342883823617
1256832169449852928
1265013341904404481
1266156467171852288
1267268440831778819
1275185302869598208
1269686714878046209
1267964380592902147
1270174026560876545
1276299960149893120
1273782555641143296
1274154024246243329
1276628269299834881
1271180312974888962
1274039246131781632
1276476914002165760
1276667968370487296
1267274653980151809
1272995377621471233
1275239778502373376
1275140927145652226
1275485136776282113
1273292342200545283
1274342402971574273
1275100309501743105
1277970379474997253
1278048171223142400
1274392365525016584
1273969876932145153
1277719987919245317
1270401020137537536
1268967226239000577
1275527428064997376
1270205473069776896
1276931446872162304
1271446340359225347
1267398705100935168
1274129034541178881
1274723879114555392
1273810745562521601
1269057238259433475
1275548763101310979
1268295705572945920
1275213908035481601
1271572581066387456
1273414084604526593
1275961737401917440
1276310353370996737
1278001975939006465
1267449545690054657
1271412400604844033
1272362586634412033
1267238341453451264
1267471114994843653
1268623282913202176
1270060232505524225
1270313751510757377
1271216055919263745
1276353623044358144
1273406116878266369
1277619077146689536
1270350197319753728
1276237371009359872
1277810614241460224
1271627455451803648
1268351087171366912
1271215636325138432
1275870303550406658
1269398354565480455
1276328041019437058
1274456802969575426
1270522453169713152
1270544550814273536
1272515460605415425
1271797567723094016
1273062806384934913
1272623663527804929
1273704537396776960
1274821233029177345
1275372670838804481
1275347693737402368
1275865353508270080
1275060480394973185
1277296614865014784
1276508828075470850
1272539615618936832
1268323971352735745
1274064765200093185
1277721199519432706
1273694194322866176
1274448989472133120
1276461059155484672
1276713119218380801
1275181211347009539
1275513058396274689
1274203693123014659
1272522293680504832
1273957648094945280
1274170507156389888
1274330047231307779
1269015715098644486
1274383125460770817
1268610405787549697
1271254615078699015
1268236002021330946
1275290320499019777
1276694988093394945
1270705097685827584
1273031250958319617
1275611302950551554
1276329533285691393
1270777753739104257
1274095404196323330
1271177907856171008
1272394446538063872
1272891631948226567
1277640650637238272
1268500551177814018
1275498984409366528
1277392123407597573
1271125042097684482
1270048988411150341
1272909705438953476
1273333156964446211
1277972907252043776
1274088333019398145
1281084477591056384
1288208621692575744
1285436387391614979
1282719761860894721
1283495160266076162
1281211666290573312
1278368498612187136
1284467169103941634
1279062610344902657
1280167186661851136
1282451594823503872
1279500894405562368
1286346335722102788
1283767110859198465
1280707737542955008
1280907717650022402
1286854387977969664
1284086753939402753
1288587921075904514
1284033868023107584
1282974056984113154
1283624400638672896
1288005027483865088
1278183355108913153
1280979730708168707
1286780238815547393
1281317463473434624
1284511332994363397
1282900136293740544
1283205340633288704
1282777900450807816
1279396333741195265
1283041424381038592
1284160450398228480
1284362262053093377
1284591333060026369
1284255967622897666
1285598672567312384
1288095503490650113
1280896099960737795
1284663297476718592
1281995813653303296
1279146273266896896
1284563500174413824
1286362821727412224
1286894868501938178
1287519549374566401
1287727832106491904
1278394199566692353
1278400807327522817
1280873139052793856
1286743167216345089
1278783502230720513
1279029624480071680
1285966539452293120
1280677257435131904
1284569357876633604
1280188356794728448
1283255623589654528
1278803515054239744
1283851409746735106
1281505966903693312
1287024803849875456
1286196102748876800
1288225880569978880
1283402209150066688
1283514448234209281
1283879081080168449
1282410217565650944
1283928169750331395
1286679121897062400
1289300859721928704
1281132226483294208
1281415359204069378
1283946146512199681
1286669040170274816
1280577323926990848
1278116391573479424
1278718825995722753
1283748661311176704
1284738954332258305
1287289873091776513
1287470251517583360
1278823363155308544
1282698333161586688
1280940867541442563
1281323821966880768
1284267493394178048
1280821503752273920
1281064681566662661
1284220095741526021
1278811161253892098
1284160496338382850
1286085401413853186
1278805557651148800
1278873605158383617
1283090823379378176
1281283015583334401
1278889703807152128
1281317990802341888
1283505373832531974
1284571162987634694
1288184568894369793
1288736783577026560
1287857778510495752
1282830312419008513
1288447841451618304
1279430194944708609
1280605088038309888
1286650823594967040
1281201954685882369
1287830958901690370
1287895755265470464
1283559191102160896
1287996219709685762
1281233216616136704
1281343862343184385
1287951111710822405
1283112301709668352
1283425257949409280
1283612863395958784
1288286752923430912
1280620869216321537
1286941123299160066
1283464395201249280
1279028380017602561
1280124822257840128
1280485487636099072
1280601944529104896
1284104030537437189
1286025830645211138
1286152514467844098
1287451737851408385
1280578568620314624
1286649050926927873
1282722916791201793
1286739495833018375
1280950857530355713
1281302517373177858
1280958190646169607
1280351628814622721
1283442570450931713
1283536850011881472
1278841326008705024
1279212040259801093
1280257910937915393
1283943263188275200
1287105485494157313
1287498232503971841
1284312269917044738
1284906017629716480
1289277841348030464
1280330048747245570
1282067476239527937
1287920466951372800
1279117121235058693
1280469916190113793
1286120591620222977
1287890181068951552
1283386588949553152
1280812691494404096
1288143065241116674
1280504532817018881
1281441094861905920
1281738586509897728
1283440477505761286
1286737521079132165
1278677862065803267
1278705909384966144
1278844812171542530
1282400951983149056
1284009954907688960
1283010589476913153
1283209086129934337
1284015780535787520
1288293247161335809
1283460871474249733
1282681220388868096
1288547831364628480
1288738428683780098
1282682457704325122
1287052297520984064
1279271031086157824
1288119877983588354
1282708651120250886
1284569508632551424
1278971111049396224
1281658670053457920
1281998272673046532
1285945799734693891
1288309228952748038
1288495581703397380
1281366176061198337
1282454979324915718
1284664450906234881
1278481965151387648
1281726935652012033
1289202696218480640
1283185979705221124
1286399439406600197
1278368750278975489
1280805548623949825
1284600923772219392
1280028612503252993
1284160917467521024
1285699334072233984
1283855587743109120
1286670952114388992
1280141334414671872
1281584749635665920
1283826722568273920
1286138517874266112
1281730683350786053
1287080931946147842
1278206074173247488
1281625841139453952
1282748316665688066
1278715489158664194
1281660791041806338
1283104003321212928
1283340141344493576
1285587843402866689
1285901482966110209
1287893083506573313
1278809693230678017
1281455988684607490
1284907963786895362
1279594331393986561
1284286875730051085
1281343814960066568
1281623035209023488
1280833906313498624
1287323204655210497
1288085602059997185
1285575917004378114
1279111947384954880
1281204619847372802
1286489692456681473
1282794374334644225
1278547224637648898
1285893829590228992
1278482688517607424
1280962503913037825
1291748333812318210
1294741931654815744
1290790529664520193
1292100681067900929
1290756067765428224
1292877799917854721
1299046740272844802
1292350545189986304
1298067743581839360
1289710967845085184
1296520445353697280
1296885052312182785
1292470292963561473
1292602661963829248
1300545010321022976
1292907468767584256
1289615736801914880
1291151657963868162
1297693695551176707
1290977906219417601
1293589539513077761
1296464800181104642
1293811108059455488
1296184950421585923
1298777566640308229
1294467738916790273
1298004964527267843
1293268437767266304
1290409011599118337
1296481641314095106
1291544092116221952
1294416761362817026
1289570100815826944
1291820110601232386
1295437833394503681
1291411934567436289
1295492667447504897
1290435737717035017
1296134890879156224
1300480206575083521
1298705486271975424
1296109690024349696
1294248281665658880
1291764447061647361
1292233923897040898
1299361375991414786
1294382695410278401
1299248930283282433
1289378851970142208
1300470934667776007
1291183482526261248
1291401761773834240
1291145237793067008
1292286474331680768
1292172046374297600
1299753337890504704
1290750641682472960
1290733587755667456
1298355992955150343
1299143377036947458
1289323782771838976
1290692076405956608
1299016166904655872
1296573724133646337
1290320331408846849
1295738231921823745
1292975373932732430
1292762930505748480
1291529054357790720
1292152475907248130
1290719855679696897
1298110336768253952
1298671626884718599
1293925224413573120
1290760353693995012
1298708070089007105
1290288039462199297
1299110701043154946
1290385198773751808
1291550017493200896
1292003161708867584
1296557001045155840
1291499300510486528
1293982340075540480
1289825802012434433
1293913664609632267
1294240257005805568
1291016413197541376
1296474507859890176
1293911297378021378
1299405909030887425
1290267834300456961
1291867345930072067
1292465847932518402
1293925277513506816
1296465838191579136
1292460223395794944
1299122745243054081
1298035434858086401
1291140387441123328
1299018851871608832
1291198565956681729
1290115984917843969
1291394790303703048
1292475730584993794
1298054804179222529
1299860253144739843
1292124830905651201
1295383649060364291
1297139473969553414
1295522967087198208
1290405740029644804
1290431224633339905
1290807730517811200
1295881932111323136
1291229132232077313
1291497186031796225
1290695876567011334
1300497164141883393
1292091668326481921
1292828453918707713
1292875585291722752
1295094840619724800
1299391084250804226
1298691644791885825
1293535904808738816
1294696594395107328
1294758903675117569
1293951419440136192
1311116738176708610
1300613716170412033
1303838095071088640
1306994434676932611
1304534755585609728
1304165590509199360
1301972024055668736
1309253805544857600
1310355877673734145
1304945125748072448
1306772693966974976
1310338428370931713
1308391810037886976
1304412679541370880
1309266304591953920
1307169244849659906
1301557927497662464
1301262926637133824
1306382754137796609
1304138900928167943
1306333897811136512
1305986014926700544
1302722733147648001
1300646180678852608
1301887324280815617
1301997273749094400
1302001384276008962
1305885070192975878
1303492614444867585
1311022036039294976
1303499059815120896
1303727808783548418
1304542507456491522
1308119549762506753
1309130555938746368
1304616981455343616
1311397550382026754
1306669652920201216
1303461905881796629
1304541190440849410
1305596090759155718
1306488589027627009
1305485635222896640
1306234519918383104
1308663956404350976
1310251378825076738
1308856298788786178
1300799607048462344
1303832891659558913
1303467297617506305
1306531006418214913
1308431759705604096
1308599477096374279
1303849430639161344
1306368328903077890
1309543365566963715
1303650129203752962
1308774758499180547
1303901007743602690
1310235202426339328
1303315703295021059
1305718232054034433
1307170977088966656
1308692785973919746
1300888466599956486
1306383693649412096
1304796381987483649
1301648803146002432
1309827570943381504
1301419460096675840
1308345433945763841
1309246305491996672
1304540573878157313
1303453259127050240
1308537594876227591
1310798557050531840
1304476062773063682
1301766951937757184
1304024628344561666
1308565933066125312
1308567999125663744
1306531756192006144
1308569211275419648
1306190238885306368
1310903960677625856
1310992420046331907
1310671759889240064
1311005040711262210
1308424145101873154
1305291878590545920
1302257624386338816
1302645813823275008
1306178415788261378
1308558259490615296
1301157940741599232
1308096184729456642
1308566211416875009
1309619255260766210
1306028597694656514
1302695025600389120
1304155717109248000
1304521359767359493
1305145568679821317
1304862838150709248
1306731439224807424
1306004562151604225
1308211281955033094
1308439860957589506
1306599738058272769
1303601603421917184
1304261013165035520
1308945933585932289
1300870934069473281
1317270362036572163
1313661511550693376
1316040660345004034
1320282170103984130
1313625771869646850
1321044640028598272
1313269005004800002
1313280853297033217
1322138826979069952
1312781670584549381
1315325861709537281
1318878689795444736
1312548594914713600
1315965447737614336
1314862464203358208
1320333399303671809
1313977334274293761
1322295656720011265
1318972066666774531
1321962206930608132
1320107129206759424
1320043656779386880
1313572072199684097
1313969998428209153
1321934218369421314
1313438463539240960
1317323214134140928
1313690766464622592
1313620164101857280
1314680251809624065
1316134708061843456
1321893428737835008
1322277761193529345
1313430787220480001
1311740562844852227
1318924871590699008
1320353687647227905
1317559911581159427
1312984001431433216
1315766792132980740
1316774851147976704
1318522789595402241
1316931084786028550
1322438935725834242
1317218155496763392
1313639562762162176
1316830908016586752
1316097449769926656
1318992580651220994
1313902395953491969
1314192471035961344
1314237821490585600
1314052708270309376
1314701354217078785
1317601286569689090
1312202069936205830
1318666379164352514
1318883166829092867
1320103008525381632
1313156752033091590
1318619851598999552
1318540810804203522
1319751856235708417
1322575976207962112
1321450189727649792
1314029255538475015
1320074820474839040
1320845033516486670
1317880803817345024
1320829124085075968
1313627516607885312
1314583306311135232
1318716344137895936
1319433691760893954
1317538971023454210
1319802488514437120
1313525330288824320
1316438266611200003
1320238660806115328
1312671328671944704
1321136558188253185
1322596318594785280
1321441512186646529
1320411400942931969
1319086644138487808
1314173756990947328
1317200021586997248
1312116023777062913
1316237005202894854
1320331809616519169
1322197051183190017
1322144038393417728
1314336010147307522
1319424011303084032
1321879377475473410
1321940677576609794
1320921253599850497
1312722159425519616
1313870841923289089
1322017710146953217
1312609672378097664
1314020461953589249
1313566623828238338
1316176391075921922
1320155361051963392
1311941251307122688
1321403613747490817
1322404051837997057
1313654947448193025
1318397501544693761
1314241948719427584
1319367886411091970
1321413210596147200
1319528994702807042
1314236956549812232
1318940965894115331
1320707493471965184
1311707215137472512
1318874676702183424
1319737913815388160
1321422814126243843
1320844433332592642
1320081974413922306
1320092911740964864
1322577845747679233
1313225282942308355
1315092350536830976
1331602667890610177
1324909538580045825
1326964833007308808
1325982555867385856
1331581062833696768
1328533615957819393
1330328146831437824
1330333974808436743
1332335228615012352
1325876380865875974
1326427676874248193
1332464585337675776
1331274966906544130
1327642110640738304
1329431043024314370
1322704708604207105
1325038624073723904
1323525327554023425
1331778571975749632
1332033535427760130
1323870641095876608
1328922436327395329
1333329341221105674
1333397647802163203
1324356508595982337
1329946651788681219
1327385345546137606
1328387811863535616
1329206290049101830
1330175933421121541
1333067612461252608
1329538499909996546
1331984888808038402
1329215697868759041
1329076925940203529
1332486158778048513
1324869029744488448
1329490080864509954
1332037306820161537
1332754308958392323
1322893891868205063
1327333973555621889
1328170084372627456
1329128976451657729
1329942434512576512
1331628093774180354
1329227236394713089
1322913466433310721
1328836222236712961
1331620613589495810
1333527874373115914
1329060659611496448
1331301411997495297
1333541631711211521
1332551738230882304
1329725695891828736
1331279328999583748
1327491146852003841
1330311438834020354
1329930341205880833
1330325435226394629
1332918261663469569
1329216654186864640
1325071253460447232
1322872432714305536
1329490760320700417
1326341773346672641
1327317346118144000
1328487881262968842
1339040202711568384
1334643843950542848
1334971906148229126
1338892070421995520
1336427708352507904
1336022046644514818
1340466159192317954
1336651755556401152
1337377338162442241
1343921876289073155
1343436008914825216
1343682614520139785
1344051843010326530
1344433433888452608
1341243640526606337
1334646264563200007
1336442670948872192
1339607178295042048
1340858175080247297
1333967231915491328
1340791154816688128
1336389645958062081
1334489770907627520
1340681477948911617
1334891105217880066
1338849897332830209
1337373308766052356
1333859035678871554
1336734044223102976
1336492194543271937
1336643187390246913
1339683782560014342
1341447584359931904
1334634797357031427
1335086544869228544
1335663874033426432
1341130800268505090
1336065393048358918
1342433677842722818
1338612243655700486
1342261036095852547
1342478774705811461
1340185052710281216
1337105402056462336
1338795432160370689
1334629786812080129
1343747526785200134
1334530208179765248
1337090839156318209
1334963815335813128
1334877811153063936
1334175604963299328
1340908159116820488
1344043862755426305
1338934751697260545
1334254629849362432
1337093322784071680
1339268668602068996
1336914805609807873
1337775478552350723
1338172794840829958
1341114386694418432
1341110383914848257
1342305327929323520
1339556366374084609
1334839945509433352
1335210008418676736
1334130209327603714
1333926572353523718
1344090720823631872
1339965803320516610
1338868419764973570
1343894218352242688
1336892231639126016
1340450703152656385
1341326188602650624
1261723856181448705
1259946882786144268
1257501890713010177
1263481659627720705
1263831904970670081
1265508796102848522
1263985515658969093
1260577699669643265
1261025889308905477
1263073482537144320
1256312185988374528
1259147093882671106
1265400381724594176
1266141573416452098
1266498635061063681
1260958894790148098
1263402115621359618
1266542342883823617
1256832169449852928
1265013341904404481
1266156467171852288
1262822369535590405
1257349281519984642
1257429006313558023
1260654268958126081
1261089257961242625
1262342264413663234
1259235395117608961
1259279138986225664
1260597542942695425
1266075522074886145
1260313802744061952
1257812319536648194
1261475984374562816
1257138377092145153
1259606777039028228
1261048556665942017
1265760764700364803
1256670298650431489
1257421250957389831
1258257419106279425
1262518337042444288
1263714721808576512
1260974835917656064
1261488931822088193
1262475559143178240
1264609606782894081
1257423399745400834
1262406751753666562
1256599327721394176
1260728417789505537
1263901207552237572
1265353866582921216
1257041549097152512
1258400289654267904
1259649755719667717
1258868969576022018
1261458409905414150
1262912383514669058
1263709611657289729
1259538115158556673
1263257475718868992
1265268865141014530
1256368367507779586
1258380265119977472
1261665944117694465
1264216098997784576
1266458921339781120
1257432566795325447
1258002841605636097
1257454587193286659
1260309759158374405
1263493910145511424
1258941470544977922
1264023354190761985
1261233932110094336
1262081089226629122
1258430484469542913
1261470571612614657
1256327535945711623
1265139839684407300
1265441351690313728
1256131411528073217
1265023008198066177
1265283141620707328
1258124374932025344
1257711794455547905
1265450216859238405
1260239261279948800
1260912905379332098
1265427334741422080
1266098733344833536
1256222128740937729
1257804780862353413
1261761509530546176
1264614155245387776
1265289826967916544
1256552112416317441
1261024591117418497
1263516718791565312
1263923600844713984
1256637364341837824
1261005329938120704
1263046809854676992
1258803982019047425
1257843520448024576
1258908362479001600
1263325090449686528
1265019295630790657
1265456652523732993
1257290443890491392
1263990550325268480
1265023330500800512
1264455614752686081
1259834204789112833
1256725009155993600
1258782176851591168
1261042490615963655
1261443198523633664
1256437020768886784
1256610395609063424
1257441585014476803
1257784410641805312
1261306610191908870
1262156335035998209
1265008815688294406
1265137864427347977
1256552683672043522
1256060530747478019
1256651453663285250
1259226571740794882
1258525571673231362
1261426633422057476
1263815435272826882
1257290539721990146
1256326242468376576
1262021925087346689
1265834867834720256
1258000288608288770
1261053444619730952
1256461899765387266
1257299624630468609
1257340556822355969
1263137823223250944
1265287057607254022
1263500420732854273
1263565549872676864
1256861049560666112
1259839858698117120
1260326302923489289
1265782801569177600
1257400170989391873
1256395741150564353
1260404533659721728
1262528227190415365
1256326883261550595
1262439869986594818
1264147765409583105
1266055638217621504
1266755838179520513
1263444477110300673
1265505848824127489
1257747031105449985
1264269366696148993
1260984790443978754
1264214802991177728
1256611179956523009
1257099082360741888
1263922582299934721
1257746889971126273
1259867927077163009
1261687859410546688
1263267112556118020
1256367786043080709
1259100948145876992
1264989277232009225
1265309468281262081
1257725694576033795
1266218275211554821
1261427656412655616
1257478390778650624
1258819208713994242
1261508516394815488
1263514752682283008
1265690901038407680
1261404879349706753
1262021363268751366
1259169780860424194
1265648252826894336
1257267911938519041
1263634447213174786
1263873762581151744
1266813598703194114
1258087509038452737
1266738100438544389
1262051355809603584
1256057741535326208
1258032352724267009
1262237796812550145
1258841854998712320
1260250720143581185
1261288789122539526
1259810804758654977
1260403996763623425
1264315185671610373
1257676440881037312
1261009402670317568
1256323774724468738
1257710877492473856
1257577981930692609
1260263470706065409
1261763991442841600
1266051623870029825
1259230655214485509
1267157925140848642
1257627382053326849
1263195156662157313
1266136624683003905
1266186264262381577
1256298473613414402
1263565046505857024
1256656217281384448
1257458089625882626
1257425344442896392
1260621578712182785
1260959031163850752
1261476028360413184
1256245486970945537
1257510975609229318
1259196859232464907
1264153856231051265
1265251336473522177
1257658691337310208
1258169640699781120
1256648861570854912
1258856305063837699
1261377403726761984
1256294946182770688
1263598407563636737
1263726900553416704
1266213514672246791
1261049504507113472
1260260959937089540
1260963462836097025
1263467973576134656
1259915163215507457
1256256191916843013
1262812767179935745
1257653031006593025
1265155705264168960
1261195294173278208
1263429341276446721
1265019120132567044
1257630985447002113
1264291952419385351
1256589130751868934
1262383891203207169
1259356066694955009
1260286220728492034
1263088270264676352
1266401415301218304
1264203453192179712
1257799522744274944
1257853974440542208
1261074405934981121
1265343032984887296
1257541682096046085
1257717607383412744
1258497110975983616
1260980604516130817
1256821922748223489
1260344584455852032
1259605101142052864
1264647357200838657
1265836385870774273
