1182023712545103872
1180137959321939968
1186475726238670849
1183829297271922689
1180039773181956096
1181744978076282882
1181693237569957896
1179811838948757504
1183757253561798657
1180269501516013570
1183865035367550982
1186780123980275713
1183839975261069312
1180476139015479306
1186772914038816769
1184971037429157889
1188911393946255360
1184552408304631809
1187483816379797504
1179548778606366720
1184055235364511744
1181692735809556480
1185073813534511104
1183720262778273792
1187472293779214336
1186415673183887360
1191761539990048768
1190625179984158721
1190731940187426816
1191803348883783681
1194671912967954434
