1183202949503291392
1194370819872432128
1205852439645212672
1201922297529094146
1214217214531948551
1233375813673930753
1240289280787763202
1243595363115847681
1243926358721527809
1241478395357065216
1242500526090133504
1235411567123939329
1237441129240580096
1245061425673826304
1240296868636229632
1243942007896072192
1244704209402019840
1238120899309711363
1234697472473288706
1242501407086960642
1236337973798612992
1240661479147352065
1252645217775296512
1245868841789353984
1248654744626663425
1255543654091022338
1255925822294089729
1245420290324205569
1254064276899323905
1251683772422029312
1245724490614673410
1248669420513353728
1245719159671066624
1247586551393144839
1247984177133301762
1251617961963433984
1253574790683688960
1254828594045554689
1272646684980531201
1267808116986478592
1277750035887906818
1273328922629996547
1285228228253286410
1289293542536278016
1288226883990097922
1288946696156717057
1288192261977706497
1290488917267869697
1296148769801674753
1294024768304406529
1293637761639972864
1293262572775325696
1293563462812160001
1308145523652734976
1307038139287040004
1303809867401039880
1320813986850324480
1314977873262972929
1319726772942942209
1319658682616057857
1328967265040134149
1337854236055506945
1334408439146164224
1334508146136506369
1334237772920578054
1334201949382696960
1334192546520719360
1339068340245950464
1262610311980486657
1256266584320028672
1257403169400905731
1259704271911612421
1256375819968094210
1260372245265944576
1258051524896358406
1261658106251161601
1262780019652337664
