1179060406939074560
1180259907955654656
1181326115845001216
1192924403127865344
1192923889476632578
1198332275475152896
1192188923184697345
1192938869068451840
1216896943906967552
1222340755097882624
1222346879293243392
1217200980250390528
1222679628411654145
1226182561388347392
1233423004115382279
1225879712733552641
1227120567112757249
1233505959349280771
1226285201833152512
1233138897359523843
1236497231512887296
1235961350855090177
1244423279118442496
1238867005232443392
1241185456814878720
1242205301773717504
1237868191319126017
1234665097928179714
1241888832967962624
1237502182594760704
1242278450452467712
1241868783314038785
1241752052708937730
1242440027604422656
1239262729619169280
1240382284970078208
1240876502935195648
1237434105408573441
1239934405176512518
1236525779439120384
1235336994764533762
1240746283783970816
1239724943576727553
1241044129704017921
1241185892368134144
1237867365083185154
1239266181023813632
1235377292135682049
1238565837541269505
1249078394500681728
1250507179393605634
1251269314381938688
1255943063328878592
1252353336411471880
1250562002583293953
1251269207288737792
1250921191314911232
1249789442300112896
1247999858595618818
1249523316689211392
1248323679848550400
1248337223247753216
1250197363525701632
1253345606858399744
1246872491861016576
1250075808384921602
1253053180188880896
1250241240047554560
1253554476054491138
1248626319836868610
1252265759352303617
1251173277382279168
1252001946455531520
1263656784377479168
1276277467204870144
1270545097390583808
1272639170930827264
1272610057381834753
1268197663750582273
1276346153823465475
1271449574742212608
1281781091095810048
1285581980579450880
1287860483727360000
1287859481213169664
1285582628377092096
1287895964489936896
1280385728061403136
1285743394870853632
1279193385811640320
1298079340832256000
1297598691935571968
1297598908370018305
1298059125671079936
1297299542304407552
1292919129742041089
1297954077934907392
1293732623152340992
1293470850205679617
1302099983865270273
1303896061820379139
1304467791727136768
1304650855103082498
1306443059844976641
1304538891970641920
1300663061477425154
1304189632129581056
1304238849602719744
1304606890039541760
1301177845171892224
1304538205799067648
1304586356694249472
1304073089328664578
1306655610406989825
1303770046464843776
1304118890528612352
1317655810156032000
1315423391336337409
1316480911165124608
1315698318501003264
1315671055642443776
1313591856727388160
1313656189620682754
1315754154673856512
1321202002555068417
1313253001402880002
1316066147976974336
1313862320192282625
1314292571225505793
1316067074901381121
1321114173216976896
1312893638372806658
1313859447735771137
1327758600865939456
1323403113961676800
1329574990350479361
1323376144553439232
1337126051307286528
1263656784377479168
1259602223954145280
1256599250135248897
1257761993190109184
1264215122026741761
1263560809268928513
1256030749309857792
1263702998779228160
1262974519855046656
1259975256527106055
1259602776490774528
1259957995951144960
1260229507325161472
1256324085438533633
1263631774627663872
1262562958153904129
1260080519481397248
1256958977281101826
1259626324274016257
1263657365204697095
