1184466412263399424
1195477248494723072
1223010979681882112
1228108887791935488
1236120347566620672
1242950705096392705
1236107584890974209
1238642104433328130
1235494360851963905
1236022289885548544
1236049399119253513
1243628024916062209
1238568274172018695
1240727722042810378
1240465642064617473
1242493539558227969
1253472821063319554
1252568599757303809
1245428353194213376
1249892194338705409
1248330948560723969
1245120812207820803
1247509431228628994
1252318121081352192
1255881643392466945
1265002267142500358
1276572019635691520
1277994609306632192
1276173367658364928
1276160720657215488
1270780754608472069
1275446701302538240
1278023861272031232
1280213389252452352
1278390991049969664
1278431369266450433
1286326573499658245
1304576361592492032
1311695737739186177
1316171236691542017
1316171236691542017
1341846244596076547
1344332787466313729
1265002267142500358
1262389981076570112
1257714312875069442
1263512309932142592
1256966622427963394
1266755733326094338
1263481380505300993
1263502278822109187
