1178798896736137216
1184145673853251584
1186591561733115904
1186129269279219712
1181168308508225537
1184747084148170754
1182617616289943555
1182419140776091648
1179492611733671936
1186756070531686400
1191659576778579968
1197074689484410880
1196210949293670401
1199804196008157185
1191811377578401797
1200491868703907840
1199425965081808896
1191549924153802752
1190222030651547649
1194619575486341120
1194249006236471296
1194299878299430912
1211445641794113536
1205264381992263681
1207005968610910208
1208554883638579200
1207420340684480512
1209428961832292352
1210712634426834946
1202791854908928001
1209789991066296321
1210009785573097472
1205433766660886528
1206743603671748609
1206852194508529664
1214928256350093312
1220810798349467648
1221292053113425921
1220147636084396033
1217519587895336961
1213199991549747200
1215310057803354113
1220471337006727168
1222888741951299595
1222529768081330177
1212753153159942144
1219409388726669313
1231353593384423424
1229547719414280193
1233165112564826112
1233178163254976512
1233507791190609926
1227644948796719104
1233194812704264192
1228019899395538944
1228493313457549312
1233133118669778944
1233541729451724800
1227293635776925696
1232757248855658496
1233125273077346304
1243591285182615552
1236930307414052864
1234593416480083969
1242273796633112581
1243887339312685060
1239498199074770945
1241143262770954240
1242453476577181701
1235361856979640322
1237230016968024066
1241561224719896576
1235353547140554752
1242568897750011907
1239606712363036676
1244018755253882881
1242256996188827648
1242566246803128320
1244799927596826625
1238100638325706753
1236482380275171328
1239147745455169536
1234888695678984192
1239193272011993089
1236652539912704001
1234832420454535169
1235163371512586240
1236590573005373444
1237529142582587392
1239447844378955776
1241671678263885824
1237423153485250560
1238609561063501824
1243174989978693633
1244974893759778824
1240257316206698496
1240635780638412801
1237004506107228161
1242015600530141184
1240921673756336129
1243402259582480385
1235402169878073345
1237279555586580480
1239320263814070272
1237153502196928513
1234781809193316352
1234936983371141120
1238486002697633792
1240689304168312834
1244148373956911104
1234861093312442377
1239695741448105985
1241184320535945216
1242392015410728962
1244197191159148544
1236096289831407617
1234861096898629639
1238271245298221058
1244309195446308864
1240017445277954048
1244100929688723457
1244815330561511424
1239779870843928577
1249410286412496898
1252802328287154176
1255658187950358528
1248175540873248768
1246007871470362625
1248597803296649219
1250200862066008070
1247233302076874760
1254472582004273154
1247983148505255936
1252996319041314818
1253051230861082628
1253324706620469248
1254403925878247426
1255609592723226630
1248271279968276481
1249333679043706882
1249400132493139968
1251202770553667584
1253292932955688960
1248545665845616642
1249705420974743552
1248007266415992832
1248616304719712257
1254100624775364610
1248626483272101891
1247973570782720001
1247656420931014657
1250800137531584514
1248279495808823296
1255536951588864000
1246709646779248642
1248682984594501632
1253138641003573248
1255226542407417863
1245516482412343296
1246911187716960256
1249726531359911939
1250875147147493379
1246747520732200961
1249432239235981313
1253692313739464709
1254528676407975942
1255576892972740608
1246812486101168128
1261736610342686720
1275131244091551745
1271211548359290880
1273083219047411712
1277756428879630338
1271604467440537603
1267287473832333312
1277734700316950528
1270607768198639616
1269841775427903489
1276313245041688578
1267526344943890432
1275262242515189761
1272329792973606912
1277373789538447361
1273886934683709440
1277775163975708674
1277775193344053248
1276503807094976512
1285603459102801920
1280878704361701378
1280607619829415940
1278164515763322882
1288890760671170561
1278090373303156736
1288957607844159490
1289166974296055809
1280478661385138177
1286456249903538176
1288161873242750982
1288830776839208960
1280930792554692609
1285040075986755584
1288096821806497792
1279233734391336961
1288323628443086855
1282303097302249474
1287974993872076801
1278553824240611328
1289020777665183744
1281217619811536897
1286338352200011777
1287734452500590592
1280856102540730368
1285520248419033088
1282424964700876803
1279943862417489920
1279490512840388610
1286486978691649536
1282364433004728320
1288828492940017664
1281283873155022848
1282416465446985729
1287049449575976961
1288494886950379520
1281001666578284545
1288578600568905728
1287962017836359680
1281218131655036928
1280694879769604098
1279927567550644227
1288121354663784448
1288104463866134528
1281781387490549762
1288420497366159361
1288119279594770433
1289125198906744832
1288286174176518144
1278744724971626498
1280764580323450894
1297378375795843073
1290618532183461890
1295383649089728512
1291238359722057729
1297963418692067328
1292324238955704321
1293294205545177088
1292839000957284354
1289615796327440384
1291337563404369921
1297019921012948993
1289614370696306689
1294132282790273024
1291297900039831557
1293298704749867009
1294249414404448257
1295544512270364673
1296390409736736768
1289939689630101504
1289768628808687618
1292991526499360768
1291913618980626432
1295656182124875777
1298738917936525313
1290006239833755649
1291502465318297600
1291157209532059648
1297020095160446978
1297242524000477189
1296070579494117378
1300214439560572931
1294969414714974208
1293441809067028480
1293531198308995073
1290379478154108928
1289972511145254914
1292455839882780672
1289950658049617920
1296490953721733128
1298723410923540480
1296729227186671618
1295358086106869760
1289980531099066368
1292982765932052480
1290187184075468800
1298617315299270657
1294257100202242053
1294328264610127873
1296301262816686081
1297535785185316864
1303793870405337100
1301516800392265729
1301977201764495360
1305124114642817024
1303134905811873792
1303683254411694083
1306325576240697344
1306357058762166272
1309274627487621120
1303325164101279744
1308164072026718209
1304153852879409153
1306389937022001152
1301083846507524097
1303823554509549568
1305187490903408641
1309560799661305856
1303063736790388737
1300909702956511233
1306386092816506880
1308071885574299648
1306224146704027651
1306970472156807168
1310642180000686080
1306827563419840512
1306984903389532160
1309070815342858240
1310317986842992641
1306425671934193665
1312889586314428416
1322146462214418433
1321771606230773760
1317195382816874496
1314250168879833090
1322139789571883008
1316252607636279296
1322063759448354818
1316848189987860481
1314096483315011584
1317276054218682368
1316321793045491713
1319940729184133120
1321141753148133381
1320009984508260352
1317612189998583808
1318641709622849538
1319820012408942592
1322206337267281920
1313190418096386048
1322051453331013633
1318682574806339585
1321951906810327040
1317672901412155392
1319944617597505538
1322126816606326784
1318498537638891521
1316070176933113862
1319530500210438144
1320382178824343554
1322181158017200128
1322053629667397632
1316339684562202630
1317258481657810944
1319535325446811649
1312163931717160960
1319146575239761920
1314322336556826624
1316251000630513664
1328028614332444675
1332557750593732609
1332544615870763015
1324856223389249556
1329192806699687937
1323514963462246400
1332584617333776385
1331333579150802946
1327268475451092992
1325903734585454597
1326621332109455367
1330001738389102598
1330510108447617024
1329301180917248005
1329335355946921984
1326945052665524224
1329167138762809345
1328231784748867584
1326980162856968193
1328747047294537731
1326121862829543424
1328217944556335104
1329497829811712002
1324140332351631361
1327044611102158848
1332790842268946434
1332521976858984448
1329843575413235713
1332417687197106177
1323768463567908864
1328628183764111360
1327255791884234753
1328492713109557248
1326919295440449536
1324687078479826948
1324877810276720640
1327761504221810688
1326999771140165632
1328151282205425664
1328499464479260672
1340598010309447680
1340860336723771392
1342458900197470208
1334351223747719168
1342596727522484224
1337155133671501824
1343118548915261441
1343712693941751808
1337191817050251270
1337665670801022978
1339237494039175170
1338045165408145410
1339757693368602626
1333872358071836672
1336104531805884416
1341013997747806209
1336034948009009153
1338354856642314241
1339865339136364544
1339912227776770049
1343190446441459717
1334241509110132740
1335916820478517250
1340016190039592960
1340427847752699904
1335693360858685440
1338718925194932224
1336991948511522819
1341003722868969472
1339956570944245763
1340127982552313857
1336983452374056961
1341331523300073473
1341533156558704640
1340742081476767752
1343547927067705344
1343387596659945472
1341333704942215169
1335881249995464707
1333720425973465088
1340397799331012613
1339882697624350720
1336423622139805696
1339911710778544128
1340784609621987330
1343391476508749832
1338663122396037121
1341157637824471041
1339519501721747458
1344045577793806336
1336259477134213121
1342268931684196352
1336297411136851968
1261736610342686720
1259338935005638657
1266921888560713729
1260388956019068928
1263598535255048192
1265980277307904001
1259026014287491072
1263578804326240256
1265401549599064064
1260002621856681985
1265141150274338816
1261863514261479424
1266319078932615168
1266404687869292545
1260246352241455104
1261388322485620736
1266066911151915009
1265956987449139206
1257018506849202177
1263563695440883717
1261084351715893249
1261514071490228229
1258913059445149696
1265498043387908099
1262124815487397888
1262148974049361921
1266004856310915072
1264661061044539393
1257505537161232391
1257353359331405824
1263263549784088578
1265172178569289729
1257145802721394688
1256279582983901184
1263304426439102466
1264973153832296448
1263526306588712960
1262492213281386496
1265584896409567233
1262706803881791489
1262837268881891328
1257229008871108608
1262153796425138176
1266365362401996803
1263998796024786945
1262522478489792513
