1181957652240203776
1234817731544915974
1236376683034423301
1245041909598388230
1240970439981236224
1243218234582720514
1239905506191224832
1245024889079238656
1245076148096241664
1247146422581047297
1248273700526469122
1246289102636539907
1252965264422875138
1245305698105294848
1253682791415517184
1245185098917597184
1248621324408217600
1272975982278987776
1274298790615437313
1273298121938919429
1270456621647331329
1274312266893135874
1283350962451755008
1284141430269771777
1280842243721461761
1288137070381338631
1291322392606892034
1293357120759373826
1290611348905365506
1291386286868135936
1311064775036723210
1303889454344663040
1310987997215518720
1307058725987979273
1300559242093449217
1312025225500991488
1318187639523188739
1312079965337182208
1319972064233742337
1329053710815801346
1329146806425554944
1331016438417649665
1329971347884183553
1329089700963917834
1331761921427722240
1328393270351814661
1340413659055570944
1340072651855962113
1336356647241965568
1335536986493313024
1266384373810696193
1257394787038179329
1257337901861478400
