1184708499692912643
1187459803502637056
1182344389890203648
1179838277081284609
1185448144655355904
1183372223198978055
1181184295630565376
1180101605611327494
1182870922442629121
1182337391937413126
1182423407582777345
1183082906572357632
1181469032588992512
1181469032588992512
1184739753997918209
1185294997001621504
1193016110876114944
1197342064985415680
1196606453953548288
1200191388832403458
1196343678761127936
1192439071152496640
1195024342272413698
1198045253338427392
1198051712596094976
1192450389846704135
1194936664055042049
1190674563774009349
1193280744015065088
1198318548235407360
1193728841048457216
1205980287936671746
1209931569252749312
1208501829392318465
1203794631554527232
1209968311372591104
1204154039019151360
1204781130999832577
1202026732372533249
1201569048821145600
1201208119273119745
1205259041506758657
1204421748818493440
1207142374280970242
1215018771158573058
1220793713649041408
1213505279775531013
1219343587554529280
1218337360036818945
1218606732177338368
1219092254062731264
1217131288521596928
1216472418899779584
1219276107167490048
1230512182523244554
1227926116804907008
1230125021961609217
1232415730144043008
1232955916594663424
1233049315448365057
1230511272803930112
1233436348989792256
1226326348723052544
1232680928473993216
1224011344585736192
1235671465350926336
1243205270014230533
1243618373654548481
1240982064624697345
1242493531718946816
1242912247523037192
1239624589992284165
1245055133366566912
1239304369637646347
1239729465896419328
1241146156962304007
1241159615145902080
1236316891746111489
1240486790911459328
1241013070861869057
1242784858142883840
1240665279316688897
1240565479938371586
1240004879827034113
1242186858106413057
1243638650656763904
1244990154487586818
1238597165481521152
1238599742168264707
1239586221468205056
1240634057249173508
1241068748372508672
1242863664899567618
1243567613550252039
1243572135479697408
1240054563715125249
1241623694516027392
1241847271786000393
1243529822405644288
1240624099497558016
1241696021018808320
1237158899695775744
1238151064601444353
1241115896669712384
1242312877308084226
1242558900303429632
1243542797392719874
1245008519428005888
1241404456048132097
1242090746959794179
1242749009430753281
1239641308790128640
1243163969034113024
1243914910616170502
1238973552826736642
1241149522287439876
1244371514520199168
1236034582727856128
1243590096667824129
1240271669417181186
1238952609236447232
1239293294372368386
1244998886965555200
1234991002449936386
1241034302063882253
1240341930661289986
1240341930661289986
1241281795548753921
1242110359533686784
1243016075836624897
1239595814693023744
1241006337980497920
1243200943056814081
1243246148594302977
1244359939214192641
1245005041632710657
1237189174685511681
1238603103953248257
1238935189927145476
1242377838659014657
1236300827855335426
1239763617035300865
1242220044760895489
1238476372852555779
1241764073005395968
1241809381487972361
1240695622073606145
1239396298022887425
1240037209220067328
1241565854829084673
1242152939696926720
1242898209405427713
1238376149488742400
1238789683682910208
1241955853936128001
1239465084658708480
1241040993794682881
1238220979278577664
1239533874088005632
1243748397107957761
1244978556582670338
1244394906941972480
1241092612687159296
1242157000294883331
1244052656244633600
1236984461255942144
1240738895383252992
1244632007713394688
1239295961941196800
1240308447855271936
1238868766512963584
1241080840253300742
1241127386567016448
1245038202609688576
1238611400131375104
1239648131903602690
1240513385734733826
1242148588777377792
1235937084612816897
1239669853394333696
1241820133779214337
1242116963754594308
1242855010330869760
1242974044565078017
1243632801410199552
1236397711403782144
1242973216349384704
1242977439640440834
1243922041071210497
1244837120268591105
1234565016419889152
1240688439327985665
1241825476408037376
1242918849671860224
1243224948027482112
1244428769449869313
1237087747598409729
1238538375277293570
1238959177831084032
1244034897594986497
1239222613060222982
1240262864658731009
1240650504230842369
1241102485051174912
1244398535170076672
1235283885556207616
1239516470163451904
1237408104347652096
1238108235246247936
1238193107855949832
1239550659969658882
1240293065337651201
1245916274246299648
1247883647316889600
1247889879729451013
1249141439403081728
1250912100819431424
1255831429486952456
1255872203662544896
1253655236205580293
1255871522809548800
1248011570380070912
1250687975429672960
1253329886908788745
1245553797616873474
1246182579373576192
1246889578041991168
1247192123729985537
1252249919001374725
1253379878369533953
1247076604188209153
1249688265315278849
1254187684110581761
1252614341423177729
1253764454698926082
1255606566939549696
1245410851579924486
1250193379486511109
1249849930270769152
1250889660781355008
1252040942392991747
1245349374177222657
1248642908976185344
1253308108811665409
1255602244319412224
1246516632077455365
1246103347549134848
1247636141152579591
1247422445528780801
1247967482763149312
1247596978906845184
1247876990654468096
1247904045584408577
1250905062358081540
1251189427948437504
1251654498260484108
1249032213401751554
1254436154578960384
1253105621605507076
1255512926284386310
1245561878383902721
1247592447007281153
1249770635032694785
1253759371093442566
1245637525915357184
1249293807696277504
1247839937090764801
1250935363893366784
1247913099664994304
1250783278300307457
1247730156472426497
1248317267223416837
1250876886885912577
1245870321858539521
1253339027937259531
1247198742350049280
1246879786179407878
1253778246346383362
1254518876295049216
1255406575000444928
1255462511077359617
1246360644892233728
1252571482200387584
1255160605079752704
1255605289392324608
1252429806982971394
1255939956373143552
1245405111154692096
1247933177567600642
1253318207269670912
1253694051947352064
1246182798018392064
1246834739677290496
1248183410297843712
1248424213335031809
1254851063850717190
1246033973182152704
1245221794891456513
1247640549328392198
1251091693962756096
1253257136035057664
1253739460778328064
1255596534969831426
1253472088330993666
1248717390776610816
1255898221257338889
1250166940645154826
1253748076726095872
1255917097055641600
1245381241043660800
1247917121763282951
1245342062079348738
1252982333977669633
1254138871169921026
1247670042734366722
1252796095568048130
1247854005121884165
1250864865851424768
1251324820052033536
1252483464731021314
1253292811958583298
1248111523530035200
1248379061425934338
1246266805577891840
1247184873615433729
1248305839661879296
1250907069122850819
1253758621227323396
1245722162763313155
1245803413843124225
1251527696787443713
1254770760297492482
1256071701055619072
1258982526162526209
1259678872859262981
1262775540139819014
1262516562008985602
1263122652522217472
1256223429105238016
1258476594672422921
1263136071807913985
1257330330043908097
1260768804772159488
1258824990696148992
1270138059900751872
1271513884944367617
1272934981057368064
1268258764353875968
1269735996037517313
1276603640342556672
1277914274640343044
1270124453616406533
1270797201082421249
1269022576594038790
1276255854900187137
1275409422639075330
1272687942998405125
1271883788184743939
1275425252084858881
1276222352955543552
1277633688726114304
1270816528867475457
1274471092242075648
1267877646924427264
1271149279327879168
1267882696648228864
1276548551926067201
1276548551926067201
1268691663309996033
1273296143238287363
1268098854303535104
1270838183593467905
1272663173724700674
1275808979256475648
1270045568891383808
1272299568407822336
1271216373398716417
1271575512905809926
1277962344342192128
1268624920675856394
1277692823043813379
1277990032989728774
1271623324485906433
1270788761408860160
1273670314484920320
1276462120343764995
1276462120343764995
1273687098478833664
1277702648666509312
1271511948237004806
1271444653305401345
1275803563407491073
1267555738437611520
1275465661448433664
1271473640257748994
1269017693711147008
1272967266850783232
1274132056293863424
1270550593673875457
1272523263323881472
1267576616777142272
1270040162760896514
1276266053404774401
1268187695655706625
1268918262060003328
1268450530956677126
1271466780461072384
1276501727051755520
1268137353819967493
1270320325478117376
1272990087152832514
1277582342157152256
1282391691211743238
1286097395709702144
1280552713844113413
1284743916189741058
1286309125584977926
1287042683089948673
1287773600381046789
1288480755832758272
1283484356259065859
1281425913901486080
1286413815400337416
1284472425980342273
1283725315001311233
1286691384091652097
1281355954550972416
1282147921367109632
1282364554278694912
1282305542288023554
1282397479934349312
1282693660690321409
1285908975125397504
1286736659518836737
1284162079663050753
1288178161889533952
1287043309123391488
1286783479523442690
1280465715540250624
1284981089690218496
1286669504387395586
1282316945837248512
1284115275227570176
1282630422329991171
1283301348830785540
1281628320044658690
1284529623771095040
1280155337039835136
1284152354355335168
1286726467229847553
1285862276772192256
1283373516730097664
1285987208550387713
1288547403277062144
1278298702764019712
1283582885446840320
1283769100691439616
1278770979574030340
1288182368176660482
1282683704301678596
1288517405673586690
1283741076474474497
1283743192983142400
1279569937254801408
1281250121435365377
1283807867628408832
1288247798626791424
1283813631071854593
1282297497222864902
1287472200774295555
1280567353860898816
1283768611178516482
1286275434276163585
1282359525664645120
1278678533183856640
1287716050335924225
1278546890854936578
1285881642125373443
1298037117961080833
1292149574795223040
1300252469621129218
1297214708320104448
1300380428302536707
1292148492044034048
1294364503426162689
1298344513119952897
1298100285622099970
1298013616113942535
1290289159303827456
1290315022023962626
1290296120535523329
1294270302537633799
1300513618417586176
1291479666830737418
1296045359710568449
1299939996992856065
1293892570070822915
1296558131892359168
1296185503545470976
1300184303305801728
1300433586378604544
1296117255756021760
1298239840002154496
1292825286434852867
1290344726013423617
1294312834034270208
1291782293824999426
1299761487414808581
1298067574467461122
1291003025725816834
1290960180897775616
1297151982537453568
1295389059012009984
1295823027603570688
1293736078071996417
1298262625940197378
1295469198404022272
1300194259912536065
1299085033152675842
1299427037128597509
1290702944795598848
1292920419222200320
1290357523279679488
1291480439144816640
1297948004620685312
1293883715148546048
1290381430195982344
1294043316229746690
1290703086852411392
1300123053196800007
1293887029122674689
1297308071539150849
1291432104560132096
1300116070167052288
1298003891183812608
1304519845644570625
1308778402183147521
1310954675525558273
1303683343855345664
1305151781966671872
1309250022303772676
1308489729722052608
1301489806296391689
1309216656598597633
1306155867583119360
1308418904176373761
1304267432425594883
1309566230886363136
1309506109728841734
1305489782798245888
1311275590729830400
1304525309216202753
1306702476587008000
1304030737511874564
1301511324371877889
1310905425987088384
1306793319914246146
1310234009771876352
1310234009771876352
1306239678039769089
1309241102998941696
1301514849101336577
1308541679859892226
1305187241011154945
1309095516899282946
1308466225115209730
1309274637067522050
1301999478132490240
1305651682412462080
1302611238090932224
1300667545196822528
1304355907049066496
1306306952855777283
1302403029774213120
1301181511014789120
1307044294792970243
1311087189904818176
1308775294208290816
1306308635623124993
1306370525707472898
1305225180575195136
1304132812027695105
1307745100785684480
1304085094345383939
1305863446873989124
1303726375434584071
1310658049707827201
1309433234502103041
1311116895966420993
1313098364213514242
1321438710240546816
1319646428453621763
1316016852007493633
1319773097587769347
1319668916688359430
1319446039779184640
1318688955227930626
1314195886545797120
1319762848122171393
1313221653875224576
1319365658358939650
1316842945681784832
1317519966934020099
1321484787777892352
1313117046377512960
1313481727109718019
1314024759869542401
1318189724092215298
1317495104328826881
1321002839796150274
1314066295432851456
1312787830356217861
1319773862385561611
1316410718057566209
1314011713864335362
1314641862557302784
1312056531773534213
1315173283625463808
1319016039724843009
1313380998952947712
1314767457245036544
1319918339561541632
1316380474416062465
1316761847622782976
1312165544569696258
1314695415858638848
1321601319023464448
1313547460027977728
1314971603919405057
1320356940015284224
1326734234359394305
1331769138054742018
1324830209099649027
1329064073770700803
1333470299166298118
1326533904862470144
1325824228218826756
1329117891917017089
1323687022184333312
1323640587061514241
1325520408192413696
1327331314433855488
1332738118336835587
1324380171458273280
1325845321453277188
1329064710734548993
1329416760236322819
1332750856903651336
1329093396145659906
1324531952444149760
1326896956594122753
1327291565098799105
1329680531609554947
1325889565803106311
1323374013998051328
1326574036374220801
1326996847295143951
1328442650169548801
1323327150913736706
1331936496719421440
1333515585066557440
1333471388716437505
1331336799357112321
1331236583316611073
1332370626477236224
1324276668035440640
1327377629427748864
1331358959647694848
1331606321624453121
1323958171367399427
1332394508747644929
1331702974721241091
1331613194910134273
1336726565460258819
1340712322885677057
1335149411551211521
1337184946755145730
1336467545100980225
1336851457648119810
1338186156513628162
1342876881528492033
1338838048038117380
1342846132599349249
1334889711668752384
1339571188318810113
1342466884550197253
1338515049485373447
1333833911772778499
1335088761705676800
1343580473214312449
1337838465266794498
1337848720545681410
1335782186973327360
1341117924677971975
1336390727488696320
1343428457666125826
1342884888454832134
1344656306775449601
1338597453034123265
1338551080251232258
1339664661239767043
1337034081352249347
1339396448060928000
1342444943739072512
1339313632979673090
1339206133194641410
1342224027885039616
1338931589187833857
1337495621297565697
1342172490123120640
1341894975483740165
1339381054998781956
1339920105812193280
1340727745328852994
1336771379455291392
1339583196204175364
1334182907250929664
1333788722718883842
1341486175979266051
1334896358348746752
1256071701055619072
1258982526162526209
1259678872859262981
1262775540139819014
1262516562008985602
1263122652522217472
1256223429105238016
1258476594672422921
1263136071807913985
1257330330043908097
1260768804772159488
1258824990696148992
1256063258164973570
1259092034226454531
1263194924389789696
1264229854494502927
1260860186698252288
1265019054776922112
1260991591432495106
1260609147478802432
1260223788517654529
1259906996930662401
1256722383513280512
1263524476857147392
1263244991809441792
1256909822710210561
1259153908053745666
1265634618499268614
1256231019377840129
1264306610220019713
1265064652024639488
1256741013760114690
1258886903430098944
1261066273565413378
1261439971388526595
1262883050272120832
1264195891495395328
1264988352626991106
1257753750309146628
1263925614085636097
1255983292643512320
1257382092465410050
1262806232991256576
1258736040413667330
1257067912973746176
1261285316113154049
1265870415806836736
1257429046906048512
1261374307076169728
1262128521524043776
1258089141910360065
1256359677312434177
1266813126386868230
1256332738489020416
1266493021836718081
1259535054281289735
1263842078192254978
1263903027871670272
1256006088677363714
1261340567570485248
1263851853395050498
1256356982765862913
1258366559082274816
1263150305086038016
1265342252844552193
1258195702217355267
1256038481270194176
1263545102724526080
1260996347148279808
1261305340131512323
1257333925120262145
1257738400720805888
1257746133427851265
1259829760374562816
1262740553617125380
1262459314796625921
1262045964325404673
1259894538430226436
1257387702728654849
1265263450281988096
1257895160576262145
1261787511216582658
1258382237407391745
1263240675866275840
1262058799092899847
1263235684665405441
1265626475673407490
1258831988431060993
1259202903283204096
1256241716442681344
1260302476475092998
1264985513926316032
1262388741282369538
1259954426124488704
1256192907184398348
1257346848278425602
1257033388751556612
1264070044948017153
1266410086408151040
