1181029933113475072
1184852756353302528
1184163275518300160
1196449597066866688
1210339490645987328
1201780610441854979
1216406913832763392
1212866957948706816
1214194408230277120
1221547862032408576
1214335841318752256
1224497799829565445
1233783990802247686
1233889687258816512
1236472957322567684
1240291872305643520
1243937217996902400
1245018241107402752
1241771621460791297
1242200205698535424
1239658967233695753
1240188586936414209
1243591036401676288
1241862219198902273
1241741423814348801
1238419533662044167
1241182742722703362
1244806620799848448
1240689507030069250
1242300697036460033
1243656134654865409
1239584805496344576
1239914387726413826
1246935649241960448
1245304905675481089
1252495355570200576
1246829952231759874
1246090078809550853
1247902017743282176
1246541851768655872
1252990547641303042
1254421363772862466
1250095217807626241
1253670024738410498
1249668660844789768
1250581282616049664
1252641163460218880
1251556094633218048
1245845328512708608
1248997477988081664
1270717358286356480
1276266604473581569
1277681994042769408
1271442130628575233
1278824482363277317
1287710337463128069
1289153834892136450
1287734482435362823
1283477683683446785
1297743052057051137
1290789091043422208
1290302832235565056
1289652120069853186
1309116869937377282
1300848393858822151
1303894940489981952
1313297928316829697
1313033685310951424
1318010228856614913
1313557134496366597
1312792093358686209
1319006290807525378
1321481761981779968
1325583881861357569
1326358990842851328
1325747461604868096
1324986140726792193
1338938126748815360
1334573120343191553
1258433913497755648
1258728355974844417
1259837694428864512
1263288402121592832
1258459454544191489
1256206743274692609
