1186499922390147072
1187383244355825665
1181479386673041408
1188377969905094658
1189146108657897472
1189059356953841666
1187896654696837120
1184423931790401539
1184442643813679106
1188149178939199497
1184291621195501568
1184446435535785985
1180003364739923970
1180903996954836992
1189608805752958976
1184808782825709569
1194454635550871552
1199523369529597952
1200682122219937792
1199681802430042113
1200820998632689664
1192849303053774848
1194295036298567680
1199674361973813249
1200436551882346496
1194116219130925057
1197925313046568961
1192479404015915008
1198095702469025792
1200059687410053120
1194030855968186370
1194046713394282496
1202663096571043841
1209271167900684289
1210055156336922625
1201018218422382592
1208775451835064320
1212021846213890048
1211112099956625409
1203117156730171392
1203717120883744769
1210485252348661763
1210062688228904960
1210531932011937793
1222365535016538112
1223040699521781760
1221134387519115265
1217636357524213760
1223338913709858816
1222810431376355328
1215732543393128448
1217640637497008128
1222979887654293504
1218846814062833666
1221768566279671808
1217891711336308738
1221315581367943171
1231487303174017024
1226724976314769413
1233044118605123585
1223686753183244288
1233236637284474881
1231605887015370752
1232003511434567681
1232549605205737473
1227512130607472644
1232428809284194309
1225493335936249856
1223751264422461440
1223761699540557824
1232727279433854979
1232431873013379073
1244742447004975104
1238619602004742144
1238928173439619074
1239006734955565057
1244863759484628993
1240491939428007936
1235595997805457411
1237547538061783040
1243956071393366017
1244567985660014594
1235883328022228992
1240397446624264197
1237638134860521472
1244624251048595456
1235343011745169409
1236377327052787712
1241066724402888704
1244824468477837312
1242107949918695427
1240654401053827072
1241350104424030209
1238445770942156800
1240803868574973959
1241579102936727558
1242960706594471936
1243470314551402496
1239488768027045890
1241582877646692353
1239502922473504769
1238423308841840648
1238543267567935490
1244342310470586372
1237387755858145281
1240558144067174401
1244678275592568838
1239940808083726336
1244085618923032578
1240069153412677633
1240235606313230336
1241212944987435009
1243247597256609793
1235569504375062528
1243775355611156480
1238981989765500933
1240684580824207360
1240865028724719617
1237151240578048001
1239869642442768387
1240079859990347776
1241709505701801987
1243021104605589505
1244259263200899072
1240563729626005505
1240869426699919360
1243281785963909120
1235570234595004417
1235174528403136513
1239861535712960512
1241786791897767938
1239236268963311616
1240614795184869379
1236054577255874561
1242581828663476224
1244251806412288001
1237300661143908353
1238291410425729025
1244546157457469441
1243417470917996547
1243217129190707200
1245012217415827457
1245425702373150721
1247411300080267265
1247901531057209348
1249566735402819584
1251416887424102401
1251642014145187841
1246486438750740481
1252636045037850625
1249452212708925442
1252439414971731968
1252560711198355456
1246931875370864641
1247069037697392641
1249759310420348930
1250223563467939841
1251442848542724096
1247613867636580352
1250487748672270339
1246426040638959616
1251876958134087681
1254292877393276929
1245376625794895874
1246905590057783298
1249145339778609152
1250132086427496448
1250864262047772672
1252283007198773249
1254880499279036416
1245701265528479744
1251527204376154113
1251557859743141888
1252206162570862597
1250028372471635968
1251593843595608065
1252873524752121857
1254369864292143105
1249536536615374848
1250671222834302976
1253001870559203329
1248234252757544960
1248419173920919552
1251601441296396288
1253724459439095808
1247060219332624385
1252007501358223361
1252835775949025280
1250014781265846272
1251161125560872963
1253006171448971266
1247282999370137600
1247600138635395079
1252172887689244672
1254779863136735234
1253926716319227906
1247671762965409792
1254964804751630342
1250986040778579968
1252514911663435782
1249653738517692419
1252658361553883137
1246267496048611329
1250850229013958656
1252699880725725184
1253037124900790277
1253661455980859394
1251402170072567808
1249521437054042114
1252657506167521280
1247931243515334658
1249853724178046977
1250378288696082434
1255121196795990017
1255210333964247041
1245950406682796032
1255147640989204493
1253069818267234306
1255321636091420675
1248271955658235905
1250978963670863872
1254869403969236994
1245351466430271489
1249235734340435970
1249322608417558534
1249778128550944768
1250702972813807621
1255442261858492418
1249378058789883908
1251404584871841792
1250338200117104644
1249306400322437120
1252688559120793604
1251695764193058819
1254455327887634433
1248649460630028299
1247332014870667267
1248109634285690880
1250091661750919168
1251411712999292930
1251771855347818497
1254632615849721856
1246751651765116929
1250031894009430018
1250042552767700995
1256288820779192320
1262035307828072449
1258082850542411776
1260767027360194561
1256629639625220098
1260942427604561925
1267953945281994758
1273266576574169089
1272246176251809792
1267433283438206978
1275280169641684992
1269618864372936704
1277563871730040833
1276237734181572608
1270248925417652226
1271008756722253829
1274084793999900680
1267488986844606472
1270619206753480704
1277145961937072128
1274947886560579590
1270683559288811520
1273956194235940864
1272797007485296647
1277637498512998402
1271390776681955328
1274745960074293249
1275071992002039808
1276542353147219968
1267829574076780544
1267705003113881600
1274726899009359883
1270330007009792000
1277417856775458817
1268977817015836672
1270396488099618816
1269226277279424513
1269932276856557569
1275810947593129985
1269857240774856705
1267932214223867904
1267874876788027394
1273829781184958465
1275013060248449024
1281693084326088704
1279213212332896258
1288885819210522624
1279928046724751360
1284861804120694784
1285261940378361856
1285505645328977920
1287407559255744515
1279946918165184519
1287817530673831936
1283972020980658176
1282443007153897476
1278336210633662465
1282216279676510209
1285584073008615424
1286229594689998848
1286541717001445376
1286254691886694400
1288508332123099136
1286874005979320322
1288896075764576256
1285994266242809856
1289161385465847808
1289172709738389504
1282174093517717504
1281248506129330176
1289298540234235909
1285292466950873089
1279883915906465792
1287794938990809089
1280562223765733382
1278859754497024000
1286754456776794112
1285303513627729920
1279248566729322496
1279576980632014848
1286673743599681536
1279410886487105537
1287526874646806528
1285881020361740288
1281037857499385858
1287413618212917248
1279013022686740482
1299876992444178432
1295773224257691650
1291757117880360963
1295787229198114816
1298376594860281856
1296663872300912640
1290690208925704192
1295665902596296704
1298746549749477381
1296088277695565826
1300524749513203717
1289512448177799169
1296450665938468866
1297980918548836354
1292917383867162624
1298838636855615488
1290448616985751552
1297720587557548033
1297590677451177988
1290348678830596104
1293600637423243264
1297782892622426114
1298374971782094848
1290664637902594056
1296650520627539970
1289742721012252673
1299319569878745091
1298478980140380166
1297620164897394689
1300489780652699648
1300504879895588864
1302876187346087941
1300613536792666112
1309267881658548224
1303781556482273282
1300852168409280513
1303162390951923713
1304385450119802881
1309652911513772033
1306461630226526210
1311209324283396096
1301527905403535360
1302397073137045507
1303413857080217600
1307379007411937281
1307831970785787907
1304819560298602498
1306657923939012608
1309440007510175746
1309167249916334082
1311338767236567040
1308473637985427456
1305605082831036420
1308689717790232576
1303399679305166849
1302471618241929221
1308862128863010817
1302777353819418624
1309376556050022405
1301316479216803840
1307756560626704384
1309976646225723392
1314375818320244743
1312297585118343169
1316819883682861056
1313382245957169152
1319680560214626309
1313233753569927170
1315113640744431616
1311980761843732480
1312060102741053442
1316569484048527361
1315162714910732288
1318012743472025600
1314194622566998016
1313471610691547136
1312916664263024643
1321629072515080193
1319762504197804032
1324867914529452033
1326206536042024960
1332322994325229575
1324183123790352384
1324962286000332800
1327889235383377921
1328126342018322434
1326849723249143811
1326704084695478273
1331806131715411969
1333470861228199938
1328284175816929282
1325406749742993411
1326786720583528448
1331968453406810114
1327031560999116800
1327967086522609666
1333440335075291150
1326215545776197634
1326947871242006530
1327616022241705986
1328408745538433029
1329890742865600512
1332235641195798531
1328333632445046787
1325351097742090242
1343792898626744320
1341043272236609536
1338517857156669442
1341717691795603456
1339069086983131137
1340945291877474305
1334436226305232897
1337117847068303370
1342540078460104705
1342806118968553472
1341901907191869447
1334550466664001544
1335830147040116736
1339605021307056128
1334085841774407680
1339226515695923201
1339779478755495940
1333799267673153539
1341820539220979713
1334070535026855937
1336923037648756737
1335123832240279552
1336407723663998976
1341064489228230657
1339516754150748161
1334803381349715971
1340845806610472961
1344322725217755136
1336486975172272128
1339280381418352640
1340410181985869824
1340650661612929025
1343963784134746112
1343081679276056576
1334263869238353920
1341535555692212225
1343045192610414594
1337698477950767104
1340352580187279362
1256288820779192320
1262035307828072449
1258082850542411776
1260767027360194561
1256629639625220098
1260942427604561925
1265550466513068033
1257112713643339776
1260680876221816832
1256993469773623297
1266307056048332800
1265346843057238017
1265583572997623808
1258798031320875011
1264142224759164928
1259663134735962113
1260698838521638912
1263279049578872837
1257671464389656578
1260703785057427463
1262900089997189121
1265131800994643970
1257546818252009473
1265343864459624453
1259468305624072193
1260723252017737734
1261282710317928449
1263630460913098754
1265351038606991366
1256331268863586306
1260756589314633728
1266391484795944960
1260511607530098691
1260528022895177728
1257492007200731137
1261583409878454273
1264165430115131397
1260895287851220993
1259917653944270848
1263074491682480129
1258075300677578752
1262008719639891969
1257996028608950272
1259377179097468928
1259456904448925699
1260858651432103936
1258880994649665536
1260888842023981056
1257886187059994624
1262446922062856197
1265019294007595010
1266283886696296450
1260728588363599873
1266691736174071810
1261203414354198529
1262258879896981504
1261084263782416385
1261087227939098624
1262679860943568896
1262393811134709763
1257265290024570882
1264439737391046656
1259956565186097153
1257771545642106880
1261589708615766016
1261529783529361408
1260761091430248448
1261739890124959744
1260963965808652288
1264696428917637121
1265606558085312512
1266638610775912449
1259135041562726405
1266622216030040065
1257923208549982214
1264519010349129729
1260998575355551745
1265270209755013124
