1186229164300476416
1187507840518410241
1179189266309681152
1183200769186643974
1183247358760542208
1181909182548717568
1180603590143930368
1179445028827078656
1181429912323919873
1188368506552770561
1179039022188044288
1192423270559162368
1198797467313041409
1191626483451748352
1194015733690355714
1192880405076217857
1194902891095564288
1191310955403194368
1198715182509383684
1191765947302006784
1197948505102245888
1195289978269507584
1193835085188993025
1198261197100990466
1196458181024718849
1208906325448626182
1203438595631013888
1210323174124138499
1210841901865283584
1206618268389249025
1212111417467449344
1209378774489239559
1210646862736134145
1205052767384915969
1210671581640482816
1210831346685186053
1209198488967188480
1210202391850692608
1207881433118859265
1203454528298921985
1212264175193468929
1213010882361544704
1212984478043459584
1212690438924242944
1222195791223250946
1217399214361268225
1221736738411991041
1219376578444124160
1213070593123373056
1215479755811762176
1212166392671137793
1212189205629194240
1222919071110520834
1222500928261107713
1212460877238034433
1223250717709885440
1233095466709110790
1226252528062349312
1230784740883451905
1231652458084077574
1232542065684307968
1233705863061200897
1233068639659732993
1233139879908978707
1223765209208086528
1233357470334115845
1233266846998171648
1233687886723239936
1232925735557271552
1233736777283854336
1224202111707156482
1233293320132100096
1233701001175195648
1231324507480186887
1223809524450152448
1232983452452052992
1231096356309172224
1231824862190002176
1232274185759707136
1231807273678192640
1226124491249668096
1227774563989192704
1242972100870262788
1244238284068401153
1244434178294382592
1242020841623339012
1235955379353370626
1238989554473938944
1242373887448539139
1245019544084606976
1239469070145257472
1241268315248623617
1240942509850845184
1242935821470248962
1236647031113908225
1244984077498961920
1237631853336637440
1243092903062364160
1243132503201890304
1245047702900989952
1244357435042734080
1244743729426153473
1235179399718281218
1239484198395805697
1244529809390264320
1239558188460052483
1242224883917967360
1242464021455843333
1243557032927678472
1235191959251111937
1238936709758402562
1244932022931468289
1245074675455098881
1237188972931166208
1242115152297639936
1243929840203509760
1238764760356859906
1239527949105270784
1242875392190488578
1240616983688814599
1240636558467829761
1240749925832560643
1241906735520133121
1242695218937430022
1243979983120449537
1244368782530875393
1242485137495003137
1242553055356354560
1240233079320559616
1241122652540018688
1241797227917512704
1241907746141855744
1235977846469922816
1237037994768568321
1242873887550877696
1244289746764955648
1238313906210328576
1238914062962089992
1241743970272710656
1242222910430777344
1244546173626613760
1240187761883299841
1241382150223605761
1244503386118029312
1245021315544694786
1240178679399006208
1241050702149017606
1242836193408057346
1243639468525080578
1242221399789449218
1245089772806307840
1241002618622742529
1242353010887610368
1240760232302784518
1242035239792390149
1242436533786992643
1243183001191813121
1236566101045231616
1240232382243930113
1236558536810860544
1239578463729856513
1240270242363904001
1243496780769234951
1244939537144582144
1239336839242231808
1239952847216803841
1240679671932555265
1238170448095064064
1238520219724898304
1242317735620681729
1236782731041722368
1240643008443359232
1242491141758554112
1240173608460267520
1245101154599665673
1240773710342172673
1238970696254083074
1242690184002646016
1242820336204296200
1242307681898999808
1242948150744305665
1243671604258734081
1239854573696831488
1244652644628598792
1245029387281534976
1241005352495218689
1242032160791461888
1242269997558366214
1237656116944723968
1239900436758499330
1240627903743823872
1241999994300833794
1244897323576156160
1239220357350989829
1242434684081987585
1242561862245515266
1239171333151428608
1240499505356853249
1242121478608433158
1236811473269198848
1242054845600841731
1242518781462753283
1234275989628342274
1237103132401979395
1240236122212614144
1241792570667208706
1243991782830071809
1239076391695630337
1242390826862424071
1244846900706189312
1242320246695956480
1242370590004183041
1243637691335553026
1243843028948836353
1234667361539481602
1244442981874241536
1244981753770577921
1241212995407093762
1251805285804650496
1253886938538442752
1251198966017949699
1251669378225111040
1246179444450119683
1247853455672258560
1247873417212280835
1248210320390307840
1248376891142049794
1249535291389628422
1250536976891219971
1255420959588257792
1245882632644243457
1246037335373942794
1246041546744573953
1249724050659827720
1247052689772593152
1251458255177633792
1248376156576870404
1252715741088043008
1245347611416150017
1248190147918782465
1248205406033321984
1252669041682067462
1246426272588279818
1254471589984419841
1254703815984648193
1246063710931730435
1247501940168093696
1250792111378763778
1246544343034454019
1249454761977548801
1251585328420446208
1251971377961357312
1254586522281656321
1247263649179283458
1250435272807870475
1247528615777988610
1251159591389282306
1251767487340912649
1251986477430575107
1249402619539398659
1249402619539398659
1250290267359330308
1250349164266795011
1246524211050565633
1246732332180148224
1247432684072325122
1246310089864155139
1250350472403103747
1253999894978793473
1247113647106617349
1248468112250269699
1253144071926886400
1246615566296612864
1248777947747618816
1248840711702708224
1247142127638925315
1247250245756608513
1247970080367009794
1251616550173446144
1253989752539406336
1245357903428620288
1250506294978416640
1245841029342920705
1248208239642189825
1249264265732775936
1250044113052995584
1249750210345078791
1247352576812765184
1246079182225977344
1250374986927353856
1251114469050257408
1252523874975125504
1246156789160316929
1251104237607702529
1254364615334670343
1254383509608808449
1246325840151003137
1249463565825835008
1250060297857126401
1254986210084368384
1246561954703052812
1249328093287854080
1252219844327616512
1251522357488992256
1252447041365716994
1245680775787360256
1251225089044967424
1252513539912282113
1252786752529534976
1245893865623732226
1248195112120786945
1252065723549179904
1245340351101091851
1246732335728427008
1247087750005682176
1253737426239082497
1254097580088274950
1255108281124696069
1247821987143200768
1255232923600588807
1252320778021896196
1250154659521667072
1253722403382976512
1246999835909271553
1247337382686404614
1248445674158505985
1245723754304602113
1248649050330550272
1250978561000968193
1252732262434713604
1253126488297218049
1245990746550947840
1250916929897787393
1251142018887299072
1253241259059286016
1248389085795737600
1250100723452391427
1255551195420254208
1247420347630174208
1247756068869902340
1253199433094828033
1253448581735948291
1255910198549581826
1245425856186593280
1246737118757638149
1248203908050292737
1250472038055047168
1252363765460303877
1245438291744378881
1251304449940881409
1256194467461242882
1256127733958131713
1256866455620136960
1265595924006518784
1256181662259523585
1269159600063946753
1269834063055126529
1268549351930019842
1274347567514628097
1275558096799178752
1267988119489478656
1271766891850326017
1274694836633980929
1267657200274726912
1274785429305294848
1271102407989030915
1272997843339534336
1272950040848478214
1277666137216634880
1269997837154160642
1273183403525849088
1268564334218825728
1277600276690632704
1270156173510086657
1276525902008995843
1272896734809796608
1267576795676672005
1274757606867906560
1269018379962155015
1269758569773219841
1272167872886976513
1272201269487296513
1275926927128301568
1270448138516664321
1272424084559794176
1267667327534927872
1268965951732678663
1272351886935568394
1276250789162483717
1270801693186371585
1289166939793666050
1282755201691262978
1286656904673067009
1283170709557121030
1286345163040849920
1286784994539646976
1282728288524197889
1282253478400794632
1280805269543489537
1286308893447118848
1282708935762468864
1287582237769293825
1279779585677238272
1284077515657613313
1280573716838014982
1278683885086351360
1284518333132484609
1278097283209453574
1278372798834937856
1285489710945767424
1278613244891074560
1287657757328408576
1280476437762330624
1284440290531647489
1279819841042624514
1279361928922628102
1284611418206212097
1279827429188669440
1282714103723823105
1286493815944216576
1281587921280278535
1296372141672108034
1296813023118729216
1290417178215424000
1299299189038477316
1299731504302522368
1290987179641110529
1297465521248632832
1298628865963831298
1299421642662256642
1298023539111596033
1298678622979489792
1297720288810082304
1297456050690555905
1299226231309766657
1295345464116740100
1293624563356532737
1295128211765026822
1296187695371366401
1298571840458313728
1297179267558760448
1298014675318251527
1299074386926895104
1299838675778375685
1298912502663843840
1292201427771756544
1291694610436284416
1293737099535872000
1294146745434345472
1294078798430982144
1299372495074664448
1299713435198988290
1295677481052233728
1294507870910918658
1293682449495588869
1293668711300247555
1297501346619445251
1290076171384823809
1292410623259795457
1309147394328727554
1300804703102607360
1304129028786393089
1300872001758859265
1307290313451597824
1300838299473457153
1305356861487579137
1303395470165905409
1300732560532701184
1305176929469960193
1309208507032494081
1300981781093646337
1305670172854956032
1306399983067951104
1304692953177300992
1310147175528226816
1305151805626757120
1308471680109547521
1309461409294622720
1300848984861351936
1303181322639343617
1304107391403921408
1310486212092866560
1300889821234081792
1308207320611000321
1300936484598558721
1305889611667976193
1301188158961451008
1305512217962590208
1303748769205432322
1302612553307246594
1304833051474759681
1300580391733080069
1310332810008330240
1319354801306718215
1313458261887258631
1320021389236199424
1317527057606336512
1315469745563598848
1318552715950161924
1314027742791438336
1316661324856860673
1317304335878049797
1320745791682727938
1320093966839197699
1319610792036229122
1313346887999721473
1319682779949486080
1315384182588215300
1312542986060935169
1318118591041052672
1320056219890012165
1322587839863947265
1328115573851643904
1332561114815729664
1322921347509559298
1332069997586358279
1332577378627940353
1332290467019583490
1326828232814030848
1324398030104096771
1333149082613903360
1326642010032312322
1329831631314677761
1327220618450919424
1324353291581591553
1327775833172422657
1328070273434857473
1332455418212220929
1326871530719092736
1331470182418681857
1332094290646999040
1332259468734763010
1332280517757169665
1328355827812622344
1326953925317103616
1326173142721695744
1331823758047399936
1340094507237437442
1336396655298551810
1336455527925243906
1344498521114873857
1338143181658091520
1337272157890633728
1343593612571934720
1333720598476972034
1341477630156136451
1342681544213688320
1336795268864495621
1337249507046731778
1340346124536852480
1343222615985565696
1336726068934414337
1339815473374846979
1337317466217861120
1334891542373339138
1338261176912924672
1343505732239503360
1335065111795527680
1342457373798109184
1344264512476762112
1341724119042121728
1342353137148063744
1256194467461242882
1256127733958131713
1256866455620136960
1265595924006518784
1256181662259523585
1261943724143239169
1261462643291947010
1261741982155714561
1265379762534584322
1257269620995694593
1264041199733813248
1259829392651542530
1260961285577093121
1266582617199181824
1256655911684366337
1262771958082449408
1256277894189498369
1260483927682297856
1259773773114458112
1260333959986188289
1265588588529487874
1264647454475071491
1265762224347496448
1257107686338056195
1265374676743790594
1258007992244436992
1257757223557541888
1258616377960734720
1260807070024183808
1260955127868989441
1263501123983486977
1262508002252218369
1265346992173088774
1262241514798931968
1266848259647160320
1256837152266215425
1265163273529425920
1260316341359296514
1256066339527155713
1257181921098022914
1258343108737187840
1264188097832648709
1265923424003723265
1262456160650776586
1259327314791464963
1264908510795530243
1256952922723753984
1262300623313285122
1265129293174190081
1258049075431309313
1262707101358600200
1257710160837062662
1257228491566841857
1257083787697061888
1264311032882892802
