1187496364436967424
1250813762296320001
1251269006402740228
1251264214104145923
1273302168158842881
1278023907149090816
1275878868340047873
1284219133551312896
1282686628482383874
1281664487523618816
1278434519142617088
1283899211390607362
1297987044250017792
1293683685095616512
1289652120799653896
1291448435573489664
1290014506064547840
1291746495436214272
1301610919659745280
1330556650428768259
1328440192391282688
1334871671862341632
1335630091037106179
1337132479107510281
1258832818978816000
1260575341199994881
