1237397673122004992
1243568500884623365
1244138360727310336
1244586675671633927
1240050331314257921
1242560726398574594
1244897236653346819
1242125862226591746
1242707850331410432
1243613778429849601
1244443011557310464
1240096832568557568
1243980474806132736
1240069570599071744
1252169290385633281
1245471048478457860
1251359873570410496
1248680363448303620
1249834828859654150
1250620020842827776
1245834587588059137
1254681100502347777
1249051735496286215
1246935755240456192
1248285385857400833
1254695729370501121
1250416879832911872
1250725660961779712
1248561190881591296
1286783305925500928
1284879367018094592
1289722277433495554
1291177290160840705
1296905170589278212
1302609000417107968
1300659744286420997
1318052515838119936
1329337318822477824
1332964117980786689
1256241195296206849
1256674824560271361
