1189316085058854912
1179029994502270977
1184121772544798720
1184914595233726464
1184914586631192576
1181343616490496000
1182687438080073728
1178821860945022978
1182359027885527042
1179977008912240641
1187881620143038465
1189417934109757441
1179977019452461056
1182359033963012103
1181290807309017088
1188244026211876864
1187732596018561027
1182842294225068037
1184431369813934080
1188866982667542528
1181290800015118336
1179977014381596674
1193207346945810432
1196949967195136001
1192431559711895552
1196941266916970496
1202788766685048833
1202739557076291585
1218424107555086336
1214336071993085952
1214336077361819648
1215279651372851202
1219632192441274381
1219598035178704898
1214664498998661120
1218424112978198528
1215249583552499719
1215317591864107013
1219827133394169857
1220719497356677125
1222754036547497985
1215026900931940352
1223033328581980161
1228139066324967424
1232489451315716098
1230867844663054337
1224663899443793921
1231892920720117761
1232330006694629376
1227121385610383360
1231549356907651081
1232334518360641537
1228397414018666498
1232557239271071745
1232678793459965962
1233697713927049216
1224482771617357824
1236951330771611650
1242466333704372224
1242689054912569345
1243240163062550528
1245105098893733889
1238649921999441920
1239159487795212289
1239790042916282373
1240575116448235524
1238219598849355776
1242915547899142144
1241103733800534017
1243413893445107714
1244398963362594816
1240756265556545538
1241345176229953536
1242862749929046016
1243689288497324042
1239910724207550464
1240359982278651904
1244674588262502403
1242405824573722624
1244653058132344833
1240378936309231616
1242915541137883138
1243536592603578368
1244863419599048704
1241345186350821377
1242239831511613444
1243413886306365449
1240725130050965506
1242190747945832450
1243632100634439680
1234992206630379521
1243568677947158529
1243708296357449728
1244742655642198016
1242553051233374208
1237562784813998080
1242964534152908804
1243032615000686592
1244066819478093827
1244622956912934912
1244633489900797957
1245053507599765504
1240756273823404032
1238461116658917377
1240461767144177664
1241152586029432834
1243689294071582720
1241137620568154113
1242924213293457409
1242949435312701442
1239978590277689345
1243568692442603522
1243857669590482946
1238321506733588482
1242273856620036099
1240099492378152963
1242119001007894528
1242602913026973708
1243017550402932736
1243776244908507137
1245018291560566785
1238526127431397378
1242119009472036869
1238797083823521792
1241118768614563841
1240326109742407680
1240790184838549506
1242085108372340736
1244640691084500994
1238683979265511430
1239695686683299841
1240084361141239811
1242466356273922050
1243345797263097856
1244622969219006466
1234912291176550404
1240307075592355840
1239771178320965633
1240646787834220544
1243327113698193411
1243689275918626816
1238185581038964746
1238566981923725314
1239997650860212227
1240824191387082753
1242452939979067394
1242515415546376192
1242828891108052992
1242930631098728448
1243776250650464258
1244795380266655749
1237185198003027968
1240942805549223936
1243587437319925766
1245050970209423360
1237596710941032449
1240495759381934085
1241326320862314498
1241862318717370369
1242670234751942657
1243017562331451397
1234595726858084360
1234939326229811209
1238166693597327361
1242553045759688705
1242809866265210880
1240514672832413696
1241016795923955713
1242602314034184193
1237615717421395968
1242809860900753414
1238963252345913356
1243172339073851393
1243757486143950849
1238649928815202304
1240620481860055041
1242258788289261576
1242326615658463239
1244742663993057280
1241084823482990592
1245050958683475973
1242500362948562944
1244984181165359106
1234644844791857152
1237151181413253120
1239703074094055426
1240133357108953093
1241171609941090305
1240775058483826695
1240997956850987009
1240575137734447111
1240725135323287552
1243327107213778944
1244844559848390657
1240877040334770176
1243379829011091456
1243640289446723585
1244674582767898625
1243334484264660992
1244689668043612163
1244723618854076420
1245588058835054600
1247902228184059904
1253749440181084161
1254770762323505152
1246301034475147264
1250453997133139968
1252261394935881728
1254081350824611841
1251265667548033025
1252715191504187394
1252738323258511360
1247888312515186691
1248453327441948672
1254113266390822915
1245137806726270976
1250059259775197186
1245380643611193344
1248654736053731328
1245225853576835073
1248366425955278848
1251005051289681920
1253836217839386626
1246029798582992896
1252990778638503940
1247902236379774978
1246467687980638209
1245882609680429064
1246226087505473538
1250133662584254467
1250265222973198336
1251352409479229441
1247520823449022464
1252697621698736128
1248366418879528972
1250784170537816065
1253817031075348480
1255131630223585280
1249865967712206853
1248487338621059072
1253715427559120898
1245399396457611268
1247332066959769602
1246080380664524801
1247347148670164993
1247709751703752709
1248830711437631491
1250608755122806784
1254770756250206208
1250608749997416448
1251827941115334656
1253198220244783104
1255131625018408961
1247573759449542656
1250937081423114240
1254942201173479424
1246176929667059713
1248090922140786688
1250059253953503233
1250448656202858498
1252265808924991491
1252299836994576386
1252700025945235457
1255319812961689606
1251005041173041154
1252691042849050625
1247539834777829376
1248038054289461250
1253439803774959616
1246226177871708160
1249379616831279105
1252232037286555648
1253734303759990787
1253889073950920705
1254836538250350593
1255202187992539137
1255285891398078473
1247161184173858816
1250110534025871360
1252386769586122757
1253371872810618894
1253870171254644738
1245931737886179329
1247917397069217794
1248024369999351808
1249884060866019328
1245950653865721856
1247641775411466240
1248612413173141506
1251352405058478080
1245138933056303104
1246176924000555008
1247675769863704577
1247694509590351876
1248022908196335617
1252386776573865987
1245569348212670465
1248849676847243265
1252956764191981568
1248830705066479617
1253179516505280512
1253371884772700160
1247264277947449347
1247539827324534785
1248056857706614784
1248124825274646528
1250095310375981057
1250133667424411649
1253439809009393665
1253526746936344577
1245365535275171842
1247361833650053122
1248468444619493377
1248645315030286336
1253802358460633092
1255162479115632640
1248453318709358592
1251556351559503873
1252250714610507779
1252473603196583936
1253198206994915331
1253393493122150400
1248849672216731649
1250801354899099650
1252662262495657987
1247347157973094402
1247675599268786182
1247993919473942534
1254942205845942274
1247762521055883264
1250784160232456194
1250816452506144770
1253353153468272642
1254957421119889414
1249849892119420928
1247332071523188738
1249849903154638849
1245172833296228353
1248487331318775808
1253700460009213953
1245399402442883078
1246226172775731200
1247226455920193537
1250784165001297922
1247381312127803393
1250110538954280963
1252700020257808384
1253802363250511874
1248781813075542016
1253749444899680259
1246769647858450433
1247888320127889408
1248124831071195140
1249849882321358849
1257460181899886593
1260774576436531201
1262846871304908801
1263656533042302978
1262914937040408576
1258063996751667201
1261068793687801856
1260808356773744640
1273110730296963077
1272733233298518023
1268906783461998592
1273110733031604225
1273076802597146628
1273632281979236355
1274069249947062276
1276391044230385665
1272646567007268871
1268365641469353992
1273492014663733248
1268022204131835905
1274092608709689352
1273318331307692036
1274095974533791744
1272526476483735554
1271506368760029189
1273858803923025921
1273973820123119618
1272996769140477963
1267887714575114240
1272993820389580803
1271249645910589445
1267920240903630849
1272733236217683969
1267993992509210624
1276511863833079808
1273269402562105345
1274069247262699522
1273647346665095174
1270850458891026435
1272993817721999361
1274477230798888961
1273646839225556995
1268015463172358147
1268022201560817665
1274095982674874368
1275994745462910982
1273666856105070594
1268906786628780037
1273854337693908993
1273492008351326208
1273644219131928577
1282724823131619328
1278565460431245312
1282851261667131392
1278739056361340933
1278763351401775104
1278727986146131968
1281850941122240512
1278665287550853121
1281291024443285512
1283416079616872448
1281706180029698048
1281291027102523392
1283087699956699136
1281827053168402432
1281102283976081409
1282895218145144832
1278684852556988416
1278754126575341569
1283156669304897536
1282895220787511297
1283155813436133376
1281827050559549440
1283155820612591621
1281957921056849920
1283068893783904257
1286037464713433088
1280498271606190081
1281653299918168069
1285159895977930752
1280671878919729157
1280879507466072064
1279182617309589505
1283142281743273986
1288231995865272329
1281653302929666049
1300535310057721858
1290313498921115655
1293785632200957952
1293766945796427782
1299571250570752005
1291973903867359233
1290491157038764032
1297960688330117120
1290874024642347009
1290980347115704320
1293423318339653632
1290651569390792709
1309678044018356224
1310223397734027269
1309749087349149697
1310634233442910208
1309976826291326977
1302067730477191169
1309813506322042882
1310064402494873601
1306333489239863300
1309756375069851650
1300618201844330496
1310197702563487744
1310697222179377161
1310205985860902912
1310035750495203328
1307194041264738306
1310042968737411072
1310542035687018496
1310610739875307524
1309665921078833154
1309842689836412928
1310808751516135426
1309673508943720448
1301947088868200450
1305744535105007616
1309865651662544899
1310300668478054400
1310049460823752704
1309844286557622272
1310203156899356672
1300965566933540864
1301671458146574336
1310413049854144513
1309813640296632320
1310759744513204226
1309824788488245248
1309872234849239041
1310695337523208193
1303709933213491200
1308039760880033794
1309681655863537665
1310173883505553409
1311301807113674754
1309717420219670528
1311422232711716864
1310888916900294658
1309723995445616640
1309929515276275714
1309718322150281216
1310972729311539200
1310765240171352064
1310882634160054273
1310244428867485697
1311301796116287490
1300624574527279106
1306590068891680768
1309672313227538434
1310765230004285440
1309678034786684930
1309662870951600137
1309662850768568322
1309893405074485249
1310644250892210176
1309853485798694913
1314273380904980481
1318916424853839873
1313184749226164224
1313175809734119427
1315112881562824705
1311542639007801344
1321516011590504448
1314804170055180289
1316427546301431810
1318548878606651392
1318737584231714816
1320911992312467462
1321274490219831299
1316495454046220288
1312947842319814657
1320063606768226305
1319688905550069761
1312168630654627840
1314620627760738304
1319172570504024065
1314770205239844864
1316219945747910663
1322191564106616833
1316842651371687940
1316152953485492225
1312146740569497600
1312027581466791937
1314355164967514114
1312027576085426176
1321274499925450753
1313890638484639745
1311775783786930177
1314804159229628417
1312180663416614912
1315872501180903425
1313306220456013824
1314232856680501248
1311637919250214913
1313335703678447616
1313285873522429954
1312826712124686337
1315872490288283648
1314770215415078912
1312146750455443457
1312161972377460737
1321274495383052288
1316496370304520194
1316011886782029825
1321831828966137856
1312200675170816000
1318778344343695361
1324067712109289473
1324080809016512512
1328571119201382402
1328445623507382272
1324074722661978113
1324126888487460866
1328416342068908032
1329314878625083392
1331455252034449409
1331107933464240128
1323293800433930240
1329986742540247041
1329314884715163648
1324106710273982474
1328899622849409025
1329141209869246464
1324451950449074177
1328899616843116545
1323293810286317570
1324074465806921728
1327087773770256384
1331832698961350656
1341050876987912192
1339824197921550337
1336890989517148166
1336200279306481665
1334750692540608513
1344065074625990656
1336250988513153026
1341549160475090944
1344501181012447233
1334165691084263424
1339353709957029890
1337504413800394752
1341190461940183040
1344172686193414144
1339824207333617666
1343953093826850819
1336543641268080640
1341998425668280320
1337562901251559426
1339846228562075649
1335096145610240001
1335112957827670017
1336441913927462913
1336200289242783745
1335112967306752000
1339239121118703617
1336079336877805568
1337166517226643463
1335684851459104771
1341050886982938632
1336441923578589186
1334629933193289737
1339239125728317444
1341152833635278853
1335026254349819904
1339046591529881601
1334301594062557185
1336906041024503810
1342673238510301185
1335177874765176832
1343587580043001858
1333803297149317129
1337166512809979909
1335094068452483072
1341515340145168387
1257460181899886593
1260774576436531201
1262846871304908801
1263656533042302978
1262914937040408576
1258063996751667201
1261068793687801856
1260808356773744640
1266572739747426306
1263137591886561284
1266417994252640257
1262914931168444417
1262412645254258690
1256029388635803650
1265813878786703362
1256440987775311872
1258788832100659205
1263175296888573953
1263209281446465536
1257747287083749378
1261250024878608384
1256078504883556352
1257426130136637440
1257822552401104897
1265438013015851011
1258411492648640514
1258962632540917767
1256197237207715840
1265432721003814913
1264017021055926273
1257478899371593729
1260634719588364288
1258460485491601409
1266123532439879682
1256720166605524995
1260378096756195328
1257875360861077505
1257875368226291715
1258218882889920512
1258851805963841537
1258852246764154880
1257306803487965197
1260739763662921728
1261325698922418176
1261533306828570624
1265329862895599624
1265863058460721152
1256440997611003904
1258063999725457409
1262759996347027456
1263673498867838977
1262775052359159808
1265693080759308289
1261170708777963520
1265356534424522760
1258532159754604545
1262760005071061003
1256323784463679488
1266007314273677318
1257339449517789184
1263345193471918080
1266021565742944257
1258426439612989441
1263209278762094592
1257747289822629888
1258237747682254855
1260359121947287560
1262601585374498816
1260634723065479170
1261310562413301770
1263103444837117953
1263282889241878532
1264036024956542977
1261170711315562498
1261050161305980929
1265388567368552448
1263224573954330624
1261325695982211072
1261084131573870592
1265376234772541442
1261465382180646912
1260223285201117190
1261465379441971205
1263654689180209154
1262451426011144195
1257546947352723457
1260223282428686339
1260238614748901376
1263277105065996289
1258498210227683328
1258394521618067456
1260412052306300929
1265296660881723397
1258104071136870401
1266021568397926402
1258184799929405441
1265466667909480450
1265432718080462848
1261325703598964736
1261412439964422155
1263277107796467712
1261974773241970689
1262895939099992064
