1184969297472434177
1186369430915338241
1180200819108515840
1181225834134331398
1186355852049031174
1189566272293474304
1182462822430728193
1189710505818103808
1184832503565168641
1181545933663870976
1180460787669839872
1187296194290163712
1180853614325026816
1182982708366061570
1184104886499192832
1189625268891090944
1183373526327156736
1189218046998659077
1184160621874552832
1187447392179613696
1183017147854983168
1188901850990501894
1184582913611964417
1188172276996476928
1182609239199629312
1183263013412974593
1179507486627229696
1181739059720278016
1185905356268019712
1185580055281446912
1183208316438233088
1198443881836113921
1198624390285533184
1198361917875740673
1198399055392493568
1198374520064823296
1194103809548701696
1198345817897209862
1198351236128559106
1192844381587419138
1196088423309725698
1198068741457793030
1198926806188879872
1198243341965676545
1200049685219684352
1190306766682284032
1191479468411502592
1200241971035553792
1194196044273389569
1198534104008024065
1198390788528279557
1196066207234973698
1195355433139130369
1194060414583214082
1191324213673676800
1194397032431136772
1190739096819437574
1195423590868377600
1191792067619348480
1198365681709801472
1200420595214606337
1198815465964888064
1203676604037242880
1203813407012601856
1206232512063770625
1201260412219428864
1204829267449831425
1205548905976532992
1205348831392612352
1202291673419702272
1205127294571835393
1208430342706728960
1205499162604789760
1205098192066486272
1205839142615179265
1206108072969682944
1205107655993413633
1207972394977116160
1202706477653217281
1211286749197950976
1204487923422416903
1203705902831931392
1208112031255150592
1202399878128603136
1202261653783490560
1204204677656711174
1201638531233468417
1201638531233468417
1202071634682744832
1202502066280599553
1201893657311363075
1208115854988259334
1202403253113085952
1207775604793380865
1203395766481494016
1203172676765749248
1206947710127034368
1201132229801304065
1203335970826833922
1221470462183649281
1222311479782838272
1214510734757027840
1219746733846155275
1220179139652673537
1221957513152749568
1220147154444079104
1214962458554773511
1220134414497275905
1215856927332294658
1215107239658258432
1220096590607765504
1221136603239919622
1213059932766949382
1221997794522812417
1216079708472971269
1221955409143050241
1222667952744542214
1216804813826154497
1215785567734194176
1221781918594846720
1222932734605234178
1222306009483554817
1222023559846952960
1220484540675907591
1214585847321743360
1221987444507037697
1221525634037403650
1222904459468079104
1221669690986110977
1213406605108232192
1216073669107179521
1222919602600017921
1215691801790730247
1212862107689066496
1222343992433508352
1212801031559471104
1216359927708471296
1213640959646470144
1214223045704839168
1230891629046837248
1232538763294720000
1228827722396266497
1224472379004542976
1232154621524746240
1225184194982100992
1232979569248022528
1229187592383586306
1223828324234870789
1224109503752204288
1233494063279681537
1233787813310713857
1226143412077891589
1233034987651371010
1227448708662464512
1228659350291570689
1232969374899884033
1223623017047248897
1226101510582472704
1233408750150733830
1231583555509268480
1223639187036962816
1233332760594567169
1223752472621199366
1231682742687014912
1237338992758194176
1238369426229071873
1240627945695215616
1242813897322700806
1244010320760373248
1236628126957858816
1238901522622287873
1236796418125434881
1237072710993416193
1237331389726330882
1239484028149006336
1244955482789425152
1238526397741707266
1239939322821910531
1240269252579516416
1240318610528059398
1240338652867289098
1241910841924096000
1244043083517493254
1235334444627656704
1235387146921443333
1239623695078813696
1244611213285150721
1245092459333459970
1242699733891768321
1244225786103640064
1242789841592561664
1242846436607381504
1241513932289912832
1243016217260109824
1243652384804478978
1239492022882521088
1240779597584662532
1240803579205693442
1243365624006332417
1235523948965752832
1240781896872628224
1242616870777131008
1243356343169253377
1243711581210341377
1244601484072943617
1244603302253379586
1242032088011780096
1242400773125730305
1243343912711983104
1244628904847069185
1233902678750658560
1239740082829041669
1243013948867305474
1238263967497281536
1244012900483768320
1239716500631625729
1240421499737079808
1240632771032363009
1241963483845013504
1243188486242516992
1244015501669478400
1244745695917223936
1239382810567344128
1239849479739715586
1242449380914970624
1242616903555624961
1244250203693047809
1240397750925221889
1240419037131288581
1241511228272328704
1242455764654002177
1243551225091690496
1244304469602467840
1237684573275897856
1238121848300277765
1242883420331495424
1244385576687513600
1234648715408875520
1237912473384161280
1240394220118200320
1241487294089048065
1241554898908581888
1241797718395228163
1244753673823158272
1236669502458343424
1237132885104173056
1238899166891446273
1241252561434357761
1241483139840688131
1242515005020549121
1243629200885637120
1242571304680804353
1243264028161564678
1243700149114806274
1243949338759331842
1238808657606979585
1242402262116454401
1244255322379890694
1244625144473157632
1244960422635208704
1235627491202666501
1236464302061760513
1238222894334795776
1240752933911908352
1241126518081937409
1241447844042682371
1241758721656549377
1242646743877124101
1242837300234633216
1244738623649525762
1236626791055441920
1240736377639022593
1244382458977673218
1240671911706836994
1238130888015306752
1238146140836712455
1240418219258716163
1244054585347575811
1239381290165641218
1240367332595322881
1240453106053386241
1241768309827219457
1244018631941533696
1239657249540198400
1243544719113834500
1237488786562523142
1242494436145344514
1242590928944148480
1243165700916740103
1235607332652044288
1240049719432404995
1240317346151104525
1244291770877382656
1244389924775825410
1235398793413005313
1241616408922001414
1242279014875762689
1238787522769149952
1241970203098923009
1242059424333729795
1243718692636168194
1244971579232137217
1244975391367770118
1245048305895137280
1241198446515806210
1243629705552695300
1244423987955974144
1237393683307089920
1242228443993038849
1243693426081660929
1244963993866907650
1237362154053021696
1240785543841136640
1242248154457739275
1237954209489747969
1241358434068566016
1242126281904402434
1234139825722273793
1241181164355846145
1242411401492267008
1242904697192747013
1243381994098028546
1244953244683640832
1235381040153272321
1241511228494798850
1242843360156622853
1244758562154459137
1235475798875873281
1239709183135698944
1242590332434300928
1243134323328462852
1243714800934424578
1243629130526138371
1244204014469885953
1239300337745395714
1244027781840863234
1234272343175958528
1236477853421563905
1238205579920719874
1241196886918197248
1241284719175704576
1241860907208192001
1243361917344739329
1243567628431642636
1244756346567823361
1235755198892707841
1241436629887262720
1241718706603995139
1241780707170516997
1241846833653170176
1244625419313299456
1244766978096627712
1235381765071663106
1241434866832543744
1244327514224410630
1244752799893725186
1243278740756426752
1244048356051226626
1244074357888094214
1244112900597239808
1241157625481498624
1241711978726322177
1242997651961810946
1244949935797272578
1233986941969846272
1240306273121374210
1240621601424621568
1240637970362793985
1241804523083108353
1242264783564521474
1244026143717588992
1242527256561487872
1244304296985989122
1244383127646208007
1246800004892831748
1248032829046435840
1248552021952692226
1248808316328906754
1250606479016673280
1254111512685350913
1255610817199865858
1246979644491874304
1247118652014559232
1249804323871019008
1250593616176640002
1251844465062445056
1252272604473368578
1246547492822552579
1246786460180721664
1249710961356869633
1249792506025426944
1250190627972710400
1250919566584119296
1252910118515113984
1254478099024097280
1245370788489900032
1245541157809139713
1246970722431492098
1247674417498460163
1249861221408337920
1251244085647757314
1253012069059891203
1247189082838650881
1248626093839372291
1249800056057647104
1249884832500416512
1250764230254608387
1252898790643826689
1253712752260141059
1254390069496078336
1245151989572534274
1246046839670886402
1247706766571429888
1247991560161157120
1251969555284533249
1252991846533476353
1255345512347242496
1245553082009677825
1246034930238439424
1248599212725592064
1250585708881993730
1250906882425978881
1251534872998555648
1252032931138351105
1254973587229937664
1255552577116278790
1246560206055714817
1248052631269933059
1249813304844914700
1250113158649384962
1252339568101089285
1245719173147381760
1247255811715366913
1248079156681650176
1249335618116648964
1246130356618698753
1247637357488148480
1247914789713690624
1249159305569460225
1249790905332174848
1250120099769364480
1250160513616621569
1253533705848721408
1254165071758077952
1246378736838156294
1246647820670492672
1246867543039541250
1249756290500440067
1250816512417566722
1251462357227896832
1254142600615006211
1245491058953392138
1246690874639044609
1247645004522295303
1248028211101007873
1248143823890337792
1249266511677665282
1254011792822542337
1248028535266164736
1250057660063453190
1250446480827133953
1252255385865486336
1245518345325236225
1246211243775590405
1250500574438621184
1250963499423010817
1251262043790831617
1253306944993071105
1254952313707528192
1255274952141557762
1255480334373785600
1246225617659613191
1246276541044178944
1248159567390732289
1248451744520007681
1248584825709170688
1248605865931706369
1250529309313425410
1250906236788379650
1252831713564082177
1253452066262941696
1245433905026609153
1245876401749753856
1249452796669300739
1249730825781940226
1251908215920422913
1253838593786855426
1255799136772816896
1246820621625016320
1247149627335479298
1248077785408532480
1248591243237560326
1249418543529111553
1249718102339850240
1249748262623612930
1250278592266698753
1251315187451408384
1253853871467892736
1245526177004969985
1246097412998955010
1249823976500666369
1245491988843151369
1249722342256906243
1249829070851969025
1252549815927439360
1252925931309740032
1247481919392137218
1247893265782726656
1248352892807000067
1248659109513052160
1250405314517762049
1253157623337230339
1254844627594641408
1249049313067634689
1252011333765251073
1252946482300256257
1253411081197764610
1245913309813059584
1246593349282410504
1248627428819230722
1251520205462933507
1253435859732500480
1246122772704768003
1246914173704929280
1248226307965685760
1255155738852429825
1246927956003389440
1248255421749571584
1253306456876691457
1254141340482441222
1254351537448443904
1245497197099200514
1246627770018549761
1248316269876707330
1249711259307646978
1255460036417118209
1246746260595490817
1247210156204732418
1247266752448401416
1248962463942483968
1250923863094902784
1252225578910060544
1254936169302949890
1245862564287803392
1249918031456882688
1251261302720417795
1252255510025428992
1253529259899052032
1254576961231470592
1245109655979937794
1245873414809804802
1246428329634381824
1251506540143501313
1255914008428847105
1248010705783017476
1248392284669804544
1249922844299071495
1252642877617975299
1245842354118025223
1246130867849879553
1248355093596028929
1248618385706909698
1249115927314141184
1251448332276453376
1254376549152940032
1254419119593721868
1255043311561252864
1245833165446369281
1246585679359991811
1246588672121679873
1252403620856754177
1248245774955114496
1250794527956307969
1246237676287725569
1248398857941086208
1248581683210747907
1250277701216133120
1255633220063952896
1248207341004230656
1251142202585202688
1246987739075149830
1247194275642630145
1248077597642121216
1248381758363463681
1250711321961811974
1254521364100374528
1255835506321117185
1247999066379890689
1248676368080162826
1252606109833142272
1254454206884270080
1255299428098990080
1246242818504503297
1247538464163115015
1248534569432674305
1250744818503999488
1250867382593007616
1255841309774004227
1245877465131765761
1247128836493410308
1251112747879878657
1251281861789257728
1253035126650437634
1255615819578593280
1247571876928512008
1247876600575733761
1247994023605919745
1248216103706398721
1248227337881124866
1248650282902454281
1250581200797827072
1250806559451512835
1250835002595651585
1252299649333035009
1254864730486747144
1255200778119241729
1247151417606811649
1247967341352108032
1248256905367171074
1248271505844289536
1248972585590652929
1249071987072405512
1253126959921598465
1255284938238300162
1246501279515455489
1247902336824954886
1248072465353506817
1248344634591305728
1248594180227637248
1249708850330116096
1254709763545468933
1247305974702014471
1247329482865889286
1250034414274465792
1252077546323222531
1252625464683880451
1252957683130523648
1247645587346018307
1247718053879611393
1248646776996925440
1250596788341522432
1254396392216432643
1255613086532329473
1245127600965648387
1245487420658847744
1245513869994401793
1245929006085492741
1249114104804990977
1250036311110582272
1251250976889028609
1254570768425517056
1255506695192752130
1245647791931543552
1250073642584637448
1250220141939482624
1250272896334741506
1252376979430502404
1253623069253545985
1255048811031998464
1255218960708108291
1255863842661380096
1245484067786838018
1248371627068461057
1250480108424609794
1246979904534720515
1250484172025737218
1250922879060934657
1253022492064657410
1253266817415622657
1246577917393620992
1248402554901291010
1247125730191978497
1247284145585340417
1247954559760302082
1247962316165058566
1251268471331135488
1249341201221922818
1250385788250001409
1258386792929284103
1264180919910502407
1264943861073358849
1259910830503735296
1265252038625112064
1258347944039899137
1266119878865494016
1264287643338256391
1266837625828188161
1256011230441021444
1262881864764833802
1263933095994155008
1265285971093921792
1265504009919569920
1274291207154343936
1269798042347229187
1268271740125212673
1272847108291338244
1267520318794608640
1267418114473504769
1270515045739433984
1267639049340301316
1268134988232511488
1267611553668509696
1270799251325554689
1276859324657213441
1267626236660023298
1271786178941816832
1272258916026658822
1272526146761109507
1275131133429071872
1273310641915334659
1274069726122180608
1267940477392822278
1273038048268300291
1270849353737961473
1273564678082396160
1273564678082396160
1271150491574165504
1268320643721854976
1274011237966372864
1269925909890564097
1275866059401199619
1267755156659212295
1270877597476372480
1272605800377339904
1267641420812337156
1267767999219535872
1268253951260012544
1274077722889707520
1277168448704000000
1276482449598566401
1273371756380794880
1276198279324327936
1271254320328118273
1271201515194236928
1269713609925578752
1267851315713060865
1271603990233571328
1270518359537442816
1271227074318077952
1273261826365669376
1267281140957798403
1273415103346610176
1269305627161083905
1267517036621594625
1274072182872776704
1275918343204212741
1267630479768981506
1269406710894133248
1274070441922113536
1268569807546433539
1268403490797150210
1270393185584345091
1273376404420386822
1268865284477239296
1274324606262939648
1277939710711730176
1274521414868049921
1271754367092297728
1276382343218028544
1274105202505846785
1274102396495552514
1270721741359177734
1285672156970590208
1280393466619412480
1280644295758921735
1280998606577840129
1284085227850215429
1285709323776208898
1280519346930974724
1286693353174769664
1286847988795613185
1279010050950991873
1283510986343776256
1283753326782279681
1284675361578594304
1280424593409400832
1284868394727149568
1280141321399947270
1280263271254118400
1282875331054055427
1285278131239170049
1286799322047283200
1281632668686389254
1283740744503767048
1285371194775146496
1287924298561314816
1280688812600045570
1287393699064930304
1288075019516608513
1289013186746777600
1287093062246653953
1281390644490010631
1279831248433745921
1284445765583228928
1281054428318044161
1289011036356579328
1278652885488726016
1281371418941218816
1288812955279273984
1280678071142682627
1283773702375710725
1283735806755123202
1278431623239917571
1283876945315475464
1284251609376133131
1280103272695713798
1279485580808785926
1282762158334517249
1284410375337922560
1286095996171235328
1280877292298928129
1282641443279056897
1286290000187924482
1280669278849716224
1281405802784256001
1285707233863643136
1287855223294304256
1282705796036308992
1285614099586584576
1278732395567550467
1279728622983688193
1283427665492561920
1281360001378942976
1284640417095589889
1280065990089306112
1283915514046115840
1286250095860748289
1281577272827232258
1287125997180063744
1284089854003830791
1280986917178310657
1281651945741209602
1281550327980994561
1285381961276690432
1281351499210268672
1281380794288701446
1283179079601135626
1285684102008655873
1282417318979502080
1282722522631409664
1283207577619365888
1284507034847604736
1280264461039874049
1283261577840525317
1285596482570264576
1296475939073929217
1291131818423525384
1291347008972783616
1300545539742806018
1296596264327536640
1292907876424589312
1299688919924117504
1293385059701895168
1300533780344602624
1295788332308291585
1291588053278973952
1298667013150212098
1290679590340485120
1291387048398594048
1299139139107946497
1298759412358828032
1290270078592843777
1298388249690480642
1289926642316374016
1292880106332053504
1297354062216613888
1292941512536289281
1295868614042681346
1298033899935805440
1291886987855765505
1292636315847135233
1292505425728823296
1291142480331776000
1291780260309196801
1297707608669904897
1293335740215103489
1292399997200236545
1290684941467029505
1292458184968478722
1299807966665863169
1300416944202371073
1297993919993716736
1292824667565240320
1292200642023510018
1299389351156158465
1298261646222061570
1299430652257992704
1293901520442920960
1290792590330085376
1293883665320235010
1295768963003985920
1293848470479089664
1290913380757381121
1290985111824011264
1291577151343538176
1291781709042716672
1297983295473557516
1297320558342868992
1310598968188047360
1311380168838131716
1306196193505153030
1304211632931909633
1303490686411513857
1302025288428269569
1305932377093541891
1302952382775603202
1305307020007034880
1308569114521276417
1311272698501361665
1306575511754346496
1304821116553375745
1310728637130452992
1306666940795060229
1301296781393829888
1301951924804227072
1304065036290347010
1304780627510730756
1301204699559927811
1308530695053008901
1305687495003250699
1308852456802136071
1311340611371495424
1310954356775284736
1306743535262224386
1304932678270152705
1304836581627289600
1306056475639504896
1301832576307523584
1309251945341820930
1310736470689411072
1310926352015659008
1304900369042927617
1305210738181632000
1305822231537356800
1305640416931450885
1305860993822711811
1304859752032342017
1301159895652278281
1308758384833953793
1310730282899779586
1309892371581206528
1300608995019890688
1305695958898892802
1309106701887574019
1303409926648131584
1305647130661580802
1308947578323689474
1308900676827860995
1309614674871291911
1306720219495387136
1304035437250523137
1311277700053692418
1311363034489720835
1301682038261641216
1305468415621070848
1310732033568550912
1310920176918032395
1304934245819969538
1301363468302311424
1303410081577533445
1305373147403870208
1309974893077823488
1308553204892872705
1302349183685459968
1305264649143803906
1304866282869870592
1300607256233418752
1305162546660347908
1303436890021003264
1310736449105469442
1307458131782504449
1308883381393018881
1311272301716008963
1306415088027545600
1305652186056192000
1308579603137650690
1309167626896187392
1301248137487691776
1307046167222648835
1302892975761096706
1300915037998063616
1310699245364826112
1305274396739694598
1308774535257358336
1305643914918080512
1307089799732506626
1302702069929959424
1307092499190747139
1305685497461735424
1307315657164414976
1303445512218128384
1314222337034719234
1322193703151259648
1312448612564041735
1313993949154025472
1318345072744726528
1314426615733129217
1318680562442305536
1311463424916819969
1311463950358372352
1312483737410576384
1314333580848398336
1313530137720258562
1318899808632033280
1319447889479929857
1312880574097510400
1318167635503316994
1311445657421590528
1311463381413646338
1314526367921442816
1316691816440385539
1318240676245655557
1322323769340342273
1311859834132877313
1312725122181140481
1314362543910137858
1322324213928218630
1316168490433368069
1315972416036917250
1317843476076220416
1319443131495043072
1321925434062360577
1313860498698502144
1316722712870608896
1318177275410550786
1320135864392044544
1317822199299006466
1319437706951335938
1321815102346113025
1322379728947417088
1316035995146629121
1320519696777621509
1319586427001315328
1314130980261822465
1319302951085740033
1322140904099119104
1320617152358060032
1313660712175251463
1317622537468215296
1319255337678086145
1320101015694266368
1317801786309283840
1320091044051062784
1312736914609442819
1313729551537786880
1320206244796231680
1311492333456756743
1313873915303866376
1311610301868015618
1312825644003348480
1313644217445433344
1314720238886416384
1313475326413099008
1315776649317752832
1321793936554401794
1315391523207311362
1320487240343212033
1312084075763687427
1314380218853883904
1320109536380899332
1320679861502005248
1321997906887528449
1317983391808212995
1313457505910038528
1319633109944569858
1313258151886626822
1319312289615532032
1322549566734917633
1316848365158772736
1320042889150406660
1320064549727444993
1311479106136166400
1317801751810957312
1313274513237237760
1316102508696272901
1321237106736377859
1312514904130162688
1316535048334708738
1318359610076680193
1318375755231993856
1320075422126714888
1313898712100372480
1311449212614254598
1313100156456390657
1314640713750122497
1316132277622112259
1320170749148205056
1318539336116207616
1317215416914202624
1318904935380078592
1322348476282343425
1314235941188501504
1318337543956475906
1315104534792994816
1318684043307790337
1319399496770609154
1312058922522509313
1314334332509663234
1315233612183138306
1317633165268312064
1317936912418693120
1320903389409124352
1317472773535563777
1320587280717733889
1313987234702536705
1320100250162319361
1312834948903194624
1316923220449263622
1317581651371753472
1319624752852586499
1322328510267068417
1313279573933649921
1319792110321717251
1318334169894821890
1312723932932386816
1317734960896397312
1319008232623333376
1312160008935677954
1315993164738695170
1318475031396143106
1316779614866419712
1313659882298580997
1317817253124067328
1320734867441803272
1321084413904642048
1321796352368545793
1318612874156265472
1319331919604187142
1320168787094720512
1319316795895861248
1313630325172580353
1313549011945746432
1314215824387784704
1321099213032349696
1317803200783609856
1317820203573649414
1318172826784964610
1320733488971067393
1322589379110576128
1312489244997218304
1313145029142118403
1314356137014296576
1322143544715419648
1322192880463740932
1316146114081456128
1314198913084198913
1320537425827917824
1321792426369933312
1314001633538387968
1320801962003177472
1321171995854360576
1322259311150698498
1317858979146461185
1320374744219308033
1316191309158285312
1318344751855394816
1319692129061326848
1316501339052994560
1312509922538446849
1317987059500535809
1318695991860711426
1318697383132356611
1319575244525371393
1313644916925435910
1327621480679493632
1330665145085923330
1333294873089363968
1332682227428298753
1333455644268093440
1332684335581777922
1331590677088579585
1332294185374937093
1326229160486989824
1329882999056461824
1331985744412307456
1329518177672458248
1328403512850591744
1323417057606701057
1333146298476740609
1322694297465036800
1329758035556904962
1332513042450378752
1328730316417200132
1329961281940566019
1327642980115644417
1331217439661633542
1329110089479831554
1332710184972652546
1329216409533100033
1330142666412208130
1327388398999515138
1329166402192719872
1332127504312709120
1332188914149445633
1328751581840494592
1331280216610664448
1328823777870934022
1330895019134357504
1332306214575890435
1326983869183168512
1333389378102714369
1322930935977836544
1331775795371585537
1323229788962783233
1329224593320652800
1332792019090075648
1329617243332702210
1331370226726952962
1326701795725336576
1332853771261632522
1327224884058087424
1329574231177375747
1332141317879640065
1329540978517168131
1330644441380503552
1329821116278386703
1330487960274350084
1332836408411754496
1327003731846631427
1328677314360713217
1322763881052282881
1332855094254170113
1333172187742810114
1325843694226960384
1325855305394221061
1333038664180436993
1328496688873484290
1331609537078571034
1331077295470161922
1332809626010652673
1323689026709315586
1330520497692569605
1332378636893097984
1323069942816772097
1330886448535375878
1328527274002485249
1328494972669190145
1329454957121114118
1332846149770809346
1331250076908462085
1325965227100352512
1327818474526224384
1323452364435660801
1329985645712977923
1331243759779127299
1332149169432133633
1333046599199690754
1330551747262246912
1328712603690995712
1332757399963361282
1325169274986647554
1333363763852894208
1329844111734493186
1324743730562273280
1332692960434065419
1323849920562999296
1329658209502601217
1332483397554417666
1328615220890234880
1323399749681242114
1326522036148076545
1326133818839982082
1323253180738740230
1327704877502525448
1330895941273051149
1332214518953500672
1329200476735168512
1329426078868320256
1329438266580496386
1331027077995388929
1327351023560765440
1332474842948513792
1326164876205711360
1328761954454867968
1329488653874302976
1333426253957898247
1333480917445324806
1328558753696899072
1332126034318274562
1333049211928064003
1333444422315495424
1325088276236144640
1332337829540749312
1326715599226015744
1329766256719892480
1332275161614090240
1331626034500825088
1332162870159798272
1332857970204561408
1327075124588269568
1328519279080321026
1329420998567993346
1329203454447939584
1323722161232687104
1329652651852632065
1331371821376147456
1325947944735010820
1330549543872520195
1333090555082002437
1328500124293722114
1332304345581359110
1328838643616788480
1330255201593339907
1332002212286001152
1329968512241176582
1333165653537271809
1333250119941099520
1328760148039495681
1332078554922819589
1332022269284130817
1329233339119767555
1330017670297657345
1329156935673815041
1328550993827667968
1331346565571563521
1332897868546502656
1324735650122387457
1326587337275486208
1327784344484765701
1330600563009085442
1333201890662887426
1329564858321428480
1331424085570621442
1329952613635416069
1325830300635688961
1332304808896761857
1332367121725186050
1327059657844789248
1327601544951427075
1328476743234179073
1329078995304939530
1337433898779881479
1339031193845714946
1341574802545537027
1342176133152964609
1338677254965096454
1338955194734874625
1340295584570335232
1341168508416212996
1343367889932464133
1343565431391612930
1343623098566848520
1336708465457328129
1337200247609692160
1339292106385281024
1340080833886117891
1333926937278943235
1336313936648527874
1340078410077523968
1342856206482857985
1344261731720327170
1340053605081096192
1336842409389543424
1343732838487752706
1333887651083120644
1342641287485386752
1344008499861327874
1334472602631475200
1338253289536819202
1336502080530419714
1344494674929721344
1333611152279040000
1335574350821433345
1338545606642569219
1334666270667657218
1337673633511206915
1336164048967147523
1336803142999142407
1337103430490476553
1339047817550180352
1344389928222945284
1336480653546840064
1339224494204985344
1343747442945236992
1343776959432687616
1339946431025737733
1340151439558144000
1343551090760015873
1343591288935997444
1335575049823088641
1333758136407232513
1337166816418942977
1334656484781780995
1334924887987806210
1337804483288592386
1344094712827957249
1344198209162403841
1337683303730712576
1341215555488018433
1339595619669737472
1334664143467552768
1339020490573307906
1333599374388187136
1334661489941118977
1336663610983133184
1340414527289044993
1341401042253189120
1344357170087923713
1333797576542351362
1339755085849452544
1341740442711298049
1342838977393471495
1338669663258107905
1338787252852449280
1338940376149843975
1339612358776393730
1340258688330846208
1333890480380243975
1334124068484870149
1334679452161351680
1339026091026026496
1334725838915444736
1335388427596992513
1339060798920994817
1341165645292027904
1343542885040459776
1343544562850140161
1340171446241267714
1343934177494917120
1335710882756784130
1336682591592833025
1337198275540160513
1338621774389522434
1339331754835009538
1338447431227355137
1341800757331423234
1336784027517411329
1336805995595567105
1340414336360132608
1334145307270144002
1337884774388682752
1337602925942644737
1337007551754481666
1344010727724642306
1338108655040868352
1339246707977031681
1343593772521828353
1334145756157054977
1339744332044148736
1343585465807630336
1338203837153366018
1343680787489697797
1343717257843773441
1337791027114110977
1335990495277948928
1343981666436579341
1335342017451335680
1335702975059288066
1337179594609348610
1341753035102564354
1338994218975588353
1333611556937076737
1340282254547963907
1341928220808122369
1334532013882273793
1344287312721666051
1344503302625615873
1336049460598726662
1339417711030484993
1340309771925254144
1343926483736289287
1333927002714365956
1334142459966787590
1334900338722107398
1342183156246605826
1343634165141532674
1343788135772286978
1344273177942306817
1334994911070924804
1339700417316401154
1340342662105362435
1339012639960297479
1344004037813755904
1344405008259792896
1336091153377189895
1336313106151182336
1344057762255351814
1333867487637741574
1333587799455444998
1336179198805733376
1338486850546257922
1334164494466035717
1340846726371020801
1343018058894467077
1344072188022968321
1337866878291603456
1333777270545260545
1334620020001939465
1340037798758367253
1340352570368413696
1335724702317371397
1342124915940601856
1343183799622971392
1344094090275803137
1336834274952179715
1338246532508815360
1343709012261527558
1334594372663439361
1338130699405111297
1335706393664516101
1335335236733906946
1333597847531433986
1339228619986628609
1343704323222614016
1341368298575945730
1333908186282094592
1335366681334407169
1339545646483845120
1339698983221030912
1342868288104181760
1343370441658916870
1337922271520940037
1339687679869509632
1341532823778439168
1335566471628513280
1343717804516716545
1340780639063293964
1344163593344806915
1334185984905383936
1336299184341839873
1339340667043143682
1340462509518708738
1334654477043986444
1341566347214548992
1343344783562076160
1344247840453832704
1335385890194141184
1337454422423724032
1258386792929284103
1264180919910502407
1264943861073358849
1259910830503735296
1265252038625112064
1258347944039899137
1266119878865494016
1264287643338256391
1266837625828188161
1256011230441021444
1262881864764833802
1263933095994155008
1265285971093921792
1265504009919569920
1261068282271944704
1263850163396841474
1265627502845874176
1266871264737742849
1256264797533937671
1261406172298350592
1261775970819805184
1264010715159035915
1264532605388627968
1260167838955909124
1261345320224600064
1260364682487046144
1260947918313459712
1260685610722918407
1259482873083682817
1256022021483515905
1257373277447753728
1260185455149985792
1260551244780834816
1261060795674353664
1263455415926509569
1260262371840462848
1263931065758081030
1263998799418142723
1264269871203876867
1266186124260769794
1257363197667000320
1266857463631904768
1267098990941700097
1257660784852840448
1260182938408361984
1261774479929356290
1264952591294902272
1262734899674570753
1263492700013289472
1261686647394988039
1264181711409229826
1256957591688581122
1261026356416188418
1262920104855158785
1266894274806927360
1256695537287303171
1262918897260519425
1267109266340696065
1257300099866087425
1265190294754131969
1256383779280547840
1263259988480471041
1264526569776787457
1259139933190664193
1259900012198334465
1259967159322718209
1260155256538832896
1266733467192131584
1259260621109047296
1263502625372344320
1266860267964469248
1258348455862378497
1258842496924344326
1259436132393254912
1259347213135892484
1263529103723880450
1256812705861664769
1263773440835760130
1266866174354247680
1256516726767919104
1258421934162927616
1258887487721799680
1263606557633384448
1258780351213830150
1266322279799173120
1258211078342946816
1258520792553275394
1262364866008027142
1257442458868252673
1260366587770568710
1260090831286960129
1263154423502700547
1264004857830297601
1257888264058519552
1259965801836285953
1262060398204854274
1257702098529116160
1256558292215697408
1257390287682502657
1261838610325811212
1265805874104283136
1259522418508394496
1260331003320528896
1260561316714098688
1262565683520516099
1263806424917970948
1263485228158529536
1256926512197988359
1265260903202803715
1263219080829513734
1259239169441828869
1263146350176280577
1258725450991448065
1264307279001722880
1260728310998450177
1266924977930088448
1260158249937989632
1260259944705728513
1264550048844713984
1265105205865123841
1263619441352269824
1266836895285129216
1263250827243851777
1263903589803556869
1260816406280409088
1262900717116895233
1256054558037438465
1257689420209303552
1261009538959974401
1265792508925227012
1259502923752620034
1264324653235003392
1262912056354902016
1263257581784571905
1263250079638532096
1263541679862079488
1262895893805588480
1256348698130485249
1263246118999093249
1264214254019698688
1267008951813627906
1263982169225138186
1256708088427618309
1259852880221265922
1262728804369338371
1262154950936629248
1256192571623256071
1257475926549389312
1262831159114903555
1262710048654049287
1264128410151981056
1262714432372834304
1266726357154889729
