1180623704893661185
1185587939805413376
1180246218900828160
1179557571952365574
1183776851904225281
1185606539941470209
1185366333749432320
1194228349926854656
1196221481866420224
1192990190983434246
1198727998280785920
1204782970701303809
1205595512256249862
1209492281394450433
1210958590749675520
1201992532261064705
1215352544890970114
1220555860629446657
1228006734410768385
1227085095934124032
1226843260364185600
1239512989381922816
1242156714960596995
1238530269604347904
1239949621876666369
1238575567877914629
1238152781950746628
1244721130109202432
1245086457305407494
1244660884388982784
1238500070552743936
1246276521708253185
1252829494450110465
1247574939843981312
1252270866630447104
1253192016680214529
1246533589430198272
1249734141559504907
1254415075001069570
1254383885674328071
1245445966934626304
1246452719784730625
1246820463885467654
1266494715072876544
1260998384275484672
1270481032131706880
1277245609250963460
1270164075587092480
1271583409987391488
1272202272508751873
1267521430930853888
1271513193945288704
1271311459201323009
1270808148601864195
1285444589386469376
1278861176525352966
1289204267119546374
1279426606168043520
1282670450930114560
1284855788662517760
1283602583051923457
1293719330669105154
1293356851522760707
1293356851522760707
1299775613834637312
1296814406567751682
1297373187374641152
1292793242719866880
1306981409496551424
1305677843624419330
1301957809551089666
1309845353399631873
1309845353399631873
1307912578106966017
1315341562830757888
1331816718503579652
1326047174073802753
1332872018899832834
1322936681461215232
1340512499855052801
1344287463724912640
1344287463724912640
1341994009888227329
1338670264402341888
1338670264402341888
1266494715072876544
1260998384275484672
1263203126732980224
1261270808409882624
1257540600183717888
1256887492294389760
1262355149663526914
1257487860799684609
1261859099890708480
1260017062123995136
