1182336998633279490
1181577925331685376
1178804218716737536
1183109836218744838
1182650825988104193
1185791275452293122
1181176207284543488
1184514600630398977
1189250532738830339
1180499633975496705
1181317064750968833
1184602347953119232
1185144643484372992
1183715825838100480
1189618540317417473
1189258443594579970
1189497723172483072
1187686492682031105
1179764144511373313
1183744671928983565
1188542885303599104
1189140311848771584
1183079918235803653
1189132520954064898
1189463975827628032
1184919007348047873
1178841460109713408
1193215475884253189
1195992467855872005
1192822428898152448
1192382590642270209
1198325596335591424
1194979623974645761
1192597740267683840
1200095826116317184
1192833738381680645
1196484100456173568
1211288512387014657
1210207598093504523
1205587260869087232
1202441261434757122
1202543019448098816
1212013288587968513
1204426885205286912
1212078970650472448
1204742329044733953
1207147601893756928
1205581265522413569
1206562781685833728
1210584555712897026
1206577364668493824
1223349590050500608
1218533253130354688
1217486983502684160
1220378173147373568
1222000403270852608
1214740996141076480
1220731236966195201
1217995744763727873
1212995183090044933
1220489269296488448
1216785470740451328
1222838704378728448
1216679555726897154
1215050066160967687
1216018299273666560
1226536993636704257
1233812059076341760
1233812017171116032
1233755759961411585
1225581749683572736
1233524033326657536
1224338698218635266
1227007618717298688
1228745542731288576
1226996210910756864
1227021539616288768
1232439905126453248
1231418000521211904
1232714653001605124
1232451431048736769
1233476196203221000
1228025170465447936
1233877469264064512
1228060950605025280
1227738031605633024
1234092315712552962
1239928599119044610
1241525927848349698
1236817131678900225
1240412232116326400
1240976072075812869
1238794317147316232
1242137203863621632
1243200505926619137
1237823066144681984
1239861377906487297
1238092525610598400
1235815569942700033
1241382601652342784
1242103080130404352
1237850443658620929
1238456567789490176
1240779339073019904
1242125383530618881
1242224167753302017
1242278045068734464
1242805919492308992
1238595889284947969
1240591997871755264
1238083068507930624
1240639919695048710
1243393854310514691
1237438579833520128
1239592770018385928
1240729238132740097
1241545395169374208
1241404831442571265
1243151799881613313
1238053968439390208
1235886343579996161
1237904627082899458
1242137203914014723
1242560283866009600
1243721819510669314
1239088535455465472
1240434722561503232
1241800996743000075
1241095497739354114
1242171303282556928
1243285733533782018
1243335746565615621
1238842072951635969
1239837092898889729
1244439446742863872
1235208368068997123
1240746544762179585
1241818755489021960
1243234420422774785
1244458215800295432
1244713407502258176
1240724038537773056
1242125619992956928
1241429087123640322
1242414983432077312
1243597830897401862
1243598102839377920
1240373015881437184
1240617963260182530
1241047375377989632
1242827113759215617
1245048213641494539
1238283406108233730
1241113557992902656
1241799767518314498
1244807036044541953
1240038243330072579
1240270981052145668
1241772885833920512
1242191376688832513
1242801060726607875
1243953145442680834
1244612304722956289
1239616875148918784
1240474576787832832
1240589189911064576
1237977346902315008
1238496297537110016
1238753452513165312
1239851118634487808
1240960583274393605
1242438387157676034
1235567008097480704
1243137579060547584
1244905822687297536
1235683258404417537
1241777140800147464
1242062437794435072
1243273646875033600
1241092954019770369
1241344810981699586
1244562244802727937
1244715100767952897
1237362587878244353
1238835069474783233
1242034916566749186
1242383542933499904
1235731238394134528
1239601578535006210
1240636908767776768
1244757984170913800
1239592769657724929
1242100708444258305
1242711434267672577
1242837161121964033
1242205996833034242
1243201072652525578
1243912324815044608
1240356091483037697
1242126293677871105
1243152916703215617
1237548933024378880
1238217619259437058
1236004946073567232
1238088958980096000
1238269090088783873
1241147420446097408
1241441839955263489
1240496986933071872
1244701525047414785
1237146161661628416
1243685819786772480
1246179899750133763
1246481602324172800
1247934673315147778
1251320392612020226
1251561888049172481
1251299311486459905
1252178454931537920
1253790821494611968
1255537832468385793
1247630143264296962
1249801840646066178
1249864646166753281
1251527742211883008
1255559667909922816
1246072991139745792
1250880047625494531
1251148114037108737
1245460832483512324
1250411529301831681
1253637444114829313
1253730821372030976
1253990223438110721
1246152099919994880
1245446523535704070
1247555091571277825
1247644704017018885
1251338239346200577
1254857938176323586
1247757301563289600
1251304464310579201
1253036156524036097
1245367337223622663
1248142720779993088
1250879705223397388
1245712960460189696
1245721521034854400
1249312520537608192
1250826458790051841
1251113781196992514
1254815328426700800
1245305043458437120
1246019395555598338
1246234299860283392
1248230134273970177
1248577644926558208
1250883989608509440
1253814764574330880
1247866798730551296
1249634055894609920
1251428916016885760
1252933144459739137
1246199081808072704
1250554755954376707
1255204955641860099
1247669552969891841
1249045104305864705
1251222883432628225
1246818642265878542
1248184542185361408
1250327147861798914
1254960859744473092
1254838149240373248
1248794201057161216
1251146640276156419
1246445015284551685
1250743238060838912
1255948958062522369
1248248677275070466
1255218770617999360
1246359296884932608
1250878974525399040
1246966470178938880
1247062836297240576
1247978673178849280
1252247260093702151
1253166008011034626
1253650917968183296
1248731190040854535
1250907304008056833
1247476900190195712
1248954440117358593
1252645771691859968
1255152307882217479
1245700923025997830
1246171646966124545
1249738917693329409
1250221205292027905
1248668573012197377
1250791043966144521
1246392949417684992
1247293162311290880
1247469627245879301
1253367786165932032
1255684196833660929
1253478550734135296
1246012112746565633
1246589784761475079
1254818211435970568
1248586188723806208
1253063243356164096
1253322242697691136
1254857929175396353
1248097996014837760
1250575796856651784
1250882036526702613
1253468654991298562
1253530744661569536
1254107851540348937
1253174060600549376
1253279891736461313
1245464555305799680
1255224920889593857
1246067466561884166
1252604100404969473
1255132835905564672
1245442021013311494
1245720132732833793
1251633862582718464
1254076700440137728
1245506676217667585
1245867843549155334
1251254546220961794
1245442682144657410
1247646049478598657
1253440235784097792
1255646914105806849
1247247829858422785
1247259326512795650
1249784310460227584
1250211412225507328
1251238385567457281
1255781143946891265
1245342438731980806
1246020214074028032
1246919876276559874
1255491330148622336
1251700092945432579
1249191137404956673
1254970618539397120
1250547483140374528
1254858903537344514
1247150361019809799
1250768803870527490
1261667472647864322
1261680305888346117
1262748214249193472
1257694998583074818
1262475659974230017
1258716498245361664
1268426718865326080
1269266363979370496
1278041359648161794
1274104338470879233
1273969814567084033
1274969518540980224
1275340299951210497
1275847381649678336
1272569648043589636
1276545784108863489
1277596028414418949
1272983213602942977
1275547787204218882
1271485662533955586
1277647388669349895
1270104824617619456
1271099662989213696
1275514757055832064
1273282897714315265
1272876217109221377
1275377271990292481
1275493656196263945
1268737080575827968
1267461284590751745
1267500322919940097
1269227713455423490
1275416597767901186
1277615703206629376
1283465314072702976
1280121384719601664
1283472994900283393
1286761632241266690
1288464544851869696
1278646585027702784
1282779663056740353
1280090835024044032
1286364630961577984
1283079735086637057
1288030453648117760
1288077631515250689
1286685941852246016
1280562732329304067
1286289919867080705
1288123755034681346
1278485880374734848
1282825724517392384
1286263021799706625
1288308650960982016
1278720853685960711
1287847016123576322
1285298969409724418
1287535061659578368
1282704402755678208
1285316509963898881
1287046689749114880
1284110574121627649
1279044755054346240
1281957420533678081
1280074540144398337
1283412695950163968
1284090282250821632
1288589976704356352
1287025063859019778
1288519121949405186
1283253717727207425
1282632573227798530
1280090361046712321
1288130585962131456
1280123202446995457
1285304476518187008
1280050741680300033
1288168741553860608
1280131714178834432
1284854055769186305
1298440260217647104
1289740302576521216
1291364568157962240
1298645814449905666
1299067410843041792
1290971067142545408
1291467471057117185
1290330490033995777
1290349641243021312
1290938903172648960
1298548201126006784
1293184735724761095
1292099064461430784
1289744979984867328
1293881939477364737
1290670072869138432
1292802046593323009
1290589916108382208
1294312333804806144
1289938218159345664
1290218699249549313
1298380745552138242
1296052074317254656
1298670406501650433
1290970192684744704
1290429853087539201
1294401317100691457
1296141261540216832
1292767024133935109
1294038923665178628
1298705934848385024
1292893426200059909
1291146151610155008
1290748016215732224
1292914143545176067
1296920085546840070
1291842062678024193
1290311405942513665
1291515229919207424
1297576544462868480
1290271899692539904
1299738216724004864
1292480763238244354
1291915326112837632
1298716722015305728
1299793289508515843
1290826516801236992
1290273354419785728
1290112457315213313
1290262085138386945
1306015839221579776
1308861150780682240
1307052173763674113
1310530658255728640
1303721096546574340
1303464441317601282
1307715104255901700
1306189069651771393
1307273738229030912
1306705319909715969
1306010786498781184
1305975331858403335
1305949460946653184
1310996794722009088
1303825186727366663
1306194689943461888
1301888288987525122
1310959023756390405
1304854400091922432
1305933251157127174
1307224146573586432
1306204007434723329
1301610181403578368
1305932382013460488
1300872768297328645
1309597610026496000
1305952692133670913
1303023713303113729
1305606945815048193
1307716904925224961
1309167866667819013
1305909414352891904
1305984471729012736
1302267835733938182
1301601229253083136
1306728111870849026
1308381033931440128
1310057530660401153
1305966326872236032
1306241312367292416
1311273590441029632
1306093330045042689
1301310007321952257
1310669912042594304
1306209806219464704
1308028471097143301
1306098766202667009
1306995700765466624
1302149887694270464
1314884024767320065
1312020980936716289
1321461184730726401
1315388525920092162
1311771015324880897
1318742805079085057
1316038570445099013
1317649334691823617
1313105932541403136
1313589931407740929
1316472883833602048
1316848070525702145
1319774410706800640
1320041343759142913
1322256563554422784
1322310489381216258
1314865054521667584
1317329225125224448
1318161654262149120
1320376779907936258
1314308126213111808
1319262906681360384
1316927980116021249
1315003105822404608
1321402292541808640
1322342252832841732
1320047226148818946
1314522620734382080
1314646845851828230
1313081441241137153
1311662728843493376
1317552124352495617
1314005866119680000
1321063573099958272
1312028980204183559
1314834280904896512
1317132833563975682
1322150637480665089
1316025404537237506
1319071789549584390
1313439112481902592
1317843134118756352
1320827421990543360
1312041872668332032
1322642007823699968
1316399235399667712
1316396550063632384
1327218668095332354
1332346195730194432
1324848122959462401
1328710925973647361
1329420266674466816
1322722940459405312
1328747563193950210
1330975044797775872
1328362949510123520
1330585840964173825
1324741590104104960
1327602938299224064
1323276277378359296
1328721629824880641
1323343604849532928
1329250555328425984
1324301345097175040
1329834191815630856
1326692697277542402
1330236121704488960
1331735618926350337
1328704449951510528
1334599044677709825
1338058189397499904
1341105299801849856
1336349164599345153
1341338505474093057
1334118658986139648
1343936006211383297
1340097525974327296
1337840146557886466
1344621254817574912
1341454599408898048
1336060564884303874
1337746781988380673
1338264188226048001
1342262283511214087
1344691085780647936
1335254396716818436
1342128402686423040
1342573696289017858
1341180155553853440
1339956871793422341
1340759122782740481
1343938337002958853
1336239898777554944
1336098001748635648
1336731467473424384
1339371736442281986
1341932058340446209
1333830006888337409
1336600847975936000
1261667472647864322
1261680305888346117
1262748214249193472
1257694998583074818
1262475659974230017
1258716498245361664
1263241998431064065
1266006578060316672
1263465654151151616
1257664950169935873
1262449898579951618
1259941319801221127
1259226896568594433
1257330105904500737
1262489771244507137
1257605204817481729
1258796181636947968
1257401417691811841
1265634455630368768
1257759359809073153
1266074654478909441
1257301361995243521
1256163317321805824
1261404799645257728
1263593057754050560
1264971996489793539
1257231374894891008
1258749186113245188
1256125154423214080
1258127567720198144
1265707283864059908
1259662456416120832
1261278068745912321
1261032131452645379
1260652060489379840
1257998288084766721
1266189585069064193
1260918243608473600
1260330399311507459
1260345139857326083
1257988884987813893
1256589017237381120
1266081893222502402
1265391489791586304
1258806579324952576
1260979664882892814
1263444493870776320
1263369961092689922
1259113632417353730
1263166718035312641
1266692970050465796
1258421088826130433
1262335612180484096
1258945545122590720
1263434515629867008
1266534296623263744
1257280674739912704
1257383136356438018
1259044621184839680
1257355113531936770
1260242658670391304
1257295681284431873
1259030541241921537
1262786602620903424
1262698163602890762
1261494151113310208
1260759606650900480
1258522698344366081
1258778690776899584
1257679958291423232
1263429348243189769
1262728158933127171
1263645195519713280
1263091583316041730
1259954183945498628
