1233737714027159552
1233476148711116805
1233766267192041474
1232693091208966144
1233146904935981057
1233431008042725376
1233528517670899712
1232769307513380870
1233830733128572937
1232700647289630720
1233522467576127495
1232393117346811904
1233043029965115394
1233435252527435777
1233079411907420160
1233136265073242119
1232019903605039105
1233536959571808261
1233398253477138433
1233568047060979712
1232394825040891910
1236282492338003968
1237919010248962050
1238549463532285953
1238945853710241796
1240046992321138688
1240086753018511360
1241066050910904320
1241475325823012867
1241523375157071872
1241748382135324672
1243145685630881798
1243284966278156289
1243382865209024512
1243640789244272640
1243701920751128576
1244728356815409152
1238316141421961216
1238647034632196096
1242179324855402504
1242471568762179585
1242896076241285120
1235409108259532800
1239600248944594944
1239670541855973376
1240375664609570820
1241066410291281922
1242423514667331584
1242973655237382150
1242989978965155843
1244742871116365830
1245068132475166721
1235223961924968453
1236373769251323904
1237891052574400516
1240695947627134976
1243135087304196096
1238252773776515073
1240444870340366337
1241038061259161607
1241768447085854720
1242787643143962626
1243194279909945344
1244307721622630409
1244716870701326341
1237550939193540608
1237816155559124995
1238565720499290112
1242570877327282177
1242586002809597956
1242757166941065217
1243502920819265537
1243632901025140737
1235928272661344257
1237196205106446336
1239243220539912198
1239566116633980929
1240825813446144000
1241052386556338177
1242770203227951106
1243994304093335555
1244973918542331904
1244992434616119296
1237165346777436161
1240380982143877126
1240446382449799169
1241276263781871617
1241830850687315970
1243588914574753792
1235663550519160832
1237757728560500736
1238833585509085187
1239041626611146752
1240019422124834819
1240740573428043777
1241035736616513546
1242641076604866561
1242919466440232965
1244688970254094336
1236672572709842946
1238184534690205698
1241085179298529292
1241173984353431553
1241354759229095936
1241408846670815232
1241462977099788288
1242175299359576069
1242224552714866690
1242504097128996876
1242581285320736771
1243273378368290824
1236284295095951361
1241101829527781376
1242973468234256384
1244616017243930626
1235966465565736962
1237331040580046850
1240710039565893632
1241467199656787975
1242432532261502981
1242476221411311617
1242910869446631426
1242942487724990464
1243968227199397888
1244741769368989697
1236813062973394949
1237016284644204544
1238131344057786369
1238900458594304000
1242770215814852608
1242833909970358273
1242943246323593221
1238514297493389312
1241446501617893378
1241728888130150401
1242601090618667010
1242847659431518208
1243300718150385670
1243414448343146499
1243672432319365120
1245095353965109249
1241067729794117632
1242887501280358401
1245041967664431105
1245064210180005891
1238223236716015617
1239588934818070529
1240617943173672962
1240785097420427264
1242498262835183617
1242506185842069506
1242555825899651074
1242557548240257027
1244723938460143616
1244848908674772997
1244942519420489729
1234872198374055936
1237436293736513538
1238279169747886087
1238420493205671938
1238827150645645316
1239667836244701187
1240041294560407552
1240056389722083335
1244491793053302785
1238462655356166151
1239322576595423233
1240441722540183552
1240725197130530817
1242148007279235072
1242483772169375744
1242502981670572032
1243863519910658050
1244827630458855424
1239244168062308352
1240006800352653312
1240065389729476608
1241137925808668673
1242081722562469891
1242159462233673728
1243012298370953222
1244619585732653057
1244934321506603008
1236812074988298240
1238452149346095105
1238613194978938880
1239564928257789955
1242938204589785089
1242938566054797312
1243272024346279938
1243511316716929025
1243545997034303497
1245067957140668416
1235597188438294529
1237820372940177408
1239877427163279360
1241072105703133184
1241533237501087744
1243247767734169600
1243267865781960712
1244677368658231301
1244683458980597761
1244727579191529475
1237094706477174784
1238454685843034112
1240731313952473089
1242057574868045824
1242723970807263232
1243257390675431424
1243337285711491072
1243948837204561920
1244065487392329728
1244285294448390144
1244641420629204993
1237477731077484544
1238884736719900672
1239150310465122305
1240330251818930179
1241797525822210056
1242269610004615169
1242627408169259009
1242857224847986691
1243549090501230593
1243626354245087232
1234886648833495040
1235227495080718336
1235951994378084352
1237935642946002946
1239291382541451264
1240986149453287429
1241019792582205440
1241098901232537601
1241155019635863558
1241787172967141378
1243111286780710912
1243309547349032960
1243498470318706690
1245019541119344640
1245023673687343105
1245098683873591298
1235588415879553024
1237698817862008834
1238155471569260545
1240300354677374982
1240609059222544390
1240667404516065280
1241123922126475265
1242195191194320898
1242439370973622272
1243199203385507841
1243984782591242240
1244483188900024322
1237698455147106304
1238456834803085312
1238899310286319618
1239347568062205953
1240381073143578625
1240760783107239943
1242531813706227712
1242778372847140865
1242896353283510273
1243911358892183552
1243926657880260609
1237935992713207809
1238838428814450688
1240678277343141889
1241104742954291205
1243181743240368130
1238858336487030784
1238973190053015559
1239501050211717120
1239763408649515009
1239901855716696066
1240969709752913921
1242285837338853376
1242542112983461890
1242830295256236035
1243215885722103808
1243289819821768711
1243575375348842496
1244685139344588801
1237186061182402560
1238078378655256577
1238556107423055873
1239654557828788229
1241871077950869505
1242576764800565254
1242887162095456263
1243204211434827780
1244395912228634626
1237212030354034688
1239547464174034949
1239642152193478658
1240337827793113089
1241023763887652865
1241069320521895938
1242407484595286016
1243694296479354880
1244553025710182400
1244622043720691720
1244649989957173248
1244705567542849537
1244730297955958785
1234691380363943936
1238538425114013699
1240423247830753280
1240599980022398978
1241707258356080640
1242470746946965506
1235273426752942080
1238856171995279360
1238972042306703360
1240421363925561354
1240456801050599425
1240608578358083585
1241741622070607873
1241808600311435269
1243946586599718913
1244500720868634624
1238550777796481025
1242200469486911488
1242771669070090240
1242889976880214019
1243348638287433730
1244626515310137349
1244771752510730241
1237091097094115328
1237409263624114177
1238230112501477377
1238424908255956993
1238532930818969601
1238815381046902784
1239189580622049281
1239484649732214786
1239522048801636354
1240604775995097090
1242251143402717187
1242891939202072577
1243710693347655684
1244030413678542848
1245095076822425600
1238430515289632768
1239274205247606791
1240339577765793793
1240630999144374272
1243592760717971460
1243678593030459392
1243976637412257792
1244643941489704960
1244714894173315072
1245062208587018240
1237331587857031169
1237467237541457921
1237873724033884163
1237875888756162565
1238428543857709059
1239598074886004736
1239616442619908098
1240589591532503040
1240753829341208584
1241035272105734144
1241042440389361671
1242057913620926465
1242175881780625418
1242550199593074688
1243171300333572096
1243179448415014912
1243512972527493121
1234120575083257859
1235942259285209089
1237884615034941443
1238849213548474369
1239661454414020609
1239709899115896833
1242911725072134145
1243004270514970624
1244679794110988289
1244955527903395840
1237118875998793732
1237502541102903296
1237513086413811721
1238886702279806977
1240687160249868293
1241801836027404289
1242552485929259008
1243263501742866433
1244754675271786499
1237709484925104128
1240304018372558848
1240387345083518979
1241465094019710977
1242276392164786177
1242548541094068224
1243144127916761088
1243163741031739392
1243169731676422144
1245023388206280704
1237458673787641858
1238872624777789440
1238971263357460481
1239706768885911557
1239999110842851330
1240400175299952642
1240449066552758273
1242593474215653377
1243033949963771904
1243299882015887366
1244089810962255873
1244664170127200258
1235015497193787393
1238824686647234560
1238866634057621504
1240422094736953352
1242491063593508865
1243711334161829890
1244670065372520449
1238122995895488512
1240322705154543617
1240676687190405125
1240732685254852608
1242843132468826112
1242887598491807746
1243027502731350018
1243304428981157891
1244581652334030854
1238236445804027909
1238467539211931648
1239255316891684864
1239662028387684352
1240409487267074048
1240711126905769985
1240811014649786373
1242922309675032578
1242976764084830208
1244060712743419905
1244690250758098944
1234873212770668544
1236018293519069184
1237703421081378816
1239166398712201216
1240619005221777411
1241022148803731458
1241411937256308737
1242206208003538945
1243876111668387840
1243993890648207360
1244280611445055493
1244701683256422401
1244816832835526657
1245106876477575177
1237156322153463809
1239573044659728387
1239990636545290240
1240369451779928064
1242451733940441089
1244716743538376705
1236075213319745542
1237778846558142464
1238951741955211271
1239652266694422528
1241421962901164032
1242783514023669760
1243432072309424130
1243561832398368769
1243793665702522880
1238097369935368199
1240429037081804800
1243286436184502275
1243334045938876418
1243341580133695489
1244693870442668036
1236442540141948930
1237935520208113666
1239272694748598273
1240711334444097538
1241495092218732547
1242147003758452739
1242854739525730304
1243296413984985088
1244479077450473475
1236386417279893505
1237436020628639744
1240012568258908161
1240059547726815238
1240402179313238016
1240456332328734721
1243570494386864131
1244324346010783751
1236455192909860864
1237374576566439936
1237578903369080832
1238307463297933312
1238419906942644224
1238458693596971008
1238836824593727488
1239321202499485699
1241048552475955201
1241481666922557441
1242141638245470208
1242199916522418178
1243905387629293568
1244103795304361984
1244589162424139777
1244752897558142976
1246199697666080768
1247949648557457408
1248027753791832064
1251304209812721665
1252772852010553345
1253369847423082499
1253479475276324864
1253726341855416321
1254013332853571590
1255291390189322241
1245339287773761537
1245430984750837761
1245480520391294982
1246082443620335618
1246552112764502029
1246934816442011648
1247228412852424705
1247255219446087683
1247674137348358144
1247876835452391425
1248394096441348097
1248582733015797765
1249448630924251138
1249699041228832769
1250153271836192769
1251308455320829952
1251920634948530176
1252996767098028032
1253098345964408832
1253880922153377794
1254914813442109442
1255310930520477697
1255925990259392513
1246484444753649664
1246833163709472768
1247309389083664392
1248056180141887494
1249654040687935493
1249697618587983873
1250898910085885954
1250899136104353795
1253273591870881795
1253654282848612352
1253841263796903936
1255811785837416449
1245531996065062916
1247132543616507904
1247196374258470912
1249043592720666624
1250948842088017920
1253303542779121665
1253741911858446342
1254085960696037379
1254189070063939593
1255320585267228674
1255906350862872579
1255935596536750080
1245288610200350725
1245319559944589312
1245384418275012608
1245506760775028736
1245883390047465473
1247355657109614593
1247578041620062208
1247915611826651138
1248218028791259136
1248988521064534018
1249371874888495104
1249535912356143107
1250408958399066114
1252424841359028229
1252779502872285184
1253072387094044673
1253788142693466112
1255143989440729088
1245119786339762176
1245443878498512900
1249141186159411200
1249320646657691652
1249898602601873411
1250228132923179009
1250444884122705920
1254808233136570378
1255906914917113862
1255926949534486529
1245406418146074624
1245730383611772928
1247596482229948418
1248412029917913088
1249475405574295554
1252705099123691526
1252712912269062145
1255971688690245632
1246543893946159106
1247350280909238272
1247592570387079170
1247907227371003906
1248654269928136705
1249849810926125056
1250741993904324609
1250756804931452929
1250780484055031810
1251112328826937344
1251182193336029185
1251788563684954112
1253748542281093121
1254801994918887424
1254860853788045312
1255230085449363462
1255493693903114243
1246849373608087553
1247206787100655617
1247581835523026944
1248624400611463173
1248667141492084736
1248689829203914753
1249140108458106883
1249495691703005185
1249667257170624514
1251666189543182342
1252034194324283392
1253104167889092618
1253524141539549185
1254842948199559172
1255124378649493505
1245846969223974913
1246485354154274816
1246762733204320257
1246873095056564225
1247044985616240641
1248660570993278977
1248790526737989632
1249159952729505793
1250022769900879872
1251141485380038657
1251299287046197250
1251501985171419136
1251758722529058816
1252942506129526786
1252963100283875329
1245358656264298496
1245876435966984192
1246531106893172736
1247190882941534209
1247223587838267392
1247717180571033600
1248313214154215424
1248994231252852736
1249107758189871111
1249715093409075201
1250376838825873410
1251292537815433219
1253788301674164225
1254755137526079488
1254850963455778822
1255552986551668736
1245313977762164736
1245325222229807107
1245533020108529664
1246507026093572102
1246980230847356929
1247863751988125696
1250231611553198081
1252264331401670656
1252375147794755590
1252748705624723458
1252757701463085056
1253485744691142657
1253799083652689920
1255141235783680003
1245318284838195201
1245340968813035520
1245680966376525824
1245917761798197249
1246261327078797313
1247171037294481408
1247271669531582466
1247661647612776451
1249546057350107136
1249755969179049985
1249814290707742721
1251280925079621634
1252962826169257985
1253342978342621186
1253633376621342721
1254369308567887872
1255078103103266816
1255110651401379842
1245187352647131136
1245341281376555008
1247615079819948032
1247898989778722817
1248670091639693314
1249725675214430211
1249784184006160384
1250751435274362881
1245763642462789638
1247578446420729858
1247718868052840448
1250043086216089600
1250581014411264000
1255148008150142987
1255176384990846977
1245153448703561739
1246099716837957633
1246436687628111873
1249697805008089088
1249800543725387776
1250167881729359873
1250926687174512642
1253309494379122691
1253309959573516294
1253708925964189696
1255229195376037889
1245410123335467008
1245851585957244930
1246871645354184705
1247887996491186184
1248391773694525443
1248659127351607303
1249743701183733761
1249789995935608832
1251005283276599297
1253397024122249216
1254135009792995332
1245355907753455619
1245906074252840960
1245922108124758025
1247137642237624320
1248072835739811845
1249882017501773825
1250240818272665601
1250463211759063054
1251347318705721344
1252623917564526594
1253298455725785088
1253633782940393473
1253690773935177728
1254489527298797573
1254764750069628929
1254815559042183168
1254866539720749064
1254920168876191745
1255299226810155009
1255893524924506114
1245336880075472897
1245402187712339969
1246586911117979648
1246824976591859720
1246868533746810887
1247169962189471747
1247252773961334788
1249026356425510912
1250530902939222016
1250792408629088257
1255089176074235905
1255264405685710848
1247245308192534530
1247655039507861506
1247968988275097600
1249748106385784841
1250231090704515072
1250803465628123138
1250813599968301064
1250975179079069696
1251163811530203136
1252717660783235072
1253384535934369793
1253726065165565955
1253727288102969345
1255172818154725383
1255318944560357376
1255504841549451267
1245426394655571972
1245719491016658945
1245839752235909120
1247210255215403009
1247865657129144320
1248395519660982272
1248538860193284096
1248604962680115200
1249045861885267971
1252960273096495104
1253013791153041410
1253104629346455553
1253677708892155917
1253894197154807809
1254369456127524865
1255574574844051459
1245168067497295879
1245416822767104006
1245438438247145472
1245455742938886146
1245718593406259201
1246559215608610818
1247191127180091392
1247669864057233409
1248436410123603970
1249138992496422913
1249394110202400770
1250510543737294848
1250602524882669574
1251217700690563074
1252977242516357121
1253385059714777088
1253754353263017984
1254770590424068099
1254875755990986752
1255530875778928640
1245746991088504839
1245839971728019456
1246198334894768130
1248658413711753216
1249841197654343688
1250047549827952641
1250412023088898048
1251210551407128576
1253041950229487616
1254849225021587457
1255108325991219200
1247478039295987713
1247626561697841153
1247631021560008707
1249528908900372481
1249833021097889794
1251540910418071555
1252337200487895040
1252340819601715201
1253334207000047616
1253740494804471810
1255473564314226691
1245696942425899008
1247606988030148608
1247689502010888192
1248404024581210113
1248757136181456897
1248763617874501632
1248962988742266881
1249685155104591872
1249841837529083911
1249857865906520066
1250196985572925441
1250972393822183426
1253302857056616449
1253308841556672513
1254435839351889920
1246894224596971522
1246995554934108164
1247159412185337856
1247567455637114880
1248290274234818560
1249042949515681798
1249419439143030784
1249695145618026496
1249784618024304647
1250182673856892928
1251664780580065280
1252752776762920961
1252829378905403392
1253555933856268288
1253845016725913602
1255088564318228480
1245416603556229121
1245457683718852610
1245476565317754885
1251325690013605888
1251694575191818242
1252928181763530752
1253331852242247681
1253412099511836672
1253734076399435776
1254828543634296834
1255935271314624513
1246858752034144257
1249149240510734338
1250927849160278016
1251224906068570112
1251672600729845760
1253162878422659072
1253331202569691138
1253456866216235009
1254861201680379904
1255144342680858624
1245387969025859585
1247669210395836416
1249672304407216128
1250481572639277064
1251588917276655616
1252398914856120320
1252599142460915712
1253158846643789825
1253391227334033408
1253653292716118016
1253726283802050560
1254149992710881286
1254564414344364034
1255303188284149762
1245271589991731200
1246112789992742912
1246282470464589824
1247612495273046016
1249354692217446410
1249548936068694017
1249728865666322438
1249839420443955200
1250775393558319104
1252392012126408705
1252713485538123789
1252933967331934208
1253972773967454209
1254085967377502209
1254264643004125186
1254488564341055489
1254530490788265984
1245150520819568641
1247952590618480640
1248025655473852422
1248084664692232196
1248763536475664390
1249705842938728448
1249737806592847872
1249762935167213577
1250432324216315913
1253146244417032202
1253740180156145664
1247491609630892032
1247966283691425793
1248069872191488000
1248392899273752579
1249160334289637376
1250239523268841472
1250913103686127616
1251195069861855233
1252348991146090497
1252935627290677249
1253148855924928512
1253398259688751105
1255909883993485312
1255911620116541440
1247296493234642944
1247337947818610688
1247671824676249601
1249348062180511750
1250468915639091202
1250831085195444230
1250836316507471873
1251645911840600064
1252010956814761984
1252589776382894081
1252799836610596864
1253466203697414145
1253903106582016001
1254992863756197890
1255291571022544899
1245871400155369474
1248425492950028292
1250208241541414912
1250772659236986884
1252406392805191680
1252749959016873985
1253026439642972162
1253414368047292416
1253820159829172225
1253825075150589952
1254391541298315265
1254559826438426624
1254748538313023489
1255208804289052672
1255288016920248320
1255342695893151744
1255567310426984448
1245204597985218560
1245301971894128640
1248404298163032064
1249116122168856576
1249721834892902400
1250420481166995457
1251645019552915462
1252666392635211780
1253418961099579394
1253454407951421440
1253658257983496192
1254059999485030404
1255595460456321026
1255602448292446209
1245211291788115974
1245870442780344322
1247907105811640321
1248230592161988609
1248331217549889539
1249056471221846017
1249657132154343424
1252545805556289538
1252569179493982208
1252636367835856899
1252705348819070978
1254394386386911232
1247219489101484033
1247593763905638401
1248315515157741568
1248952594745233415
1249155286373404672
1250610862462820354
1252781901095546880
1252942367688200192
1253299843390410752
1253340639275737088
1253346693782913027
1254222493713338370
1255145006454599680
1255832076982591491
1246056337282342912
1246069912516337665
1247929997081350158
1249025068409278476
1250420457720803329
1252947958817046530
1253384380229259271
1254204630902304768
1254823334908477440
1255131916023369728
1255167419871567872
1246207665908391936
1247157215674486784
1247245916425379848
1247253905710428162
1247727258648948737
1247961278347444228
1248404565998759939
1250869083609989123
1251619984507392001
1251922691818426374
1252699419247546368
1252732614903037958
1252857397732798473
1252888081604190208
1253391432368324613
1254052107302338560
1255203598251819010
1255292172171173890
1245352747307859970
1245373915377123328
1245522305192734722
1246120235243122688
1246813621360791552
1248639442920902656
1249792265058308096
1250583136993501186
1250741183493668864
1252589640235782144
1252973525599748098
1253131832738164738
1253300073477427201
1253395707614105607
1253508290442596353
1253757053593620481
1253859816835026945
1254094115198971906
1254372968416923648
1254886407694409737
1255156302814212097
1255192637029613569
1255571460397191169
1245118172988047366
1246164466624008199
1247540938869600256
1248252386478620672
1250489757341270017
1250550508345012229
1251648803565981696
1253666922027155456
1255149764103921667
1255333685248884736
1255473469954850817
1255540208315109376
1245111937697972226
1246026897361952768
1246074581971906561
1246213818386178056
1246235120899698689
1246904229865848833
1250182338182549507
1250483983864991750
1253739289332121603
1254970430735220738
1255089972996009984
1255235794316546048
1248038530242183168
1248253663619026944
1248644733578235911
1249127962798104579
1249806768961507329
1250416072517472256
1251298900885024768
1251632353929310211
1253327962667053057
1253661278725443584
1253692904834564097
1254881679656673281
1255496972628361218
1246987875134115840
1247148262961885187
1247213100757061638
1247957596780277767
1248466128185094151
1250010969918656512
1250575650110529536
1251553549122764800
1251900779411107841
1253767587957268488
1254489267973296129
1255694335535972352
1245143820737511425
1245279035338473472
1245378690776694793
1247653274083303425
1247971538667782145
1248346883468165121
1248418165735829511
1249780658609815554
1250108561750974471
1250190388201230345
1250549847498698752
1251151296586895360
1252748382923296774
1252752149202624513
1253437543049297920
1254503276634136577
1255198174395990018
1255202075543318534
1245685967052312578
1247227722914582528
1247347657170915328
1247969109100412930
1253754893778763779
1254398445235945472
1254886865079078916
1255118721242316807
1255137147658498060
1245767387682451456
1245960785114869760
1246082556858114052
1246286927797592067
1250483880601120769
1250866280980250627
1251149669306036232
1251576801672998914
1251844494724599809
1252048452487221248
1252936283422425089
1252968012291936258
1253123360298500096
1253696733403480065
1253739008489852928
1254375599428243457
1255178223157198853
1245307868800266240
1245402086000427014
1246606674338725888
1247605709040214017
1248435634353520640
1252877374238019584
1252925011683348480
1253022916842860546
1253132769624031232
1253553855297581057
1253832998832803840
1245495846122250241
1246197905872035840
1246515871662645248
1247601831724883972
1250131525263376386
1250188197969252358
1250396619834605568
1251342690626572288
1251505529849098240
1252638049298722816
1253995773311631362
1254927403765444608
1255614479070629889
1255643310900817921
1245549928849555458
1245665002993958914
1246433546564063237
1246806070108004353
1247227925906239488
1247876047737061378
1251151394142216192
1251620682569584653
1252984359096901632
1254479469949054976
1254560748262621184
1255172365870383105
1262204858938998784
1263476257347510277
1265235526401036295
1257375124581482496
1261011484303384582
1261692594549075968
1262395029290655745
1265355791701336064
1266069368506646533
1266088787777671171
1257989754660048896
1258048793720823809
1258912241048526855
1265783384611205121
1266013961981394944
1256956053729816578
1258064357876850691
1262621638262226945
1257996084972081153
1258142527036719105
1258969018188382211
1259810913810550784
1261474416875225088
1257283850713083904
1263315844584669191
1263658415949152256
1264156645988368385
1264973124740755456
1266137362821722115
1257762050438320130
1259960736081723392
1262494597227466753
1256236720934264833
1258179978115592192
1263475958310408196
1263821932132208643
1266855553537437696
1257811817688190976
1257826169828892672
1258053233311973377
1258448257107320835
1275042711280762882
1276514331371462665
1268320256855994368
1267458342680739844
1275389401502306304
1276874184291999745
1273230176999157761
1270871259891597318
1275489034324733952
1278081415284998145
1271148959973740549
1276336583524966403
1271805827184279561
1273380994360500224
1270775898938236929
1277294112866209792
1278030578630172672
1268237642501627910
1274744443778797575
1268554607367684096
1274049616951021568
1268891281448550402
1272639054165807105
1277230279460032513
1272267577864175617
1276137387962200067
1268508490491924480
1276508096987369475
1276572874288095232
1268647084313411587
1269769877612421120
1275960665413484545
1276934668345098248
1275894439567855622
1271915258026786816
1277980712939819012
1269671726343995393
1274989638621564928
1276480339024756737
1268823937980469248
1276696877422055424
1273179033069588480
1268513151835832322
1270772648080027648
1271846299294285826
1269760264871776267
1267819529284927490
1268853834073456641
1271434295119405062
1272901602282700807
1276511738930716674
1273365197789462533
1274816368911757315
1274821909214048257
1275867365004185600
1276521421762674690
1270689249684267008
1272527330859266049
1268185576777363457
1267820793708204038
1271493182522626053
1271878388492447745
1276012159353438213
1273248629189414912
1277402661030150154
1268582705022656513
1268614450384261120
1269452926654783490
1271782111746416641
1276517201831477248
1269964908030054401
1275158227794132995
1276243558731833344
1277927697847595008
1270311359390060545
1269626425922990081
1271238486193045511
1272268449671188483
1275021871835160576
1275804998736150529
1276491459655618561
1276693767555289088
1268196433947234308
1272595047549026304
1268648000416632834
1271908967153897474
1275798558227271680
1276936867552866304
1271414569068425217
1275829108400947200
1276135569068883968
1269312601990868993
1274502800882438150
1276578080245465088
1270436156044435457
1267450803008274433
1268641292881408001
1276114671054053376
1276497683847483392
1271285680342065152
1274794737703288832
1276875196344008706
1269443388769570818
1274025442891247618
1276226713211502592
1267800321247588355
1268142539154108416
1268942316364054531
1272979783874379776
1276688162237100034
1276136757021552642
1269331310516060161
1269681788785315840
1273440304432021508
1275793412936159232
1276344496737996800
1277575875555463168
1275050413402853381
1274808348307791872
1276739048921497600
1269963880593330177
1269967617323720704
1272986483276820483
1276545993815863296
1274047173915750400
1268657614096863235
1270731209967050753
1277659368629166086
1272550703437922305
1274327404400558081
1276144498356236288
1269014666111602699
1271394324241174528
1272516104540258308
1276013440360996865
1276160585403707392
1275064350022045700
1268554373333909504
1276342008022523904
1268651273932464129
1273160116733435905
1275897635572977665
1276646593316478982
1276242528648470529
1277209276872876032
1270319602338324481
1272607320703488001
1273627999972347905
1275066344052887553
1268215383380709376
1268554833876914176
1270052125943480320
1271835976080306188
1272158104394895361
1272571637469233153
1273960163460988929
1268281312139530241
1268517608690782208
1273430701551939585
1275715139963170816
1272703196901912577
1277315711912808449
1270085708171141121
1275521445519667201
1275806016534466560
1275771922287034368
1276696518980800512
1276861612792651778
1277958832715677696
1268545558425329669
1273653982255341568
1268513515792486401
1268918442083704832
1272870301932675074
1275376482609659904
1275526895967170560
1277947755726503936
1276728506500747265
1267819923947925504
1276219873107095553
1268633555569184768
1276283508764311552
1277279376724447232
1275813620178235392
1276898021687660545
1267753327527292929
1271783133944389632
1275749275562127361
1275956987642118148
1276921612785324033
1277757161536397313
1267868947736670208
1269714898667347968
1276159679798935555
1277733088324395009
1277014430383919105
1270333585837436933
1276149405612158980
1268258755474579458
1275798667048488963
1276381308810416128
1277459811416694784
1270744850976161793
1276878019685122053
1268529203441545218
1268583799752921088
1272616058256531457
1276506818110513153
1276941178663993344
1277032175481901056
1267845903173464066
1275049666439069696
1275517212007202820
1267955983663366145
1272520532651577353
1272593080269582338
1272907703539642370
1273308537087721474
1269630255154765825
1275522776569458689
1275799568152776706
1276951706451001344
1270774242406211584
1275799907270569991
1276501843326238724
1276573141012082688
1269699474282201096
1276698995847380995
1267909393418383360
1270409045707546624
1270708640526340096
1276509908863725569
1268521644366184448
1277300251322441728
1275739448832114689
1273812632277970945
1276263004141694976
1278044432856690689
1270444323574878208
1269758578165981185
1273213820643704832
1276714038068752384
1275438261087858692
1277345310302441472
1270777592317202432
1273666716128686089
1277549783549382656
1273600111818551299
1269269076129579008
1271771429248401409
1271833726713040897
1274813846729998337
1275520264336482308
1276693462746673152
1272861671048937473
1275172909338759169
1269027479345336327
1276162722208628744
1276581864627724288
1277640715540017157
1268921074202394628
1271116676734607362
1275758056773730304
1268639338012839936
1276553845565296641
1277236443383988224
1268926314733547521
1274415637041987585
1268275318801997826
1273567397744652290
1276624445382242304
1271818846794584064
1273320766701002752
1276363314826797057
1277444744801591298
1271802010506006528
1272701684645576704
1273233612175863808
1275918527426428928
1267614699715096576
1268186617921093636
1272270429365899265
1276867864717393921
1277416463494713345
1267835263646138368
1268278539436032001
1270841740082077697
1275798172720336897
1276474053247881216
1277047769363091457
1275193103679254529
1277735256469106688
1271082882963030017
1273232212658397184
1273345197427109899
1277936829208068096
1278066276150071299
1274411859349770242
1278037332621512704
1270327318251294721
1274463224101044226
1275948594898632704
1276507695160324098
1267809454105464833
1269311436276273155
1271808358912319488
1274731313040326656
1278123643843817472
1288818078747447296
1279214540316704769
1279823835525787651
1279953491767767040
1283944573912440835
1284830955824447488
1286252226659352576
1280223297951592453
1280535407059484677
1281841747870380033
1286506073323499522
1286762882496159744
1278913491013951488
1287789860795842566
1288887273661108226
1288912163738996737
1280590091061256192
1281285797933658119
1284493080834584576
1288903699025350656
1284705125530046465
1285634329591390208
1288100198389030915
1281546221983866883
1283179568615100419
1284458791598206976
1286024290375278599
1286737866396246016
1287873683634053120
1288435363275513856
1279519876948922368
1282309847313195008
1284096779512942598
1285699587890708486
1285714669525663750
1283106880840241155
1285891342074368000
1279156448925188101
1283507016334487552
1284485769562853377
1286431016232550401
1287101575039717376
1279532652178165760
1279565301303005184
1281373500641550336
1285928198895591434
1286016622768070658
1288952819916189697
1279521877656924161
1279589136618459137
1283162258852458496
1283227146782232577
1278659895131361281
1284471742350721024
1283139284841762822
1283885275048026118
1284883909805846529
1282061342690746368
1287707716241195008
1281369398847184902
1283169521256132608
1283175670089084929
1283408763270176769
1287106963180892161
1288419009084313600
1282154664419565568
1282184560264921090
1284994527116263424
1288080526469926912
1289185274996678656
1279564411892641794
1280487839327752194
1282353778860032001
1288873015527084032
1279808519299104774
1280614551042560001
1281566059791896576
1288950360107888641
1288958747117850631
1279021311843545088
1282143457004396546
1282144239816790016
1288810338759118850
1279528253024337921
1282112708989587456
1284719163706085377
1287768663668318210
1288821080023543808
1289040460422365186
1289175236118683648
1280656071997165571
1285157774964424705
1286700517486243842
1279566477360861184
1279575926729248770
1279976389228232704
1280096695850803201
1282283821807927300
1284915671495778304
1288808820551057409
1287190524131254272
1288083774434086913
1288806299053043712
1289319157868052481
1279868302035165186
1282041355032760325
1283221992485933057
1284673441556291584
1288571033419747328
1281935577982685190
1282397073070063619
1283834068233097216
1285943500878602240
1287494540723593216
1288902800043384833
1278872349543141376
1284308698433826817
1286257304959094784
1287187653436178439
1288245898124959745
1289217738943037441
1281332348190175235
1283172747913441280
1283820516265144325
1283071017951395841
1283892821058101248
1284922143780855811
1285698537603440640
1285516129297932288
1287782414132162562
1288888983867527170
1289154352440127488
1286329530907533315
1287775160922263553
1283964451721490433
1288877679924649986
1287236330989158402
1288122838407249921
1288855500356902914
1288914136470937600
1283404041591099392
1288086816546074626
1288097155467677696
1284970097673678849
1286253721781854209
1279458567523717120
1279561954022096903
1281980063030878213
1289031912560816130
1278929566447341568
1281224098883002373
1283363768538472449
1284545449601294337
1286487750544445441
1288876103185047554
1289213003062075392
1288080659219611649
1288905185834696704
1283770679012229122
1284137581748391937
1285541299819622401
1285926339095269381
1288868343072485376
1288893085267578880
1289196628897869824
1280593303335993347
1283168800188366850
1283356432017117185
1287736825994330117
1289207888607469571
1279902207534673921
1285020921728847874
1279020061286522881
1279817522292850697
1280198835466362882
1280338448147197952
1287206136211558400
1288846199907385345
1279497140721668100
1287385014817169408
1278442899982757897
1278924021569126401
1278925128898772992
1280499320526176258
1282092122456260608
1284561063409782785
1284577498018308098
1284866198081945600
1288286605682319362
1279233677675954183
1283387112029663232
1287748586797780993
1289295878100934656
1280546009253208065
1281426146081611776
1283958327588933639
1284164029586583552
1286493815839363072
1288989152529309696
1287416254970630145
1279029696261390336
1282729508425129984
1284228230694805509
1278866055205654528
1281976594089873408
1289194739615428608
1279009425349644290
1279057398246883334
1279617042233073665
1281248004952002565
1286038280161525761
1286341230268424192
1278310815792353282
1278909484287406080
1286865838931415041
1287208017440788480
1288986268928323585
1279025000125804545
1285838734382862336
1287500439978749953
1288125916443373568
1279534838287085568
1280098583031799808
1280904493274718208
1287109260376256512
1280633087488143363
1288940503535427585
1280482965097775106
1288901394175422465
1279097988728537088
1284872075904049152
1287792376476504064
1289208939482173440
1279063015111962625
1286647327231369216
1288864829944602626
1279017051269599232
1286688543860051971
1288245643383918595
1288881186765447169
1283759557039271937
1287926319162908672
1288873247145111552
1283137904823476233
1283412835909939200
1286089045651656705
1281592533429243905
1281795953821913089
1283296358141767680
1284922564175855623
1286022038067585024
1288968550539960320
1278917272497774594
1282020672714297345
1283171980376760320
1283380805088227328
1286448329757515777
1288494798354223111
1288860958308339713
1281933139347230727
1286415851726528518
1287557825430839305
1279537985990639617
1281198220874584064
1282023100520058881
1287871820339716096
1288243848964009985
1280176092758843392
1280523850766331906
1283416543045574656
1285295799149178880
1287726666249318401
1280591742018994190
1283138108746354691
1287161441703911424
1287433133579632641
1279606678183243778
1285996972881715201
1286446952968622081
1286685656614408197
1288223843094605824
1287721479308824577
1279301989399171073
1279842590951694336
1281309792036765697
1283175238113677314
1283756538515951616
1284537179172155393
1288550415475376129
1288852657063387136
1288879879501615105
1279067053496905728
1279439900241264641
1279536203705049089
1284557990474010626
1286429726056357889
1288678978400792576
1289173978779533313
1284917104177627136
1288908015865933825
1289008697054650368
1279777863357456384
1282074300585934849
1289192122390679553
1279050272183115777
1284241437840887811
1285215953660391430
1280865758847758337
1286029445170692097
1287140294035677189
1288799552301146113
1288831943518429190
1278380360104116233
1284679842810732544
1286256005618302976
1286261036224524290
1287158679578398720
1278694954341150720
1280880769246867457
1285631702400991233
1287428272557629441
1287827916970172416
1288819311646257152
1288877601675718657
1278287535584743426
1281190120352362496
1281917919983697920
1281947255357018113
1285938983306960896
1286318671070212097
1281736505971679232
1288247143002771456
1289091681673912320
1281955207929364482
1281982777685147648
1284904936833273858
1286679778620317696
1280111767625007110
1283193301752053760
1284169338312732672
1284546789966786563
1286240904500699137
1287159542443171840
1279089940593364994
1280618516211814400
1287783576231182336
1288186703786713089
1289026916280934401
1289142524599296001
1278750805235888128
1281269234673254403
1284992676040003584
1287426190152732673
1288187259397664769
1285990014535503872
1286000082945548289
1287408800325160960
1279019154029326336
1284862728285360128
1284951023933689862
1285459950962184193
1288580622223659008
1283700898460364803
1284630061816123392
1287757716539297794
1288790039594491904
1288898515482091520
1289059307531706369
1279565061858656261
1280468318520881152
1284718199209172992
1286293752907288578
1286332765118574592
1289182542583619584
1280567500678275074
1283440757433683969
1285649525206646784
1285688524608544770
1279809317529686018
1286606691426013184
1288826692618858499
1282404798957002753
1284315956219707393
1286336131194396674
1278303601354571776
1284088045294280704
1285295942695112704
1289211737506537472
1281926329542344712
1286133312944312321
1279869690324664321
1281208996444110848
1283161143054200832
1286297367768117250
1279762854569279488
1280115924176117760
1280119888502292483
1282807244149731334
1283446560572022790
1284834138625843201
1285362597009805320
1286993364332826624
1288966037162074115
1289200568477585408
1282041089902252032
1283385231500816385
1287110718379167746
1278309896522522624
1284483831190425602
1284864078788333568
1287355747743997953
1287464635352911873
1278927981004505088
1279906081800704006
1280957393329885185
1281474636476223488
1283270394477268993
1286151870357151744
1279539652718997504
1283441551234838528
1285712406468071425
1287410244117762048
1288894637147664386
1289148810535546885
1285962075693633537
1286344256152625154
1288273720788815876
1278946218551521280
1280421501347540992
1283159098171826176
1288858128910553089
1288939624354713604
1283144461447360512
1283554106532134917
1284234610247958536
1285661965436833794
1286487633657561096
1288810969179787266
1289114444870508544
1283594997703618561
1284908882330968065
1287202233277456386
1287435019984801792
1288524175267762177
1289131332631748608
1287001073069195266
1287998852759351297
1288225003566178304
1288226081888247808
1288855102854438913
1279466247663599622
1279997784377221120
1282061374802350088
1287112824284749828
1288095645421785089
1278672794457432065
1279477682997166080
1281636015116034049
1287014792058855427
1287102273483673601
1287578461901553670
1288244868184145920
1278158898998833160
1278953075869454337
1280294724314652675
1281580509798121472
1283245605951856640
1283731867355820034
1284493134903345155
1284772181893763072
1280882864444276737
1280954817897205760
1286023078250713088
1289307100808716291
1278693638831251456
1282348540761706501
1283159525353234434
1283439064943865856
1287413495059886082
1289042353915924485
1279080076923990016
1280008245310976001
1281560064931827712
1287028596289265670
1289172032672808960
1280162397853024256
1287464636225380355
1279819395104112642
1281606027318906881
1283786673562804225
1283966180819111936
1284122217975107585
1285999439157616642
1286628459091984384
1284974010552418306
1280526378136481794
1283537139800604672
1283756438322642944
1284835154574409728
1287737293382529025
1288084363201204225
1288826542559289346
1279539787356045313
1283497904599171072
1286256575150272512
1278815892411944960
1283335907928612877
1287170132280610817
1287652217680531456
1285410504316465153
1286302087538769922
1286322899662536705
1287529243954429952
1288829622889648128
1289240100744777735
1283184164762779650
1287429245413863424
1278344079370268672
1279952768887861248
1282195050278129664
1283523168183840768
1286245938399502336
1286634751168782339
1288435729991897088
1288846898594488321
1280124150359695361
1286295703791104000
1288243283571945472
1280848975428493312
1284071610815741952
1285209861916155904
1280145054775066624
1281336032630394881
1286514242968051713
1287091424945737729
1287378161399980038
1279090661405478913
1279818921617457152
1280481816038817792
1281937547485237255
1282403480204972033
1289158878706503680
1284912758618615810
1288872378001510400
1288822093317013504
1280817673375485953
1282029408736415745
1283401362529759234
1287149389748875265
1287151715129741312
1288239952434589697
1288807630518079489
1288834247533498368
1289217695032860674
1286759979945467908
1280826713048526849
1285010821496672262
1288130862970740736
1288475072534056960
1279058478661763074
1280105229883715584
1280650478473396235
1283867426556448769
1285918256897941507
1282816450726694915
1287894072506499072
1288845538637557760
1289424768161153025
1299846761402441728
1289658416479088640
1291063927007215621
1296296043450073089
1292167588005515266
1293695824128552960
1294707569844539394
1289681878778167297
1296791671779340289
1297211629420064770
1298462209937473536
1291451865838891008
1294739076252393472
1289529436480602113
1292585479758643210
1290438858493120512
1297708555714342913
1292773951047950337
1296649912873103362
1298737364458762240
1299073084843003904
1300237226362765313
1292299241805582336
1299447615080275968
1300248862968479747
1292902079011475456
1293237981550002177
1294722119998287874
1295381130414358530
1297207999337910273
1294255533633998848
1296093459527467008
1290001150943440896
1292083652134948867
1294422769963278337
1295340349766995969
1297279886885888004
1290264918332080128
1291772810210181121
1293872371380543489
1299081347206492161
1292797940269031425
1297498830477434880
1291146894534758400
1294224565455818752
1295826827647127552
1296195824905383936
1293165277690175492
1296055577848811522
1299832960619876352
1289968363603546112
1290437939361722371
1292120140117610500
1292643696995782656
1300020769871859717
1290117462545973248
1294018017165062144
1294263857972568064
1299749038288502786
1297509163950628864
1299295705773809668
1293892583467302914
1294361027434487810
1289619595418955776
1290951087747411968
1292601592882049027
1293540033279004672
1297156731957583873
1297321101807280128
1290185102882770944
1292681076809191424
1297534109783330816
1291401523075964929
1293129667516473344
1293843500417482754
1293897955301306369
1294702519151521792
1297154577821609984
1290566642997563392
1292206567039918086
1289568673674534912
1289674605490135040
1290361853898612738
1290370412073934850
1294370592041230336
1295698220664881153
1292148986657280001
1293694004870017024
1299781636859387904
1300093340785029120
1289651494250098689
1290847850662772736
1292160182538178565
1298361889194467329
1294404694924824577
1294424231384690689
1293776139400253442
1295740508862664704
1289619140836126721
1290090429053100032
1292050430055383040
1297125117957419009
1298034981881569280
1293336136652189696
1293885020088733699
1294762196514279424
1297894027790913537
1299339196503592960
1290270318540595201
1290981348124119041
1296650211528454144
1297563834132107266
1294645743991619584
1297510383507431426
1298394737167171586
1294627423544389632
1293881266115416065
1296512806032826369
1298233229875523585
1289926872172617729
1299059383058534404
1290237234495406080
1298777478178185216
1292548158543757314
1296424756389064705
1298008338983202817
1290117287375261696
1290443382574264322
1293294894765809669
1296219148268310530
1297653741030477825
1291423500482351105
1291905304649760770
1292170197349150720
1292595271566790657
1294674455713767424
1297173484439838720
1291498412886695941
1297165024495046657
1289552724669935618
1294629920891473921
1294740358035718144
1296409855905931264
1298564609440448512
1289585212058472448
1289971503757328385
1292502164414373889
1292812957143924736
1299101324945035265
1300074008747094016
1300526555379240961
1292440432362782720
1293472833218023424
1296459842161381385
1297848638941605889
1294818768296779776
1296438638172164096
1292488158643400705
1289468273176666112
1291713426222391296
1293472921290072066
1294983856399974402
1293177663671197696
1294412919342596098
1296436457150853122
1290112745854005250
1291417920795561984
1292219516491984896
1297890173557112833
1299523378261434368
1289638987733196800
1291344534601895937
1292427917021138946
1295717410822066177
1293315093845831680
1297132141181050881
1293682786801528833
1297148287905083392
1294310702375735297
1297749584656191489
1290263783387037696
1291350933964718080
1295371067268182016
1297629091189858310
1297692485720969216
1298225952728678400
1298404336154836992
1300482719063912450
1293127529457385472
1295388770213273600
1296409217079926787
1297900013973110784
1293135078571352070
1294397450749386752
1294997392346021888
1289623426085208064
1298738390930784256
1290113848574443520
1292453060074250241
1296045411086544900
1296435585176031238
1294256970938093568
1294285907441459200
1295359896754573318
1297930233354440706
1298056627380248577
1290041041429520384
1296053791712784384
1297295043804397570
1300533391893426177
1291207292269010946
1293530117109686273
1294236082243088385
1290268694950473728
1291535557244473344
1299090619428745216
1289875908040433665
1290113577622204417
1291062973243564037
1296781641432674304
1299870118869164033
1291026282948333570
1294690152233734145
1300474249522622464
1293887553033166848
1296254538052182016
1297575719359451141
1297878838723190784
1300112845829337090
1292109788411723778
1293877469859196928
1298582220727255040
1298952157161566209
1299134370532524038
1292639648616009729
1295342320393629698
1291152438410522627
1299031622772236289
1290256657734234112
1294628833749086208
1297624737028481029
1290960750173917187
1291153474365927431
1291418243735810048
1294049857930493952
1294644622459723777
1291834935129575424
1291915029202325504
1293474070558736384
1294519283909898241
1295149885273104384
1296474193282949121
1297890166493908992
1289643840178012160
1296073196714762240
1296101961012396032
1298945329962913792
1299792554653880320
1290731800432644096
1294422864062484481
1298387118876700674
1289320874420645889
1290191239153778688
1294403599603122176
1295612450247593984
1289543913645252611
1294602724621901825
1290677149255503877
1292614144840040451
1296940636562759680
1296579020872658945
1299281834010980352
1300050646113148929
1292472472592437248
1294046323960946688
1296070223074918402
1298441721630478336
1299283438671998976
1299342832998719494
1290270318423093248
1291415911023308800
1291782960182697985
1294245121400229888
1296800482892161025
1299343489042440192
1300047340997423105
1292834350443253760
1293186658095964160
1293217344135798784
1294398026816073733
1296462072650268673
1297653598294286338
1299364884715655168
1291381152377212929
1291747301627695104
1294392825749082112
1297492470868201472
1298360233010638848
1300081059862851585
1291323140648337409
1293916662572281857
1297154063633612805
1292433630829203457
1292565539701874690
1294244250880749569
1291024090959163395
1296795406018502656
1297535254669012993
1299076350662254593
1300470251918954498
1289412892039581696
1292064734791991296
1294607277543034881
1292460673675427841
1297216090146250753
1299273392860823552
1299318322799022081
1293153171431460868
1293957124360290306
1294357037841817602
1290197689968205825
1292852615013978112
1293544258083799040
1294330761991065601
1296404118148390912
1296161253468110848
1299891817056555009
1297360122830823424
1298764682845728769
1299315786029436929
1290294022066577408
1291007315269820419
1296837152270147584
1289425886513684481
1289443679954825218
1290833282372861954
1295473814021775360
1289614391646666752
1292495866025123845
1296563599700144128
1296202630528729092
1289601134101839872
1290263718903726080
1292440501497495554
1295479682775879680
1297827342853853184
1289566861114269697
1289623104503898112
1296168730515439616
1290334391789432832
1292095256016621570
1294615734950264834
1300379497175355392
1293227340605128704
1293331664601571330
1289562441429291008
1300491289629282308
1292226688726659072
1294986029179469824
1295364314065448960
1298710303006273543
1292800389381869572
1289398092043673602
1291444193596858368
1292957236122320899
1293221099635867650
1293525706622685184
1293590034654822401
1297714715850924033
1300045610788233216
1300171455469096960
1300471945926979585
1292881048393539585
1293646823886934016
1295756112030048256
1298275943048388608
1298725642481963008
1290897685747138566
1291845573302091776
1293148345087807495
1294013449647697921
1295511990639747077
1290755893139628032
1291704225270059010
1292126497101303813
1295743520582639616
1293210582318026752
1296544640816930816
1291550886532194306
1293245377404194816
1290619034799673344
1294630610779213824
1297540695540903941
1297852062915530754
1300477195932979205
1294303522872336387
1298777933788610561
1291784466868838402
1297519350757371904
1297971306240122881
1290294326724042753
1294345104719843328
1294794739938623488
1300499687615672323
1291675987596451840
1298481473935245312
1299060174511054853
1299884488902602753
1294247409028141059
1293210427644493826
1294368203930468357
1295698279108411394
1300316185909768192
1294662022576115713
1295702347423846403
1297865154504339459
1292595560994746369
1292926696614703105
1295429732939583488
1295671792900739074
1308517662310498306
1301150701113036801
1303276907086188546
1307014565302067202
1301134037730365441
1305691982178779140
1309379784489807872
1310182407572795394
1304069131755556871
1306984851254456321
1307020669075546112
1309538879918288896
1305194897905987585
1303666978402467840
1306877264353734661
1306992668841443328
1307046326602018817
1308803926456545280
1305498003436961796
1309603237238956034
1301533423903936514
1305916818897473539
1306552241080487937
1310272726821752832
1305111490731667456
1307674275613212674
1310660963604017153
1303864737680297991
1309533519882981378
1305496512307265537
1305213813168517121
1309502498852548608
1301522706777735168
1303772023877963776
1308355369228435456
1301902599919198212
1306559789426761729
1307450120825384963
1304010491245801472
1305298976934170624
1306964054322405376
1301125227691364352
1306979575621132288
1303657701982056449
1300562079603200007
1300998484137521152
1302601201746313216
1305834226793746432
1306174756115435527
1307660790422532098
1303700953229557761
1303994089621217280
1309648342008430602
1301505490011279361
1303702005899317248
1304038235476291585
1310571131280203776
1301162431960449027
1305841306468524036
1305877272667344902
1307058108271919106
1309524140131450880
1308142928905285632
1309524833093517319
1305642647470649344
1306841950696476673
1311395655169052674
1303683462159831041
1303650996497920000
1303855719045832706
1304025587900723201
1307027876202655747
1303726046123036672
1301192290850009094
1303860859492392960
1307391003565809665
1308066124911837186
1308150438366248968
1310006753866788864
1311049530578739201
1301268737996345344
1306930846906146816
1307335084098363394
1301595996309291008
1303997908723863552
1309491835866435584
1301130574577500161
1304047909218983942
1308885110658404358
1310048191098892288
1301502718381625345
1305298248475774982
1310790633867694080
1305843727366316032
1306929730193682432
1304793151626936320
1301266118540251146
1308043020978327554
1310628336129970182
1304859060655722501
1308120011219894272
1308224217301778434
1300927305431371782
1301352330114236417
1304818853382426624
1307326032853315590
1306939854576668683
1311046343989833735
1311270417785671680
1301627288086343682
1309925838322892800
1300591715120750595
1305080783472922625
1308228577159270402
1308498816098807809
1305657990985461761
1307020329181736960
1307475781627654144
1308200741761236993
1301070810715754496
1303429127039574016
1304779303805124608
1310675232735330307
1301521115399872512
1307289595713814528
1308191333836783616
1308483716608655360
1309526574165684224
1305172038923976706
1307796002917687296
1304613253687971849
1309530336762634240
1305908915230486530
1306992895333863424
1309446307656982528
1310682666518413313
1301348230395908097
1307300718815203330
1309549951970615296
1300979262292398080
1305241190871134208
1306895840116699136
1308015632642904064
1308151966250536960
1301224842792972288
1303721888762523649
1309942791313661952
1303754069195010048
1309588720958550016
1303708450241695744
1301574699105882113
1304839832821215233
1304929967646683138
1305290171567538176
1305624379531943936
1306981580762746880
1307748881510338565
1301681391097257984
1303643068369952769
1308116611853942784
1304769242122903552
1308459809251962880
1301501561563213824
1303274049263603712
1305980423311425547
1307300918807977991
1308166471135236101
1304840220060258304
1305537828391133185
1306903103724228609
1303523388242051072
1306616439831506944
1309482573698080774
1306991538506006530
1308201908574674944
1310725989689962502
1308960433701707776
1301105105958252545
1304827532575989763
1302673867127902212
1303695081870733315
1306657731739254790
1306974309336977408
1301829824583839745
1305842901293740032
1311022755765039104
1303675796767334400
1303796622770356224
1307424572996714510
1306994367555497984
1309553789557444609
1303142962130554882
1305472627402829825
1306219985036087296
1307338464069853184
1309345668889300992
1309511527075020803
1301175508940591104
1305150547713036289
1309566121763368960
1304103054078164992
1304829985065238529
1301972923901767681
1303896870574460928
1301239645146173445
1306311979439714304
1307883446753046529
1301611304633937920
1303625343173980161
1308162849588510722
1311046854688284672
1303274942629380099
1303459934068256768
1304829510194470913
1309537584926916612
1311275875338510336
1306576771559706624
1302731507644207105
1309523020285960198
1309557040138850305
1300902883399888896
1305750529906221056
1307297145209446400
1307331384071974915
1307043185152135169
1310684810894094339
1301325252648144896
1303322749344059394
1307758125538254850
1307685221039591424
1309530679940710404
1310894598596820992
1308014768440176640
1307252845725585409
1310733637579661312
1304164063799382016
1307669603661885440
1307328602174820352
1308055744567291911
1308769353610002433
1309528099978084352
1300910064681865218
1310623995604025344
1311278390989787143
1304840118964908037
1304853305827495936
1306616600410370051
1307057907515748355
1310589774605037569
1304779276789706752
1305828709799165959
1309665212254093313
1303768565871521792
1305159808358789121
1307037762797932546
1309550284146909187
1307912299496108033
1308004305660674048
1310172144211550209
1309587827332579328
1301603220758945793
1302616302759051264
1307722173646344193
1309083920328204289
1311038047409115137
1303052937950830594
1308005299681456128
1310273161590648832
1307868720568635392
1309077636019351561
1306915931868848129
1307470992961228800
1304921655936978944
1306409907680231424
1308415774961397763
1307977243981996034
1309950880725315590
1307674637539524608
1308175156397912064
1311322371391983616
1305461580742754304
1306707646364422145
1304028848946900992
1308014376700522496
1308267972272685056
1305967437196791809
1307009587866996737
1303819973790298113
1300715049883963392
1301494450481516548
1304051137469755392
1307692597020954624
1308451346912284684
1308483446134595584
1309855244336205827
1306344423714938880
1301136608859754497
1305959636961562641
1307320202036760577
1306881398184308737
1307659299532009475
1309524502972375040
1306129730840788992
1306203384425447424
1307317278850068480
1309524862348689408
1311295995691573248
1300881995938099205
1304877488112312326
1308165010393239553
1310566194429284352
1311021115565903875
1316722682365386754
1317763643774296071
1321795083553935360
1313679994191777793
1316107180710547456
1317852955207520256
1319384549420400640
1315620988885913602
1318855834554740736
1312415228471148550
1320732656951242752
1312720661517828096
1313250160818954240
1313641226537766912
1313812584135622657
1316718032266440704
1317561397199409152
1319844918982963200
1322649476104884225
1311961970229346304
1311998190338609154
1315287298469224448
1316817877329227779
1320146240034713600
1312826863656468481
1313929755671044096
1317903833092231168
1314513469996183553
1312060107124019203
1321957772930535424
1313256412349427719
1313818887545327626
1313914500345663488
1317769824563585024
1321489587500470272
1314897225235992578
1315989177620746244
1321823073272811520
1313203566149074947
1321232122112364546
1320885490774626305
1322129893929472003
1313097888558395392
1314690582141427713
1312775555859853315
1315216681845895168
1317321008227995648
1314547753666646016
1320016674838413312
1313600157590708224
1322637038819151875
1314893447451607040
1316033468053311494
1321603923577364485
1311796793995296768
1313918592652644355
1314151075306496000
1314264571432050688
1313580326602539011
1313581364600467456
1321936313868783616
1313552394505121792
1314278312701767680
1317821776496394240
1318232793147727872
1319972649087475712
1318504687906205697
1319903038572843009
1312004875257933824
1312773387354279938
1313580481414397952
1315443753616801794
1321778831833923584
1314607559739932672
1317573144627105792
1322054658978848773
1313544505895931905
1314363290756231169
1314721065717948417
1319412917905858560
1319796294324350976
1313123338353483788
1314650544774971397
1318263156288987139
1315352500505985024
1317615896408502272
1319757342423003137
1314339488743780353
1320022088330117122
1320024406962352128
1320326754972610561
1321191570687840256
1313992702028124168
1317101756980072450
1321111566511710209
1315008498703294464
1321484144568864768
1313778383046823936
1319701941350551556
1312003165106196481
1314398246282747904
1314523513294925825
1319775447647879168
1321259149800415232
1313648220183109632
1314312216049414146
1316751793641025536
1316775799677227009
1319875628779397120
1320012065277239298
1320895284205989888
1314606562066018306
1316095122103246848
1316747549462720512
1317585925166092288
1320563434451185669
1322146825562923009
1317055193356390400
1317416839698386945
1313582787920789505
1319037020367425539
1313564696142901257
1313579894572367876
1316707001846714368
1312086205610315776
1319872801826897921
1320003402009579520
1312332825216135168
1313264235447803904
1314689758669557762
1317462194741780480
1320733228253224961
1312021186382045184
1312045945220141062
1312536657925611520
1313585088282718211
1317310070653419520
1315052808312221696
1320706502412423168
1322298531009470465
1322661568589475843
1313629938751336451
1314561542088798208
1314943510546657280
1315986676473237505
1322655013680910336
1313436348150419458
1317842966942199808
1317871270675902464
1312001878008516608
1312149118517604353
1321135881571487745
1313089062723555330
1318888530224074758
1319460913867608064
1321422090004824066
1313503040431886337
1314629461925679110
1322638496394334209
1314310144499556352
1315661086209847296
1316710493751517184
1317589187890204672
1313534046589378560
1315778698604244992
1319345472952205317
1319880567752740864
1319965381826695168
1318280998627512321
1322242985225015297
1314376200022896640
1322604452910632965
1312129193145110528
1314307881605439500
1314656004160847873
1316351815953330177
1316357178685616129
1317901336634101775
1321560644257284099
1320446010762563584
1320864057868587009
1313494633511628802
1314311596387323907
1319174622177382402
1319773082240901120
1319943724168785921
1312248296484859904
1321767505216548864
1312198574793318400
1316236386379485184
1319291067636748290
1312949643525980161
1313229996916436993
1313586901497110529
1315630795994918913
1316350555866963968
1319819872289935363
1315843463997394946
1317308980553723904
1319578078767648768
1312716317238202369
1312838381735497741
1313581114225758211
1317694684261539840
1320471081002635264
1313579535124754432
1320427744992382977
1313209690818523138
1322122335411949568
1315081579765657600
1313579905515479041
1316129003762262017
1319023838554951682
1320553864530186241
1312760765896679429
1313455226234560512
1318218830557204480
1318678391256743936
1320375792795328513
1317182041360879617
1317512265294401536
1312745546524827648
1313659694653886470
1317080259364343816
1321542744951738369
1313082770810449920
1320342126278955009
1314703446432509952
1319622127293812737
1319892548589113344
1320037354866958338
1320521761759338496
1320793591141326850
1312143958772834305
1315316836804767744
1319102550898069506
1322620186017619968
1322654511400443904
1314007952165089280
1315036083051257863
1318931359046434818
1319807146528210944
1322272195259891713
1315430101404672000
1322142492930805760
1317120631306133505
1318398482990788609
1321949087168569344
1322131233820782592
1322576395634118660
1320208154886549504
1313580058150223872
1313613368268185601
1312951168792887296
1321604915156975617
1319947871467327489
1312162696553357312
1313238799321911297
1314034138547093504
1313613746347048966
1313974896687558662
1311650835198246912
1312238751683211265
1321908084575535106
1313888081456648192
1314323042802307072
1314547243681116162
1320090468517072898
1321226123347402753
1317240500764647426
1319729064786219008
1317694380979810305
1316788490995142659
1317630230828285952
1320949527646478338
1312726671196381189
1312763163121680384
1312874935426191361
1315399729543548929
1316752339307503620
1318154940917944321
1311870016229453824
1315957967305478144
1318167540246499333
1319940554797555715
1320010954940186624
1320036534867853313
1320137567174623232
1312722057327783936
1314014038624333824
1314415174166536194
1319616826192646144
1314280662107656193
1320003829757247489
1313580264191336448
1313583863424143360
1314311186431700992
1314856308231692288
1317229622757502977
1321417622689296386
1314324602554847237
1312809682034143232
1318842805003952128
1322370056626593792
1312755612640518145
1314713989075566594
1319038205749059584
1320092763216556032
1311991452369645571
1313520860830015491
1315297810175193089
1321800664738050048
1319975707360088065
1318744764167163904
1318992986651361284
1312796928086691840
1317100493706059776
1317221185432834050
1317370511957970945
1313608731247157248
1315117268964081664
1317078896240586754
1317212857394757632
1319463333444071425
1320707378145275911
1321907676788494341
1313844477879033856
1312132389020205059
1312534402992205828
1313221177901547521
1313580023929069575
1314529803836551169
1316924879606775809
1313591118303571971
1317498074995003393
1318254348137320448
1318511215182860288
1319790916639576067
1315776891547193351
1319807074168078336
1318307012694831105
1314628720972509187
1313580039695335424
1314177542836944896
1314315660789415936
1314754736277594113
1315625801426104320
1315966773032869888
1316077506554990592
1314537702251954181
1319691444328812544
1321103899193913347
1321961190956912640
1312968883154948096
1317654143331348480
1312453246351413251
1313584101484494848
1318889270032072706
1319633000867528709
1313179442701721600
1313900798099808257
1317865542661922821
1312813666098720768
1313511833639227392
1317455331392356355
1319434620790779905
1320651029776531456
1321197506491985923
1311722558132191233
1319976705814036480
1313579466782904321
1313149495077675008
1313317329011384321
1322280884339433474
1314310620930617345
1317615042376785920
1319028275918852097
1320017966696628224
1312750923941175296
1313274024840101888
1313452717872906241
1314685831601422338
1319849344519077888
1321859945600462848
1312077395554336769
1313957280795287558
1318853494913183745
1313803819768254470
1314234756184276992
1323288847053168646
1329237441119707138
1329366248665214977
1329944852457517056
1331968591567220742
1332488441880309762
1332702670663028737
1326737103271518209
1326620447102791680
1326672670373666817
1330566120114425865
1330609897906593793
1331226925432528897
1326151863113232384
1327344377665114113
1329416083456069637
1329488421346299905
1332290589237387267
1322786997921062918
1325785292171833348
1323253540119289858
1323326291056144384
1323617183839211521
1327383253586759680
1330325641540071424
1331377245588500485
1325936783121637376
1327244353694294016
1329250088833724417
1329382616353607682
1333174693155794952
1325899015041540102
1329248602196160514
1329759736041005059
1332115055987585028
1323351400403869696
1330972625632423937
1333420961090179078
1328394931682091009
1329525157824765971
1333062007877234690
1327637783943536641
1329830666926780420
1323259555480961030
1326140196451180544
1326624741537550338
1323320130613374976
1326223722827669507
1330942971907346444
1332073136993472520
1325894945736028160
1328747705330528257
1329238913324560384
1329450327230255108
1331392166111956992
1327028846823165953
1327574560124899328
1329949131364818945
1331911540614815746
1332133436081938433
1323649638344306688
1325892087011794952
1328077576066256901
1330254194843013125
1331567078583783425
1325789001387749377
1327271041148854283
1330257849474289665
1330505065464033283
1326599367025897475
1328806915426619401
1329502157549277184
1330206526703874052
1325785743759904769
1331290268314832902
1325791712804036609
1329261231245561856
1326516304782774274
1326279584401256450
1329218454403026945
1331330018715332613
1331589716467179525
1331684104912457731
1326651500437843973
1328829030989254662
1329429630382727168
1329442537355014153
1329787066612404232
1330971293781532672
1332304564691869698
1333209137140949000
1333421793508552707
1326931553885282308
1326963151078887425
1329223434950283264
1329470812739481601
1325963949737709568
1325921633324904450
1326635225032617985
1328695646124007424
1329474079590584324
1329772063888961536
1325803193889067009
1325818347200647168
1327330423471550464
1330987100808880130
1331964764218667008
1332166131059191808
1325071813618053120
1327257103988297731
1328082921228419072
1329215053392977920
1331009775430230016
1332411666311634945
1325932447603765249
1326655884764860418
1326735228430323712
1323326141185351682
1330620688789614595
1332774258632691716
1330976079289352192
1332582635940372483
1329276539746222081
1331925696927690757
1323262366071607296
1329399041524977665
1331238699896541185
1329262321676341249
1330281550194364419
1327021833342906372
1328421350374060032
1329218340708110336
1328438985752981507
1328769178191470601
1333428739548450820
1333478531175735296
1329226342966173699
1329431894086344717
1329762687019081729
1330107460426870785
1331123760426958849
1331164498921570305
1323335358482927616
1327017092172943360
1329298348524904459
1329616630607966220
1332337663106453504
1329962363651502087
1331200911482490886
1323298963013984264
1325168661443698688
1329400312126431232
1331994954684657667
1332757422285479941
1332841728001404931
1332822844334632961
1328724192548823042
1332460461879664640
1329807997950898177
1330272284024721410
1331229846345748481
1323554536695439360
1330970640686440449
1326276053032202258
1329481792907337732
1332773226833915909
1322897841346514950
1329218411235258368
1329222591412834310
1324352078521733131
1327244855697870850
1326542008702300168
1330971449251729409
1326563298175717378
1329215943118102535
1329777007228563457
1330978192774074375
1333409225125588994
1323310578287308801
1327597627651796993
1326267151636979713
1329223650252263424
1329228466768777219
1330903548712816640
1325520152935411715
1326984374299013131
1327655139650498561
1328315519699726337
1329278440479084544
1324310837566332928
1327401172878155776
1330626084157657088
1331648163443302404
1323265263958138880
1325784237119836160
1327142377887330306
1329215789854023682
1331038848785137665
1332420878479413249
1324870500863123470
1333408261240807426
1327008620450615296
1329429020157599746
1329435366814855176
1331046472960200704
1331844817723252736
1323249797860655104
1327948212418863106
1329404082168197120
1327212218228813826
1328439955954274306
1328836708859777031
1330658542420979713
1327021636470632449
1328819668690329601
1329050473056399361
1329223768032616452
1329223768032616452
1329489066321186816
1333223554800869377
1327058125594238980
1332774358373212160
1326970336013918210
1330980493232381954
1327280651503022081
1329794018587201537
1330951788237873153
1323299320704212993
1325885906017021955
1327530454212341763
1329553851024805893
1333367698294775808
1323344008622559232
1325812128192802816
1331001762518601728
1326884994153910274
1323361845042970630
1330565070372409349
1331941313625853953
1326023996102631424
1329613535735926784
1323609642702905344
1329551286530871297
1326912681039814667
1329416324007796746
1330339384273604615
1323321045483507713
1326155175871074311
1327429692392153088
1332497501681643520
1326012189770211330
1328859690672025600
1330205573070139398
1323660916039188480
1329804351196585985
1325782553631076353
1325929926080557056
1330282348462608387
1330976012591636482
1323291303904423943
1325832029909487618
1327800613107867649
1325810787026395140
1327408187729973248
1331939568946475009
1323432212902064133
1332396382154592261
1332752272078614528
1329607152265273346
1323326547131047942
1325864453146103809
1330454103886077953
1332710894879580167
1327025901914222592
1325093930384371712
1329361929618546688
1332415561578450944
1331598649726541826
1333123732227850242
1327312816353710080
1329230168758562816
1329251209866334210
1329941509182021635
1330530254465732608
1331610658031472642
1331939716527251456
1325841448760188928
1325938742130069505
1329417060582088704
1332272842164084738
1333056887949045761
1323366467098841089
1327020163603058690
1331228740785934336
1326174765279813637
1329053227292241925
1332074748524834816
1325845685988634624
1326646211424686081
1332677253520629761
1326654698519228416
1332074441879277573
1323282658261110785
1326857729063985152
1329230960928251904
1331334386344660993
1326399602795421698
1326653246555877377
1329128267618668545
1324824523212992514
1332741915679264771
1324342945718407169
1329214504052383744
1329223706279866369
1329560423146942464
1331059962689228800
1327047284635340800
1333097039698288642
1329310834447818752
1330987510273490944
1328727120076529664
1330530235796828160
1332076102878191621
1325868417304436736
1330332041766793216
1325790271133667328
1329332411457437698
1330867468638822405
1327108402435284999
1329235054573334529
1329813052334743559
1329980320381284352
1330985515512975363
1331655445010931714
1328808915451121665
1330474868756844547
1323589503488020480
1329887257646542859
1331378323243606019
1329953972392587264
1331384642700718084
1323262554446188546
1329382462414336002
1329293811952934913
1330832247285571584
1326637085319704576
1328695650217832450
1327010601412022273
1330497531550294018
1331013482519605248
1331684196771880960
1329231111952719873
1329744078163111937
1332461137036599296
1330651487819735040
1332514819937890305
1329228168612417540
1330959397330292738
1331169943958794240
1325686937621966850
1327076548290154502
1329817107572301824
1330977110882738182
1333214316053585921
1326630349695295489
1329307906160746497
1331655187719729153
1332726010131980290
1330889695849566210
1329103135315550209
1331377067422871554
1338860149792886791
1340030891092025344
1343567548193918980
1336071776321875976
1337046942279487490
1337112415805333506
1340290801604149249
1341842662635294720
1342162439798980609
1343513299061714945
1334315171498647553
1337401789021302786
1338604979746123779
1335277707148529664
1335336541955235840
1336441559336751104
1338115561318998023
1343552152028000257
1334166201329537024
1334221679384555527
1334961822890225665
1337781838165778432
1343919962528894984
1337022056790192134
1337355502628507649
1338979508339150850
1341032673301696514
1338944523305701378
1339241524924657672
1341624596571840512
1343187435593867267
1336955199198384128
1343131979101908995
1335621284235890688
1337511238159527937
1335193477982920705
1336452021394804736
1338858034043387911
1342205981938298881
1334586110459203588
1337804074213773312
1333791683520000000
1338227529123938304
1342789775082852353
1343922741108502535
1334441958866100225
1341327413616250883
1339633006831656967
1340308353499734016
1337722624550592515
1339619624153800704
1339881600851599367
1334152058140721152
1337414391076163585
1340299639757697028
1340616704293040128
1343357557260374019
1344601715543310339
1339892209777340417
1334638566455070722
1336761304565116937
1337484823418597376
1338286318061826049
1340945609268686848
1339931301516890112
1340652559162355716
1342095211854495744
1344722517680922625
1336823251889164289
1337017071335575553
1338470496543911940
1340999857155284997
1342506660171018240
1334869737080315905
1342534350164942848
1337593282793095168
1341091087889420288
1337545370906337280
1340502253174702080
1340712401742782466
1343584208984240129
1333887162400563200
1335297870703030280
1335795742359908354
1338845158134177795
1335286945279307777
1335984113346637824
1336825891725463552
1338642203414048778
1343654923511226369
1343923465250861056
1338196761270243328
1338997628764381184
1339349599245524997
1333769116528865281
1333852341791911938
1337476037593210880
1338678533971963904
1342807633582034945
1334833620788375555
1335464055696465921
1335553626752815104
1343236470803468293
1343591334934884354
1343814490240905217
1338174911555141634
1339269814272057348
1341004249065525250
1341481950897434625
1342645874216886272
1344339057866723328
1333585362493562883
1342293482090749952
1337748529436090368
1338108974751772674
1339232563018280963
1342579634060357632
1339164654371827713
1343315855925534728
1343989835187499008
1336000163513573380
1336453122122768387
1336414008954458112
1341468705180532737
1339890677308665856
1334697694493892608
1337823310453813250
1336426675337392131
1338141337686843394
1338635462731292679
1340105205011128320
1341217544489885698
1341528960967041027
1333771662387458048
1337934582088404993
1338508410690658306
1339366135851040769
1338199500733607936
1338578323044147200
1334100020908449794
1339617685693456392
1344039667163934722
1344454740973858817
1336290701038952455
1336463207708438534
1339968706563158018
1341231098156748800
1342564829505200128
1343574324981215234
1339696698403241985
1340488196715671553
1336376895068377096
1338996217955672064
1339032621205004288
1340752606050791438
1341770088966459393
1342323688595726337
1335320052518805504
1336008873350746112
1336025901482565633
1342124562914414593
1342161652037259265
1340013999191187458
1340767817021313025
1338608572465352706
1339559767828819970
1342208938607955968
1343367986590212112
1344384153043820548
1337467208201596928
1339023706815930368
1342238631696740354
1334633781819551745
1334597797815980034
1339006086012170245
1340365038700400644
1343579816541388800
1335690119001624583
1334506029112029190
1335000947278426115
1338571984540741642
1340251559222014028
1340743787807707139
1343835886149128192
1344332449879371776
1336335285076955141
1341876251666100224
1333920260790104064
1336296986568499200
1337128745254137856
1341099918065319940
1336814137943482369
1342602851617390593
1333632957748305923
1336440434927808519
1337035222706081795
1337360806141374471
1341011804403720194
1343545531667279873
1340174897700585472
1334174271116075008
1343893005179252737
1344071236465340417
1344757795636305925
1334589460424650763
1339600014675341313
1344008047149125634
1334585722230235136
1340317001055678464
1341549497751617538
1342342924437233665
1342561604852965378
1343961272237387779
1333858328565440514
1344314408567263232
1339350004532711424
1340040422534639621
1340683380741066753
1342658192614907904
1335347401297698820
1336849234600087554
1340323900975005698
1341162150543417349
1343288049996869636
1336034178505318401
1336412746037026819
1336964251798425600
1341247395884101633
1343996493699702784
1344472436738199554
1333618176089874432
1334983332237611015
1340839068733739009
1333860943940481026
1335911952544133120
1338085920839446535
1333606001707159553
1334991100793286663
1335349570193289218
1335765636480462855
1339359550768443393
1339615127843315712
1340316608288468992
1335359945844412416
1341593990731358208
1338544803257196551
1340667548786978816
1336409020119265282
1338646801721798660
1338869078950371330
1338886565939048448
1339296502833958912
1340274445370482695
1337192986900377600
1338912677331144708
1340104833576161281
1336445212848238595
1336700908340736001
1337039405832433666
1338198770354417667
1339032506163732480
1342434927451787265
1342465376324620288
1344012620572065792
1336740510665486336
1342931811077386243
1344537649768382467
1336114695162499073
1336493275319066624
1338888043743285254
1338900274493026304
1341856040757977088
1342140658342113280
1334596581039824896
1334894672225988618
1338465040102547458
1338609642348441606
1338848843346141184
1340800430247440387
1339167179053408257
1342149334670798848
1334576938346827777
1336370457860300800
1343172182457933825
1344747083190956033
1338618362746839040
1334252150147473410
1334692419627937792
1336779600358232069
1339900735237054467
1343426803944316928
1343476982588256256
1336281900961370112
1341113261832495108
1341849826137415682
1344431533893906432
1338992016529760256
1337168600956809216
1339340807590072325
1344766277102018569
1334262328041332744
1335660287903621123
1337068754497318912
1340406803843170310
1344034219425734664
1344125928402792449
1334518835765010434
1339969296584355841
1340716101961977863
1335687337532157954
1337759734204690433
1342630725154185216
1344305358475563008
1344394103946141696
1335357899414114306
1338608489405485061
1338638195534270465
1340344377554718720
1336312327398895616
1336820431731503105
1338858096559534080
1343264140882800642
1344317351324504064
1334725136289697793
1334939324643741698
1344380236683751424
1340308421120299011
1341844696038051840
1338681444663783427
1339569817133703171
1340049219013529607
1334157629074124800
1337592227535663104
1340058037713850373
1341552196312330241
1343821195544686592
1344444334880550914
1335344955921846272
1339915837369626631
1344713713677463556
1336458046118223872
1339305564111822848
1340529064042442754
1342170108790190083
1343426674520715264
1336385414651850754
1336488939771801605
1341498766768173059
1343568081889632257
1334974524484444161
1341464457801854986
1334115123670249472
1342456682169905154
1342632460564258822
1344364492382220288
1337486700503818248
1334512755701936131
1334651897593139200
1338745380406583302
1341547821128962054
1342087644902260737
1342101372351688705
1336458720491020289
1339252742137712643
1342153689105117184
1343541525616218113
1335004848203378693
1336709859199356928
1342443764137291776
1343582320515817472
1338303955126857728
1335202830475534336
1335370385295089666
1340380757462822915
1343235201653239814
1336343582744211456
1340259340884848643
1343978891136925698
1339175130761662464
1336484466022289408
1342105269183131648
1333604600889434113
1338664479110750208
1340031684713000963
1340449265747963904
1341428920005124096
1341500353158799360
1342560090629529606
1334106330190270465
1338498455568834565
1334824795192647680
1338198666318909442
1338610896885583872
1341756142519799809
1335701481710874624
1336459554477977606
1343226409527947264
1344277065437216769
1334834518239408128
1336743709388509188
1338142354541322242
1335703066071490562
1343559002253389826
1262204858938998784
1263476257347510277
1265235526401036295
1257375124581482496
1261011484303384582
1261692594549075968
1262395029290655745
1265355791701336064
1266069368506646533
1266088787777671171
1257989754660048896
1258048793720823809
1258912241048526855
1265783384611205121
1266013961981394944
1256956053729816578
1258064357876850691
1262621638262226945
1257996084972081153
1258142527036719105
1258969018188382211
1259810913810550784
1261474416875225088
1257283850713083904
1263315844584669191
1263658415949152256
1264156645988368385
1264973124740755456
1266137362821722115
1257762050438320130
1259960736081723392
1262494597227466753
1256236720934264833
1258179978115592192
1263475958310408196
1263821932132208643
1266855553537437696
1257811817688190976
1257826169828892672
1258053233311973377
1258448257107320835
1263655870627536896
1264710313913524225
1265768312102887426
1266790249587499009
1260602131494719489
1260978248587988993
1255994126350368768
1259818405970030592
1259936340273246208
1263189572466417666
1257305132649205763
1258454001668050945
1260017571702562816
1261848078862163969
1261474168002011147
1262556656031993858
1257326022221070337
1257789702050066435
1260528299169607682
1263199246880313346
1264042119179763712
1266501080352878593
1258822366823514112
1259080686943813632
1260309188707848192
1261613632552611841
1264198168029417472
1265303704174882821
1259943144948486147
1256234013485862927
1257764104502214661
1260396865360498688
1261350177195069441
1265392252949532672
1258734660668002306
1260563858487468035
1257993622550650885
1262054002218414080
1267178416102506496
1258326781448380416
1262483109443969026
1256618181889843201
1261136329020248064
1262838325309771779
1265089328323182603
1264390160797630465
1265016487766560775
1256653560009199616
1258155657905217537
1261418809849610240
1262397273100648452
1266397995358134274
1258725064159170561
1258821388640702466
1260022865295859717
1262177340676857858
1263163618108928000
1265312769395625984
1266202104760328193
1266447977561939968
1256913689925636098
1258144521679974401
1262497762156916736
1264256051324608520
1265257641925885952
1256360222244864002
1256299447484588035
1257480140512165888
1259218033261703168
1260293640393457668
1263883586815623173
1265465447635271680
1266823559302840323
1257628623592456194
1258098857612804096
1264745732214599680
1264554705142919168
1266433691150147584
1266898012489437185
1261297037766729732
1264540058163580928
1264899407843123200
1260227099207634947
1266351098555703299
1259899435439599616
1264350777092509697
1258769815042437121
1261819813439078401
1263112920189202445
1256965503500922881
1261752226051174403
1262341705681928192
1256641946849665024
1258372878401224705
1258393603942092800
1260226301849415680
1260571770693828611
1261017197239054336
1262253472180662274
1263953920130416641
1264554335196917768
1264685580941697034
1265726775730016276
1256301749687762948
1257025698071445504
1259036223596908544
1264272398930632705
1258058482496016386
1258510603372474370
1260781618983100416
1265732017641140226
1262553239716757512
1263181461076803585
1264805602078965761
1266704685630738432
1259833150508761088
1261867051385262085
1262952448769089538
1264889880393314304
1264971270854021128
1265599898155696130
1258680280430370817
1262115128096559105
1263081473848074241
1262203488190119937
1262490667621609472
1260690925757575171
1264382882010849283
1256429504328880131
1256736115429707778
1259313915974103041
1265718913649827841
1258036310507491329
1258417506466725888
1259873334898184194
1262049321580744706
1262337115276431360
1261839354491736064
1263099746236928001
1260011178035576833
1260878788239527936
1262171262060806144
1263838087731388416
1264212003624812546
1257344479964663808
1260180437458132993
1260391158351646720
1260959337662550016
1261803627653496832
1263788808476127233
1257799379383193601
1260347369457102849
1260906475230281728
1261636698531823621
1262047214890819584
1262136043756814336
1262398808744431618
1263580274341765120
1265013883061694464
1257729286754238466
1257640537659768835
1259895278020308992
1260739224225157120
1260901439892860928
1260935148243214336
1262932181577543681
1262940522240409601
1263368077846216704
1264308887546724352
1264959426471104512
1257317898013401088
1257367366826164225
1258114143586058240
1260560711123689473
1263300252171370498
1258050400709677062
1259864330704691201
1260969535974375424
1264573132444250112
1265734023491522560
1259485860044701699
1261027309454319616
1257867278496006144
1261809921932365826
1265032431406657541
1265454794434646021
1257657572313759746
1257688394047594497
1260020938390638598
1264325113391898624
1264606517250134023
1265286599958507520
1266819052942614530
1260956355424378881
1263565558253051906
1255994523471265792
1256978082797404160
1263563460505452547
1256272274337992706
1258369172150652928
1263558719763361793
1264142798082715649
1260085003632947201
1261823575738253320
1262449244612542474
1258697613752373252
1260665583068119047
1266368162825555975
1256546364265304065
1257699631183482882
1259988626533949440
1260343774938574848
1265126787148890116
1257819761846648838
1259836582930132993
1260257372301176832
1261739275705606144
1261743340510261248
1263294701744140290
1257619809723912193
1260169109100212224
1260782143917240323
1263074505385283584
1265430189464416256
1265785435625750530
1260925824959688705
1261319162124800001
1262381203937730560
1263585128908906496
1263810740609183744
1261960300472958976
1262923288680038401
1264763149934305280
1265529173457731584
1265672803220520961
1257648778523422720
1261448431869890561
1263567265338781696
1265042708235722752
1256191480131174401
1259837171613274114
1260590647003799557
1266497448073031682
1256918651778682880
1260923742328221697
1266358656813142016
1261022564278820867
1261428024467218434
1263784186378424320
1264521857807659018
1258417888647680001
1262413191914696705
1264275297937039362
1265651846972149762
1257009282165485573
1260602378283253761
1261429313628340225
1263122042305409024
1263534711726579713
1258869506866380802
1259477524213571585
1259871872482590720
1256254540589957120
1258374790282436609
1258714532194779137
1261784798596673539
1264273662053580804
1266659188060459008
1261645088893132802
1262441213862518784
1263561160047104006
1256734392560599040
1256908882749816835
1258388263812902914
1258440619728556034
1263930581492150274
1264939537605767169
1256756785936883712
1259959108213579777
1260411424901398534
1262646884138512385
1264972028941152264
1260625494355185666
1262380885187481600
1264998441563951104
1267090967703752704
1258724599480684544
1262935790344040448
1260696793320390657
1262225266287370241
1263304809756659712
1263926388899418117
1264887699351187456
1256739769758945282
1257181609461252096
1259582520393379840
1261751983599431681
1263229917472395270
1262050346718748673
1262728481802256385
1264964009234763783
1258159237026459648
1262379433299755008
1264622203108298759
1265530562363752448
1260681311561359361
1259243192723091458
1262396301964181504
1263567749349072897
1259943629780590593
1261006497909219329
1261276084152217601
1263463717313957893
1260938409822093315
1262381750388510722
1257793454970679298
1259153672010960896
1264978302797778959
1258721325914431489
1258781539342655489
1262240102996205570
1262495141362716672
1263595895846653952
1256276425297952769
1256322250174693376
1257783923209375751
1259065588586090496
1259530352193867780
1260652889342541826
1260946332853907457
1260983929953308674
1262862377852297218
1263785447345487873
1264176768480665601
1260254482400714755
1262368103788355586
1263100703570042880
1263246190998622214
1266063152241946629
1258009890288816128
1261026008926433281
1262813521672364034
1263927631382294529
1265255129760088065
1265701234763337734
1266673216292032512
1256303041252225024
1258043983529308160
1258700685966704641
1261090966951297026
1262857442330914817
1263791732434624515
1265977794791604225
1264003611266334723
1262862026373763074
1264012451462279168
1257473853149843457
1258461618696060931
1259868033893482496
1259984830609059840
1261815187117535233
1262036004657127424
1265352985141444608
1258153371569176586
1260064951286169601
1260148990051594243
1262074161268166657
1262381627038195715
1266490284210221056
1262527153587073024
1262700799114858501
1264916870026555393
1265029886546251778
1259976589829459971
1260182222952452097
1256549607078838272
1256890260933533696
1259082910881153029
1260576799270080515
1263109111098605577
1263206116302958607
1264656177092333568
1265728715234910210
1258445498517725189
1259858590451597316
1260021883304464386
1263952216735563777
1264558031305670658
1258072808929792001
1260970844379021313
1266584337283198981
1257133143628398593
1258176057280278529
1258244341254021125
1259197710328102912
1260873754298789888
1260988260228239363
1263055638227226624
1263410470003838976
1259996360738209792
1262920222698340357
1263875879584833538
1264461154644090880
1265750907922403335
1257007953003139072
1260881061883641865
1265369876555759616
1260931090778210306
1265786119423234049
1256754110298292224
1258380991871119360
1264584501516091392
1256193259497500672
1256601235244924928
1259841201794158592
1260405145382326272
1260916541098536960
1260996384527917057
1262569655635513346
1262893097853300742
1260180932419559425
1260186471765618690
1260919063594795008
1261275149518675969
1265362080120614917
1257030127990591488
1258063571143012352
1256339217392652288
1261746045849083905
1262868481730580481
1263440670515171328
1256368178550247425
1257353025901023234
1257381719742844929
1257413021829398532
1258806403302658048
1260635484621017092
1260962264045309952
1261719323619536903
1263848901062397963
1263863787276435456
1266839311040892929
1256061894928076800
1257785968242933760
1258486174517211137
1259135443804852226
1262218508831789058
1263228406302494721
1263618876283260928
1263654794062897160
1264148342579384320
1266477556695515138
1260405673654988801
1262882776631652353
1264981616788672513
1256238402900496384
1258414907785007105
1257331655347494916
1262488084228321286
1267075869685710850
1256334533789536256
1261070612434497539
1262420144611090432
1258029677639348230
1258345849496711169
1260187988165890048
1261032808740466696
1264897776552468480
1265430182619463680
1256956691582779394
1264871344413585408
1256535177003761666
1263484664578142208
1264328565094584320
1265379829639270406
1258531243525672960
1259182609449603072
1260283800614928385
1261825570054139904
1262240584506507269
1264672649663447049
1257423272708358144
1262824634489221122
1263493518078722049
1263543430346498048
1257008594425466882
1260955638210928647
1260174035624718336
1261243694075830273
1263251673331298306
1263419443847233537
1264915016697987075
1266394550177804290
1257723436044103680
1259163942418513921
1261376785540775936
1263649546518872069
1264247414959091718
1256204378610024451
1259905646356336640
1261071303920017415
1262214087502630912
1264916799423942656
1258411129853927424
1262002521511346182
1266481252737191937
1266727328119492608
1256232994085515264
1261009025111674881
1264543006457319430
1266802429737275392
1259612944620544002
1260952920041730050
1263105973167808513
1263541335468003329
