1182582858776485888
1189895548716900352
1179088126544736256
1187303740140937216
1181004044472655872
1187768168376176640
1185110401501007872
1183326358476181505
1186677665979338752
1185670620174049281
1181171510993674241
1187743493298499584
1192910005323915267
1194669058429456384
1206140334381654016
1201635036535119872
1204172271658688512
1205188039837962242
1201615677141831682
1204430921811804160
1222898513610076160
1222961796610502657
1217190000824967168
1216134833530781696
1215695075260284928
1219658569475350528
1222675031047712768
1220791903135858688
1216340769318952960
1218254820966117376
1213627788990779395
1216077836597039104
1215451598186434566
1213144001186091014
1220367338475683842
1212951482619719680
1230858774124081156
1227742708267024384
1227448054208483333
1228703010424930304
1231947247602061314
1231970610869391361
1232781864701714432
1227912550492319744
1227353258752192513
1231171508342534146
1240445747356721152
1244338536561750016
1241115384624775168
1244647919459995650
1237330635712270336
1238996631749562368
1237059575112753152
1240317042898673664
1243608878107045889
1244823283905806337
1236387144723243009
1240043645585125376
1240653036588015617
1242749044633542658
1238736155186810880
1241473695165497344
1244893213925793792
1239578681921736705
1240181340986900480
1240334746087034882
1244645482762297346
1237413931712421888
1239381293680463872
1242717430482440198
1242849374935363585
1241084192651227136
1243326355380424704
1238220733970513920
1242805552834654212
1242907373339099136
1240846628291919873
1242837110597406721
1239910301623083011
1243285102198734849
1244817950508552193
1242852116827377664
1243646921832427521
1239303678084988938
1240783961216782337
1243546321354661888
1238195159034142720
1243301402220335105
1239440918408814592
1238876563740950528
1241886960576274432
1240046129472929792
1243243123607851008
1255519754921676804
1255430625982664706
1253651148713541632
1254663166686101505
1255059669963485186
1255896860516126726
1246490213813293056
1246999487731687424
1255236761061658625
1255630505514500097
1246218650916249600
1246109819070746624
1248616438681579520
1247243952727699463
1250854006982881281
1247199411282874368
1252332150998757376
1246745702958534657
1252628913446141958
1247094283183759360
1255430886025281536
1252525416159621121
1253345518975176704
1248108377504432128
1248307129120968704
1252373735077625867
1250701481122033665
1247647990501736450
1253764536739520512
1252642122647375872
1252977889286340614
1246873499236433920
1246889043310174208
1252875071539957766
1247139594245570561
1250113782791184385
1252659063432908803
1251412520474157057
1251470179583827968
1246888957297807362
1248651380883173376
1252994869523595265
1253127451124871168
1251254122608820227
1255110773057167361
1250059303811264515
1255050743658287104
1246184448913281025
1247003124201672708
1248655784625332224
1250278072042934274
1250735849240756226
1253003587124441088
1246652815931371520
1248169858073837568
1248061815252291585
1253167442429464581
1264185421858250753
1261734371276525570
1259562615203823617
1273994032457408514
1276922785844133896
1268603491993260032
1270599334783041536
1267429489543446529
1267621026612928512
1268692970485821440
1275565567941005312
1270480673531404289
1269051567631712257
1276546228176728067
1275425909491843072
1277889937157894144
1270563779298746368
1275475752507584512
1272697091706572800
1268924726195499008
1270139778177081348
1275931276692918275
1274386661267386369
1269699413297041408
1280533912037527553
1288948068998578176
1280638188445450242
1278764838047670272
1286362927893708804
1278797953738649602
1282712935949914112
1286725083101310977
1283070770424369154
1288598798286159872
1286739427927048193
1284103466869075968
1288870563713294336
1278728489248514048
1288467065641275392
1283771636144132098
1280527229089468417
1286972169549836288
1278597375205027843
1279505305991360515
1294709763570376710
1293677654604947456
1300448760720510982
1289892165481426944
1295865171936673797
1294294212175958016
1296504706840199168
1299650586065985536
1291834204641202177
1295744522773823488
1295022828052332544
1291689551799427076
1299111851142324224
1295697343103238144
1299429809882267648
1296496464542089216
1291686786482216960
1294348068590981120
1291504958341296128
1296522656364232705
1293933081569759232
1303699529779359750
1302862764533329920
1303771146853265418
1308805970198495234
1310978145525301248
1303533047522918400
1300854388836184066
1301821444402409473
1302735830574870529
1304192366966984704
1300829037607051264
1301453776944062464
1308240528807325696
1305655042826022914
1309255051253346315
1310209377077530624
1321134708525355014
1314199049344413696
1311765067692679169
1318911829247229953
1318895003465232386
1312914149547012097
1313548996468781056
1318627556778803206
1320508187796267008
1320169961327833089
1313101445621788675
1319329312277958657
1319329312277958657
1311575461873373185
1319041237354045440
1312081249624784896
1315587426891575296
1330159567276290057
1324988259257217024
1328169026078576640
1330273032485658625
1327376761974382598
1328443337762856961
1331221149787754496
1327298955466731520
1328407948389969921
1323750955591094273
1327716945853091842
1323307416784687104
1330545007011516416
1344418094853316614
1336430815123828739
1343292157679955968
1337762917656227840
1334631236376080385
1339267972368642052
1334902714321526784
1341412873613021184
1338856339175424004
1336067735193849856
1338529212798418959
1338925022233194496
1335690428138610691
1264185421858250753
1261734371276525570
1259562615203823617
1266672357810114560
1266713079921991680
1260987989779505153
1266015686138232833
1258993871754756096
1259662041570295808
1261821193377611776
1262755151703494656
1265952142419992582
1266865692432830465
1266566314342199296
1266434286481289218
1260744632482267140
1266311482393923586
1258832655287832578
1264078752322957312
1259340115756765187
1257158649853538309
1263712056915656709
1260494199457275904
1264353445697384448
1266022503991910402
1263735143484850176
1265301404555624450
1261671729258209281
1260179286927052800
1266471070078390272
1256328223790493696
1257334085019721729
1259045260384260096
1259532614077202433
1262316499269795841
1266441269347303425
1262994520188297216
1266967064956276737
1262758680438509568
1266732001933041667
1259075987872104448
1259142446291845121
1260281460180881408
1256101588764106752
1261759717451366400
1263214406575501313
