1181179380451680261
1183880465939234817
1187415523887341569
1184438956043182080
1189529381758218240
1181617607411195905
1191023470982746112
1210706036790824960
1208122856837656577
1207829355482607617
1208074183332073472
1208158363424477184
1207421607377022986
1215100383942664192
1221785730483023873
1220362865464487936
1233054496005058560
1231254862458957824
1223629618189676544
1231968248779935749
1239671993575698433
1240273865416335363
1243274049372987392
1243524684177723392
1239537025499508737
1243526937852571648
1245100560992346119
1240058080672362497
1240413830770876418
1239676079717208067
1244006405063000065
1241379160880283651
1240694396242153472
1243071429777776642
1238589440647475202
1242940651542626304
1235333983245869058
1239638225066397696
1244035527944351748
1244013351560261632
1242195319879798784
1242813673183293447
1234626469164462081
1235552907300241413
1239699225245597696
1241379265234391041
1238834793074307072
1242952022132797441
1244732780753215489
1238434759119904770
1240624205038829569
1237440511369039872
1240419371459022848
1244735605159976961
1242935304652075009
1242868144118435840
1243286282538795009
1242851275768844289
1240061640965529601
1242535291967148033
1242942494100328451
1237133001051508739
1236672717031604224
1248294786731253765
1253679276769120256
1247910872963563520
1245437809755934724
1248355984583602176
1255855485980422150
1255157383845892097
1247147206999715841
1250771060401868809
1254878389686714375
1245441614731853824
1252313939683299330
1248256604778217478
1250898361730957317
1252699542669099010
1252042266140528640
1245327592154107904
1246052360796995586
1250572401395499010
1249781830049357825
1247938787184914434
1250482147980427268
1255197024217006080
1255593597396635648
1248349020763770881
1246422410418675712
1249773952622186496
1253084536788975619
1255513655539572736
1247916836970270720
1250231941355323394
1245814264947859461
1261331047016529921
1275889926274519042
1270857188186226688
1272642913227493378
1267899297728782344
1273289923366248449
1279867699783438336
1284118216097312768
1280959169764392963
1281621953120481281
1283045647478853643
1280955582871220225
1278740796276006912
1294294570327392261
1290762663409127426
1298063294410797056
1295699165608062983
1298347297332322304
1303866624731119626
1306702946219024384
1303756903244353541
1300749540375564288
1300961272289087488
1309142953894477824
1303754225214660609
1309266380081029120
1308057170169065473
1301215435992584194
1309226423438249987
1313947725856112641
1322209923015626758
1313613067335467019
1314597117567041538
1319323800308191235
1314211208656945153
1317147664685932544
1314588278956449792
1324705631807381504
1331973724703080450
1328348894539829253
1328474768065011712
1328475046197784578
1339609363514859520
1339933591200026624
1339989751999442944
1337172505904050176
1339710448472604674
1261331047016529921
1258828319577047043
1265461339033493505
1264094026233413634
1266107910481833985
1261310527726325763
1261280170037534720
1261310544906256384
1260563741961269248
1259169659259150336
1263807245483159556
1260193172556255232
1260631038545592321
1263214242456616961
