1184626055853805569
1187008403752677378
1180986092285239297
1181328579587653632
1180916912366260225
1184212001473601537
1179023787158839296
1186316326975000577
1186700513909321728
1179132694392950784
1179029009142861825
1186332463737511937
1184513329752150016
1183142870276026368
1187703488798744577
1184578723141554176
1185159613282426883
1184565352824541189
1179028910689914880
1182470814316355584
1186350315890728960
1188232842804957184
1180141359216414720
1183130249632063488
1188502444185137153
1181498461155467264
1183951448184410112
1187071325405437952
1179142093656264705
1184917271275298817
1199339373872861185
1198088076624617472
1199786234220077056
1193873143204601857
1190386760448122880
1190386760448122880
1195829487390167040
1200521474731364352
1199513273894424582
1192533694629732352
1199326639353712640
1198816418071904256
1193075036673978368
1191842681179127808
1192783370331156480
1191417356691681280
1192790184707780608
1200815826015793155
1190802378028703745
1198680472726859776
1190658123184427010
1194021890362400771
1192521971759796225
1197967061021904896
1198321771239350279
1198321771239350279
1200593710381072384
1190472267303718919
1192587621026938882
1198810768055185408
1199367695503888384
1199884192533729280
1190778837203853312
1199764109274812422
1193571722403946496
1193550831049674752
1191815487178588161
1195176363486932999
1195423012234772480
1195133752076316672
1196781995675787264
1208346821413629952
1211820761159102464
1208516305776762880
1206238598816624640
1209147055962251264
1211703998195077124
1202777196563255297
1205501857902350338
1201254713817255936
1201254713817255936
1209671308876951557
1208039569939193856
1201230922638446592
1208505722054545408
1209033037977149440
1210757503446745088
1201271430731751426
1211690706634457088
1201839427150069760
1205935328042901505
1206689526044868615
1208979040503242753
1208979040503242753
1211070657280270336
1208202124363993089
1211772287617249281
1201193581878243330
1211834241878638592
1206611481996881920
1207500129336471552
1201878054504738816
1207416163157905408
1209476434944806915
1208782885462978561
1206695909045784576
1206924708463173633
1204163864054517760
1208788330986557440
1203147078899240965
1210576202131480576
1212436323761410048
1215341879203680259
1220042273339166720
1217903097575563266
1216936070400659458
1222315362747850757
1221124997164535810
1213829578722070528
1216057767162732550
1215449022858547200
1215449022858547200
1216908900697505792
1212287163452268545
1219304388310659076
1219790543359660032
1233850420398706688
1229283536152276998
1229583824780234752
1231220935417450496
1232849248229654528
1233260433580216320
1226968240359956486
1233024981157720064
1233392615535460353
1233455151521959945
1233823715059695617
1226575261480734720
1228643118309875712
1233364652689645568
1233767360378626057
1233184209507946496
1224184565217906693
1226676981757968384
1229212104198062081
1232994312419467264
1223634271031697409
1224070834194722817
1233460626799943680
1229375538218897410
1229492873877315584
1232727441417887744
1229509504288473089
1233206062075011072
1227072297090998272
1228803327129014277
1227325979879772168
1223690078741880832
1232434028873076736
1233852605929050113
1230629467686686720
1232849660294897664
1228909115356983296
1227910312638271489
1233400456203980800
1225787988224831490
1228706250193592328
1232135554906628098
1233282332406226945
1233494344729939969
1229555482244849669
1233320955050708992
1228381108196110336
1233480947821142017
1235900513109057536
1235939163058270210
1236061660625784833
1239118189256232961
1239242171993198592
1240430518149296129
1240561447157063681
1242173517988331521
1242835764402102273
1243879072351965184
1244831678498914305
1237251854775521281
1238841877819985920
1239949198251798528
1245041301856440321
1236353597316763654
1236761593473634304
1239138875483852802
1241778342619201539
1241792003471552514
1242576006944350210
1242728452215758848
1243446420801310721
1243981671214526465
1237406476538277888
1238219177887969286
1239596390168383488
1240981737045450754
1242014381262737414
1237809275789086724
1238445639270359040
1241739704690790400
1234344406846590982
1234561827964628992
1234561827964628992
1236066960712048643
1238502666407419905
1238995329632043009
1240286687281938432
1242249467811762181
1243921899014455298
1239649877354659841
1241037095830982656
1241819562628317186
1242059637819682839
1243561823477149697
1244667051358269442
1245026625995124741
1234850302630776834
1234878256500727809
1238381845567254529
1238931211315073024
1241010072983085056
1242456023492952066
1243242778290728961
1244314470484041728
1235271668030984194
1239330448955846661
1244686714951458817
1244804826543689728
1235336779902918656
1235982280037937153
1238551511992545280
1239619482039050240
1240307775948746752
1240668140888977409
1240804449079234560
1243043835439009792
1243241554346721280
1245043960441176067
1239098530800832512
1239271219397980161
1240297648424353795
1240417957634813952
1240575595949547521
1241301429295427584
1241719129146626049
1242585098903523328
1238096318301495296
1238756684580958210
1239313411646935047
1241745060544348161
1242220845784870914
1242929947502686208
1243216477660024832
1243504277726867456
1243535631646670848
1243930183243042816
1235912345744011269
1237683977110138880
1237942639510593536
1238575575238877187
1241170169235456000
1241286087781175296
1243021375092244486
1243264879445913603
1243387916060995587
1236680622892101632
1237407496152723456
1238278560818888706
1238521257915752449
1238829801420599300
1239010190537691137
1239580904785313792
1240293961643831361
1240303877963919365
1242137479169347587
1242772243186212864
1242882098328768514
1243208021444112384
1244022496598331395
1245026839447457793
1235987318848122885
1239262719884193792
1240471821981552641
1241721027433885696
1242081397860425728
1242646009886507014
1242799311693504513
1243149114201833473
1243262482753286150
1243717000624582656
1244349002163916800
1235106464148189184
1238181490313375744
1240379965251690504
1241599547819819009
1242184711952166912
1242622139917832198
1235204490216820736
1237202876725972993
1237372835141648385
1240789033632096257
1241052307564961793
1241909397825224715
1242798977701097474
1235002264151941121
1236074942493536257
1236392019410460674
1240307898191880193
1240337581721542658
1242132999061131264
1243031856490012672
1243143719320260608
1243720351520964608
1237194983343394817
1238221482423181313
1238680238164410370
1241809646026883072
1240669544806526976
1241182118316847109
1241512765090643969
1242773813584158720
1243906117324980226
1237360132390113280
1238866124105711618
1239664794912927745
1241801909335281664
1241801909335281664
1241988598683111433
1242070390291271681
1243930060538724352
1244003695064494082
1235369635089965057
1236590051666116608
1240594802288119811
1242138584343171072
1242851845380476930
1243150525996171270
1243205853999742977
1244183692077142016
1244893661927591937
1244893661927591937
1244950120606695424
1239678871173320704
1240362356682743809
1240400172498198531
1240640675412148224
1242962529556578304
1243577317705777152
1243958094062923776
1244055136672112649
1244741984247521280
1235152346822344704
1238298438288076801
1239964290922078209
1241053769778884608
1241449215575949312
1243262781106708480
1239722533860937728
1241130687534522368
1241421116968665088
1241733413243158528
1243710452950917120
1243710452950917120
1237801528422887424
1238611349376077824
1238881089755549696
1240199014827601920
1243697568036470784
1245067977365639170
1237043098124943362
1242118076755304450
1244192277830012930
1237543765071495168
1240262198192230400
1240948957775310848
1241310736439074816
1241310736439074816
1242244366422421504
1243512323597373442
1239639094449168384
1239999274030632970
1240620203010150402
1240620203010150402
1241077628519493633
1243262182516809728
1244946855261241346
1235241511434039297
1236672708101861382
1238734263580753920
1240322845332459520
1240437164787134464
1240795041959829504
1241029290247905281
1242076985465192450
1243744196135129088
1244686131939008519
1236771241379254272
1237104709338464256
1240319868563533824
1240725206139908103
1243389603949633536
1243617584605466627
1243928637444968450
1236961431859363840
1238164077320568838
1238166428714483712
1238947965466816519
1238990887864107010
1238990887864107010
1240930359426068480
1244246689759801345
1240297971960471554
1241753313516847105
1242986587366932480
1243207643973349378
1243212718418640898
1243629142215667714
1235178181629485058
1236618681800507392
1239536481284349954
1240274622479765505
1240608748357521410
1241278380567400448
1241477974978891776
1242360482658484225
1243394554763460608
1244160703956766722
1244636335157149697
1235290906447798278
1237167543049162752
1238513495177560066
1240354164930015232
1244099460092878851
1244267347457777664
1244963488675401728
1236279319581937664
1236720953121312769
1238203761920786445
1238435363800207362
1239852040815345664
1240267575273144321
1240267575273144321
1240667123359404032
1242140168431136768
1242639935724589056
1243336947919138816
1244240449411387394
1244240449411387394
1244769980232728576
1236576789079699456
1240815275873832960
1241316784608669696
1242258298990022657
1242471794407354368
1243226427266400257
1245071042575355904
1238250939464781828
1238937109769183232
1239791961319428096
1239908217909624833
1241387630614302720
1241499831048306692
1241769554654695425
1243944581630214144
1236510514878058496
1238070291856752641
1238519010733498368
1243502671824408576
1244816120449654787
1245102912679936000
1237827361497845762
1238525854713622532
1239531558291324928
1240636965420228608
1241061455195066369
1241066490499158016
1241651167945523200
1242484369815506950
1242973222359969793
1243623897259560961
1238176058165297152
1238275125159628806
1239940010624847872
1240613773133541376
1242936732733095946
1238149088698421248
1239410939197358080
1240424977272209408
1242281241845661702
1243338310350602242
1238327655155396608
1239718145172164610
1239946039668264960
1240333413258858500
1240394822084694021
1241069779781324802
1242407640585637889
1244611095844847616
1234671676333277185
1238955643979075584
1240044845160452099
1240315193181327360
1241089331709849603
1243249016466313216
1244075617433325568
1234859125131153414
1237393953994854401
1240335615914278914
1240653828728352768
1240653828728352768
1240738562057875472
1241032359220260865
1243342472484474882
1244057231932432384
1244349442012184576
1244409829432659968
1239243666012745733
1240019784177197057
1242174008021463041
1242317730814050305
1242842247084859394
1244408477163769856
1244775679293521923
1244933455013711872
1240570857023582208
1240570857023582208
1242148379997523973
1243580567934758914
1244051630212829184
1244272078225903618
1237433506097172480
1243625104652861440
1238477450541174792
1240791167047958529
1241163554360897536
1243707732177248257
1243941406252679169
1241566912645148672
1241852170695315457
1244809104758951936
1244809104758951936
1246490233434181639
1247529559622168580
1247616463164313601
1248822634235621376
1249866126739124224
1250806180731064320
1252399448619012096
1252554520762212358
1253185589060546560
1255527220786888704
1247164491541839883
1247312161577238530
1247534290847453187
1247694054143545350
1247973249641783296
1248071056897630209
1248071056897630209
1249043397240696832
1249984302831546368
1250973654805929984
1251426251245584384
1251474636858155009
1251550171915223046
1251916095101063169
1252411582883102722
1252488745330171904
1254802477435805696
1255254425247068161
1255571483298091008
1245132533316059136
1245467238666248195
1246159020358094848
1247954203600916480
1249330285143040002
1249806294988361728
1251078954703892480
1251867562591293445
1252764641958203394
1253727200374861827
1253894688639119361
1254177920089817093
1254866983671205888
1255255715356254208
1247266611758800897
1247863292070068225
1248115400564518924
1248238652892815361
1248238652892815361
1248999294142754817
1249398662993772544
1252326673254580225
1254208145720700929
1254215018981326848
1254794534195781634
1246143255986819072
1247660140951560192
1247676144742273024
1247710804687966210
1250935664641748992
1251747663776800768
1252748717108736000
1252947103090831361
1255597748000362500
1245396294606016512
1246519177399205890
1247947118716698629
1249177900026417152
1249209670243356672
1249306589540102146
1251109557524365313
1252786331215790080
1254238458731810817
1255306948515442688
1245251955062005768
1245896508345466881
1248006281333321730
1248006281333321730
1248750235897266178
1251065381927759873
1251494828833202177
1251900363835183104
1251987984532090880
1252033322651471877
1253121145710112770
1254107814944890886
1254213728507006976
1254466790119354370
1245616969316839425
1247496852020310019
1247528884376985603
1247528884376985603
1248195967452680193
1248314030361587712
1248991408830189568
1249825705912926208
1251830085340082176
1252752780978204672
1254805435422572548
1254876453541490691
1254876453541490691
1245435110607880192
1246534897243582464
1247573983387619329
1248575297072648192
1251723757573378048
1254114741028519938
1255239984568774657
1246887839540838400
1250871812633878529
1251455981575385088
1252260721028739072
1253345151222775810
1253347410472062979
1254436694490861569
1255426280654340096
1247205532605329410
1248619780937904128
1248619780937904128
1248738511521488898
1249559292425826309
1250893692908470273
1251168727267041281
1253817410148167682
1245786754252185600
1245917040449171456
1247551365871697920
1249097080133558272
1251905838744170496
1251991466404167680
1254482398340931587
1255309099262193664
1255659051968532480
1255955119474184195
1247637776897642496
1248394080419102724
1252638580436013064
1253445491230203908
1245302205806186496
1245915183265935360
1246504158196387840
1246987345670426626
1247507318926966785
1248502868874649602
1250829437446258688
1250829437446258688
1253431226788012038
1254038377080504320
1254428258633949186
1255364611840319494
1245961582028390400
1247582831926222850
1248048363699949570
1249298406721323008
1251623344861884416
1253731338034778118
1253840503960936449
1254866981939003393
1246849707781079040
1248176180408311809
1248176180408311809
1249720262834208769
1250013242623168512
1250163721927716866
1252977176233811968
1253428378473951237
1253794465728229376
1254826705291587590
1255307586079019008
1255587908196712457
1245321728378707969
1246187575313915904
1247559007876898816
1247559007876898816
1249828741687238656
1250917599682023424
1251633319235764226
1254845827584913418
1254876829351018502
1254876829351018502
1255266721063145472
1248199198572523521
1250980410718326784
1252768211805696001
1252984739843227648
1253749919208427520
1253805278656712705
1255586691613691905
1246131177427275777
1248696110723588107
1250392732826324992
1251275505170616326
1251497649410211842
1252314612793405440
1252497312527585281
1252966812117057536
1253033157433196544
1253286425421844480
1253406365000884228
1254297216207945728
1246268073432227841
1248220541170995200
1249459268681715712
1250357588845154304
1250412715862110208
1250422434156515330
1250422434156515330
1251162615448956929
1252708030015246343
1253098162186792969
1253683220220186627
1253683220220186627
1254916395915186179
1255865756870414336
1245664282584514561
1246269596593786881
1249293155632963586
1249544473974992897
1251157724907225092
1251652459828776962
1252930432225681408
1252958798425227265
1253782147044802560
1254213140180541441
1254327952688459777
1254562031249707010
1254784314455162892
1245739034023997444
1246099343972720640
1246215744955781122
1246806094401470464
1248718519023239168
1248718519023239168
1250571696739766273
1250571696739766273
1250980138071715840
1251449270965866498
1251449270965866498
1252584195118870528
1252635432321335297
1252694234332909574
1252716760291213317
1254504177830633472
1254553240487620608
1255541431315443713
1255903841754677253
1245126097664163840
1246040321663946754
1247191725266927622
1247842985586417668
1247855097230524416
1248298095982645249
1248980465903521794
1249795571336056833
1250218338099302403
1250499983582904320
1253008240931192832
1253224617092812800
1253907305084698625
1254879530164027393
1254879530164027393
1254974398936895489
1255018799855808512
1245299225950162945
1245695478664237061
1245858711031042048
1248284099762163714
1248470772693139456
1249443555744989184
1249899403340419073
1251838744845594624
1253050592836104192
1253083673395691526
1253100306554138629
1253839592257720321
1255464922798067715
1246760810954797056
1247230087528730635
1247978148618219528
1248056831462834176
1249239632245555202
1251208812071133206
1251802774993600517
1252497309792907269
1252669874100453376
1252787333662998529
1253787373147750407
1254106179174838279
1254672973870456834
1254696224650739712
1245114490070458368
1245535709202612224
1245667924200865793
1246624623543889920
1246624623543889920
1246972116295024641
1247020252673617920
1247916719101956096
1252610668760567808
1252928949077700608
1253024626394923014
1255886910045605889
1251838535931289600
1251838535931289600
1251914221237030914
1255194801240064003
1245407933955018754
1247198723052048384
1248041964546789376
1248676254464856064
1249190684806066176
1249362041384517635
1249635700707819520
1250959338862067712
1254607498008502272
1254813518282608642
1248313221498449923
1248965286348443648
1249021046365343747
1249444233137750017
1249444233137750017
1251358316820787202
1251581850717491200
1251854201673506818
1251978167444742144
1253357218696761344
1253383679793156096
1253465702624686080
1254763489601748992
1255637399138217986
1245860210662498305
1247655403309223936
1247761074159366153
1247947786294829056
1248067077065367553
1248067077065367553
1248289718573215744
1248289718573215744
1248665469462216714
1249534618107289600
1250089978253770753
1250875620197793792
1250920634890289154
1251554761939103745
1245310041424625667
1245976264890073088
1245976264890073088
1246957112347037696
1247675636199698437
1248874685695242242
1249069183796744199
1249725810509893633
1252003094516379648
1254055061224738820
1247109386885107712
1247510834278019073
1248600135065624579
1249350369940877313
1250129352127328258
1253525973947109376
1253525973947109376
1255211068940587008
1255255446224539648
1245511552633094148
1245833454429720576
1246463815224623105
1247687620056023046
1248080101192810496
1250005892919156736
1253032678431100928
1253153703017590784
1254460099638128645
1255197599453372417
1255646615139909632
1247645507020677120
1248041928903573505
1249141216786165761
1252211891901956097
1252295758436421633
1252714835105714176
1253386166998650886
1253386166998650886
1245149676485165063
1246907821200830464
1247246338955198464
1247503739558211585
1247691847000035329
1248366348473741312
1248937344260071424
1249550685718315010
1252866497900195850
1253092481509531649
1253529784572874752
1254858571512197121
1255174774910681089
1246924211735515138
1247435325812719617
1251362146899816448
1251671258703392769
1252474979616260096
1252474979616260096
1253309378385465347
1254688322225651712
1254809105631514629
1254934953755721730
1245730416750780416
1247350426875441152
1249195470095859713
1249787607518756871
1250143184513990656
1252283402855858182
1252686169982275592
1252998185913651200
1253056226285490177
1253106499200507904
1253278204317573120
1253815567091265537
1245253330529632258
1247236566587600897
1247296813566058496
1248220720842395658
1249345395249086464
1251618534456569861
1251900585110130693
1252730169468481537
1252955135187312640
1253358830324289536
1253596776164196352
1254388506207674370
1254605241464639488
1245486303942021120
1245486303942021120
1247869735020060672
1247869735020060672
1248313582737141760
1248784086186983424
1250335565825724417
1251845280175140865
1254140646790778880
1245733917107326977
1247580484621594624
1247616208104558592
1248210907601256448
1249064184215670785
1250064915769032707
1250251679754104832
1250933505816657921
1251028400753573889
1251550936696119296
1253043435273179140
1253057471972769793
1253379464509218816
1254352317891121153
1254909705983574017
1254909705983574017
1255498338306326530
1247056930171809792
1247520676128256001
1247623617145229313
1248200142739714048
1248326215146110976
1248603213407944704
1248603213407944704
1249548216074371072
1251983277168230400
1252234687948263427
1253032256135933952
1255918934764724224
1246831830751416323
1247320620636962816
1247363348477460487
1247496587267526658
1247539873449295880
1247624861679222786
1247944820850483201
1247955617068863488
1250521386478682112
1250721193545682944
1251848080540008448
1253806444102778880
1249501448804712449
1250912819496640512
1252988651858006018
1253278742501371908
1245469044532101120
1246026565189763074
1246461153133420545
1247277494602010624
1249066314917908480
1250046743980498945
1251496268762931200
1254433363093569536
1245308696625889287
1246969845117304832
1248239227504074753
1248342431814299648
1248387717320208385
1249148892354093056
1249333595732230149
1249659983496609793
1252945790265430016
1253411639027576834
1253755580763779072
1254028998637694976
1254098510334636032
1254499822805176321
1254808824088838152
1255383428612177921
1246067237817024514
1246127557067583489
1246186941990789123
1246999340931002370
1247940144038060032
1248120167701372929
1248120167701372929
1250486909153017858
1252569944560189442
1253315651592126469
1253415380350984193
1253559047225094144
1255857731929542658
1245111905070600193
1245679514664960002
1246089773900496897
1246886086342737923
1247959112433967105
1251677164279418880
1252135025719599104
1252401765313437700
1252497316323491841
1253311431522635776
1253319996308144128
1254489518549467137
1254873081337823242
1255243622934556676
1246162821496410119
1246246114975715331
1246990885222371328
1251074833523376129
1251095544488816641
1252752502849769475
1252934922810974208
1253427045205372932
1245159060699254784
1245540061858467841
1246877904111198208
1249496343900499968
1249578068332724224
1250708976045568000
1251987328874287104
1252795227636719616
1253108533442211840
1253108533442211840
1246823497197895681
1248560221028564992
1248635090789380102
1249496342390603779
1250066038156341252
1253071761979191296
1253313650271514627
1254461236755992577
1260686466319093760
1258445367735181314
1261907484098416640
1264278225036824576
1264278225036824576
1264658176948842496
1257297263237517312
1259684080611930112
1262965818955927552
1261166303118675968
1262097166010585089
1262097166010585089
1260570630489026563
1264321011157069824
1259181327800078336
1262937672953344001
1263428249343983616
1263633776451530752
1264295023245393921
1258217220339048451
1260448841205190662
1260480439451615233
1261279699428347904
1266819021183295489
1263971788662476803
1264515502304571393
1266583875897233408
1258075602868977669
1258391955584753664
1260442954973487104
1265739312806670341
1257365849620516865
1260337701586440194
1270799147218526208
1272219895065763840
1272988523520352256
1273148940309970950
1268338471220977664
1268599373216264195
1276877960402866177
1270734244550041605
1275134961146789891
1276848351858876417
1270504181468553216
1269783270008303616
1272943728399794178
1269713284472745986
1275596613097054209
1271063964034772993
1272244243764056066
1277128357109551104
1273016711487389697
1270705077360066561
1274099384989384710
1275152239192129537
1276899556878422016
1270198220912824322
1267524261838819333
1268800274551967744
1269162698140499968
1270494021199302662
1271867178728341504
1272181807946006529
1272181807946006529
1269162717203611648
1268955588790280194
1268469437839167488
1268469437839167488
1275588184726999041
1276980955723362304
1276548871913648128
1275628471876714497
1274196333696634880
1275539134925410309
1274896389588135937
1267764208441208832
1276829444733272065
1269000461199138816
1277135252075446273
1272697078188105729
1273662387409879041
1278051595675107332
1267355380306362369
1272957657696145409
1268971352691814401
1269081952503697409
1273352197011656704
1276129902903857153
1272892990592253954
1272941055395147776
1274236193484537858
1275026157033779200
1275504541933453312
1271601429497573378
1272944871196762112
1274314959640571904
1275410091055996931
1267823028483682306
1272515854895325185
1268232277143797761
1274366902819868673
1273687315584397312
1272358773001084929
1276572686374797313
1268389574427975686
1269227912777129984
1270420988191215616
1274598455839797248
1275546071767252992
1276085846672838658
1269887436613697539
1277032724650434560
1273873703982546950
1267456754188718082
1269095064443240452
1273989415312949249
1276835465820360708
1277691429200949249
1268435361102954496
1272510207952777216
1270023872063188993
1276135505663594496
1270841301534232576
1273683489213353987
1277311022018199552
1274848885022896128
1273047660266733568
1267643113826385922
1273310226696077313
1275721588273528833
1268602729863303169
1272956444376170504
1276924785591754753
1267473343927779330
1268075768841752578
1273717124528328705
1272071464188076033
1271557983705665540
1276048001061052417
1277346778744909824
1276937106078793728
1276818093348708369
1267355518143803394
1274040727648034816
1270727434413977607
1275096408798814211
1272554965689606144
1269689360238080000
1269808153669120000
1277807761120608256
1275449799479660545
1272444144858750976
1269056998504620037
1273015325165080577
1274892056650043394
1274341564278505472
1270507776104706051
1275866130360434688
1268770788548792320
1275500559357947905
1275560115903569920
1275560115903569920
1277065344444751878
1269520866414600192
1277136459544367105
1274111593186459648
1270394162022580227
1276553707153354753
1276930015922446336
1277027797714604033
1272531830068195329
1277075948014309376
1276595753046233088
1271319488080736256
1269898052028039169
1275534419969708033
1267761640319135744
1269816769935339521
1270249835229257728
1269046911564120069
1271529611936043008
1275003078295670790
1267375755958161408
1274744391190614018
1275732915490623488
1276001682200002560
1275394996120825857
1276609529128513536
1286867527142977537
1278811803196313600
1281556819132010497
1283897464186011648
1288847155570962432
1279042766539014147
1281266647009914880
1285270467599835139
1283295762663825408
1279193213698478080
1283974747915722752
1284832336299855872
1287433027828801540
1278828904191602701
1278648378264629248
1287409011877449729
1280823672345956354
1281728167326052352
1282681663202500614
1282989479553314816
1283823308413247488
1279741411185905665
1279741411185905665
1288901809428287489
1288901809428287489
1282672478754660354
1283718521394995200
1288470601427030016
1279113222457454592
1282460318992437248
1282688749445492736
1286681317179101186
1288290485405208577
1279108789082427395
1286778191097602053
1279209569546272768
1281796192901509120
1284545157128486912
1279103709742424064
1280221781182214145
1280221781182214145
1283045852202897411
1287924914100609025
1284273476531097600
1288792039295987712
1278484233049329665
1282427230111571969
1288625171184713729
1284627775689760769
1280759118517678080
1285551172632416256
1285626959788113922
1284598306732224526
1286924752704212997
1282661864275619841
1282668404101525505
1282933441890312192
1283756547999490051
1289139327352688641
1278262638192078849
1282329457886461953
1284458440149078020
1284596092143886337
1286388492168298497
1282642645353889794
1282755824469913602
1279518292911112192
1285304771906330624
1285703022459396098
1282806167303892992
1278312034879320065
1279028385184956418
1283128165842382849
1285606604830801920
1282713968126103554
1280606427439038464
1284171518763773963
1284653487964459008
1278090226695573506
1278947130254770181
1279581471943151621
1284571152816517123
1280186411539402754
1280186411539402754
1281590675008618496
1287862248279543808
1283766538487685121
1284133052554215424
1285264250626289670
1288109465837936640
1283809747746140170
1283809747746140170
1284002784736575488
1288822153350193154
1282094151190945799
1283053798919995393
1284868747057147905
1288750277844066309
1282029392009613315
1288942481577406464
1278465273763332096
1283737101515796482
1278397330262122496
1283295766048657408
1278271144798433285
1278271144798433285
1281855754593599488
1282680849901682693
1285509832817233920
1289246287058087937
1281566403292803072
1282353702897057792
1283748838508027908
1285990970253705216
1286686908177772544
1284375427977535488
1286798930311872512
1279007585665003523
1280640112670330880
1288802651883343875
1279122311518384128
1281367073655062535
1283563097953796096
1278383220590104576
1279303943084965888
1279729827248050178
1287153931823362049
1288989007410585600
1284584091896053760
1278310671734706176
1280459375929430017
1285318038896676866
1285419446601949185
1279287587551809536
1280979986887905282
1281381920312643586
1284513560815562753
1282651108247252992
1282772853360865280
1285296276641214465
1279051567551983617
1288541683550957568
1285996429744504833
1286562847405809664
1288204556699152386
1286768689828769792
1286968764932804608
1288894637164371975
1284206464333238272
1286849863636922368
1289018436262285313
1279186765354598401
1279186765354598401
1279115304006803456
1281576478480584704
1282434599512084484
1285546327519244289
1288068695005200384
1278895502231252998
1281394648951468032
1285541411065126912
1288553367602491392
1278396458270699520
1282859893246984193
1282664153895903244
1287069066356641793
1284505254441021440
1284884396022079489
1285263216638144513
1281668860630962176
1283703513135091712
1285259445962973188
1281292780623536130
1284167055277613056
1286364721055256579
1287100888549658624
1289204439656488964
1284606031583117313
1285353807212355586
1288811770295930882
1278683348840448002
1279292049926295556
1282711593311252481
1284691122493820928
1287402881365225472
1283313272620560384
1283313272620560384
1286808512224530432
1279060361631629317
1281991823607517184
1284895787718021120
1286361013319802881
1281947615635156992
1279789453314269184
1283912303142932480
1280628922279964672
1281311562041606144
1282098606758080512
1281309948563996672
1285286703104774151
1278630017254244353
1284513849522167809
1283093561500561408
1285222328742207489
1286444349924966400
1286671962216030216
1280095443393941506
1283851853957140480
1284745311638949889
1288612805084577792
1278551297717932032
1278584730833899520
1287038647536148481
1282904386088427522
1283046753965670401
1288087653074771968
1287448021706260480
1284665023307161602
1286557503879286784
1286557503879286784
1288421544855605249
1288059109133225984
1280034315326443521
1284598755509977088
1285615979754672134
1286194650425024514
1288502706831855621
1281050770759192577
1285244953770237954
1278459631170392064
1279122646152515584
1282612932908593152
1286496153715052544
1288938631219089411
1285512533541941248
1289259532799995904
1280759125715095552
1280819078802931712
1283572065409343490
1283658192849960961
1286963164031188992
1284661506492293121
1288291915708993536
1280731061979406339
1282019345481101313
1284020587552223232
1279265656022556672
1285107745906139136
1284406121227259904
1279108906493435904
1290324037395128321
1295861661316743168
1292287757788749826
1292287757788749826
1293185980044730375
1293550322821013504
1292870715725754372
1289532942046449665
1297725267058855936
1291798475475234817
1290741112391385088
1290741112391385088
1291666543621763072
1292213242916483073
1291568610192896010
1292213729090838529
1292213729090838529
1290436433895981056
1296082686310641667
1291571024241229827
1289757837502144513
1290800294025199616
1291384800650170368
1299152171074826243
1291778644667498499
1298989324445159424
1293507535949967363
1293170928197787648
1294657140154675200
1291846506350354432
1295019519434514433
1290226498142703617
1290346466150670336
1290346466150670336
1293123939665768451
1293411986919890945
1298673556268683266
1299754115422134272
1290479947115503616
1297194015528345600
1291709779782574080
1298923874415976448
1291343810023305218
1295018083589992449
1289546997926682624
1295752921032929280
1296825624934387715
1297001999796330497
1298603444400541697
1291076510921691137
1291366057366695945
1296341798890213376
1291714438391881729
1291968638115885056
1296827079804063749
1293412821137592320
1290626713815093249
1290441081847455744
1295849434270621696
1290797726477819904
1292143616983367680
1291021708338626560
1297189460535255041
1292174260933472261
1293026328581738496
1296598424356184064
1290696401995870208
1292179783841873920
1293845285119066113
1297791278499995649
1294706066895319042
1294706066895319042
1292826214172786690
1299808780054458368
1294850183868497920
1296065659114262531
1289969755009343489
1294799319636246529
1292959464396656644
1296796952957538304
1299159840875479041
1292912960742936577
1294729664813031425
1294729664813031425
1289964636310089734
1290653422090362885
1291691119382757379
1291801233842491393
1292130502585929728
1296901710158364672
1294533041914892288
1298517322647437312
1298941415502872576
1292799475451297794
1296115655121477644
1294970719835697153
1294288877033840641
1294288877033840641
1299776347137552384
1299452363024093185
1290968036820897792
1294174436246065154
1295841662888038400
1293057660041015297
1297539768645857282
1298576503748403208
1296088004675751936
1291326417851097088
1291976192325820417
1293871144760639489
1290653180079079437
1292253869011959809
1293394959249412096
1294647703922774018
1294829451495317506
1294037007535087618
1296407427592728579
1299026952859389953
1291525019022036993
1290088051293577216
1292065539477639168
1298983827474284544
1297653434435297282
1296976990751412230
1299349042061864960
1294337493198934016
1293326356088885248
1291558438074560512
1293312984110964736
1295082663146147846
1294598147860201472
1300121572972335104
1298649594214187010
1290754741354598404
1299662393421836288
1294657616577212418
1296036020320960513
1294384519747792896
1296113634125451266
1290170057918537736
1290355513423790086
1290359233129730048
1289911335296401410
1300524629145116672
1293626259537367040
1297242250028765185
1290417278580936706
1291959947169849345
1294282031921324033
1294282031921324033
1298296141604425728
1299821822498746368
1291500910544400385
1298926523169341440
1289930213615427584
1291298495513743360
1296463273303445511
1289973038860009474
1292817384806526981
1296548063901704193
1290444812546646018
1294227856848031749
1297899296138784768
1290375015708450817
1290514056105918464
1291696163234746368
1292087022010630145
1291664139618865158
1291778315062136833
1292825024697597954
1293306728143097856
1289634831152775171
1298616199182454785
1290303130580656128
1291774019038064647
1292087967457173505
1293887069589254145
1290534220897689600
1293216506713485312
1297684362067161088
1293454684552941570
1291351295526412289
1291416981456015367
1292045056401199104
1290355911727312897
1291399630685519872
1294623376963600385
1293189201819656193
1297365621307564038
1290751082235416577
1293238887553183744
1294078797940248578
1291575508660969474
1292504752522133506
1295773082502737925
1291072374326980609
1300813104092188674
1306713280757542912
1307699811735539713
1307699811735539713
1309200676078186504
1301223185619259392
1306325019845439489
1309169528790806531
1301777976548364288
1304983106500337664
1308013570840342529
1300838252837044228
1307123451442982914
1309192198257287174
1311244959027208200
1304742119555334144
1306575817955303426
1301222254450282496
1305129944914120704
1300822030259032065
1308467930972262400
1309674779465658369
1304520761521188866
1303856892415037442
1303856892415037442
1304025578702479363
1300861812087443461
1303402501312589826
1306682501818208259
1306686350440136704
1308476052956643329
1307010600581632000
1303920831924375552
1307018363290505216
1308188160036405248
1307367153079902211
1309310441231912960
1309468117735792640
1302309231643766785
1310394765288960000
1304629940541767680
1310754766599852033
1308458708117135362
1308904604017586177
1302865347423473664
1309242267455156227
1303952156966486016
1307502084812615680
1308927579559284736
1309190273470271488
1307505334450376708
1307953288676073473
1308604486030635008
1309206600536731648
1300690874880360448
1306257863015309312
1301126645709967362
1305921097980940289
1302332415038423041
1307021912112091136
1300836344957083648
1310474901791420416
1306669773439348736
1308723430066466817
1301777987852009473
1308017446356422657
1305601275170443264
1306511225673711617
1309482860680708097
1304796627761233921
1308475071221039105
1308284199460196355
1309213514083434496
1305918067197784065
1301098575691157506
1307855638526009344
1303422170954166275
1301099353189343232
1303700467055239169
1309698745026527234
1301480066824667136
1302668923398127617
1305607508342439936
1304751217697058816
1308153287309492226
1309190693848526849
1302351816840093696
1307080461731221504
1311411647400030211
1308686341404790784
1304752610092744704
1306552785098469377
1304170306152656897
1304797507990495234
1308790934067273728
1309256938404929536
1304722283609632769
1301210436000452609
1301536151971532802
1310214414415560704
1309336461351833601
1308083383327752198
1301836520119300096
1304651496437559301
1308386757059239943
1309795370571042818
1303771453641416707
1303771453641416707
1307651513322541058
1306370238334857219
1306612880335396865
1308527013255360512
1304814093031727104
1305651288361906178
1305190271819362306
1300975365511409664
1309207814448054279
1310479644785737728
1309303922058825728
1311324683527024641
1300866951976308738
1304475102386565121
1308893456140468224
1300779652345204737
1309096531392372736
1306853369089110016
1303446292547473409
1308407534030655488
1302403445912227840
1304107554189041664
1305646804638339077
1308835754492276737
1310867551895912448
1309502808824205312
1305631294429319171
1306277864942309380
1309198078948368389
1307447599855579137
1307447599855579137
1308500026235056128
1308655940040667137
1308393305143681024
1309213703875698688
1301083269774139392
1307947456928325632
1310253039677136897
1301493705644404740
1307050127832555530
1310716671070531584
1309554038053023745
1311019617159061506
1310948710831001603
1300767491724054528
1301415579195146241
1307661161240952834
1311019766191071232
1303620393903689728
1320733674812432384
1321122671233355776
1318744380962951168
1315666041159258112
1318924515699793924
1321784611710619652
1313179573459316736
1313179573459316736
1319246978409242627
1315423697939959808
1316823572162260992
1318976081135833088
1317536730959040512
1318357313921626112
1322041316788834305
1315813676037922817
1315614399349092354
1321610404850626561
1312270814553595904
1319004790605664258
1320441528456777729
1318704099634851840
1313268601718214656
1318749537511591942
1315752109535629316
1317184773626990593
1319993911440478208
1319993911440478208
1312649191106240512
1318940636620279809
1313256412366229504
1315988700136976384
1312827788794253313
1312949390479368192
1315076078327783424
1312126350136729600
1319135615259115521
1316636887881261056
1318935907156684800
1321625781815173120
1313225284447997952
1319839694570590208
1315730609600372742
1311722044396990464
1312986559008985088
1319616018285842433
1314622825056133123
1313105338447650816
1313611821698424837
1320078208168067072
1321803891969871874
1315321889544339456
1318008672761634817
1318917875810316289
1314585158603870208
1316186970893291521
1319632366198050816
1312266368591499264
1315652803717738497
1311900770065960961
1318186033117339650
1319285112710647809
1317131301313544193
1321087996544880641
1321087996544880641
1312237234964234241
1312837259016589312
1317870562715250688
1318090398762438657
1315332684537720832
1318398571083755520
1313130625927385090
1315623250429267969
1320788842295775233
1321831437260214272
1322162558699266048
1313797381830434821
1315910844631453697
1319070460831813632
1318386118195318784
1321084920824029186
1311720550557982722
1311720550557982722
1314196918654902272
1321080337733214208
1318901174356029440
1320273613711429633
1312286919557107712
1321511385348661249
1319329044798820354
1315705966801940482
1318089803183816705
1318649814075269121
1318941218374520832
1314321422433554432
1314633830930829324
1319223288669691907
1311682865252499456
1314461189552865282
1322515561541238784
1312235842442727424
1318819320722489344
1321601148751630336
1320259471474593792
1315186051720400897
1318990973653962753
1312955975083667457
1317609560216129536
1321651554282340355
1315087437484392448
1321198264809566212
1321198264809566212
1313666091244294145
1314765118199169029
1314765118199169029
1313339964877398017
1322295423432871936
1313620986194001922
1314338069466746880
1314338069466746880
1315214880446660608
1322162979228495874
1320030552058114054
1320215246540255237
1320586325154619392
1314336447403491328
1318946268933218305
1313352726886055936
1313506453102227457
1318282321733296132
1321871714834391040
1313711994202017793
1319368423927840768
1322194414815633408
1317241771324104708
1314457066170388486
1312192814386561025
1312744297243070466
1313374246102593536
1315477001030053894
1312635693831725056
1317903903237808129
1313301367646236673
1316173354387288064
1320953518769999873
1321663761233727488
1311460736099520512
1321095873087082498
1320777491116662786
1318212152893743106
1319383750627758084
1311629601802727424
1312800254685782017
1318308948089348098
1321881223321407488
1313212225889288192
1312201047201312774
1313587729540812800
1320350093611028480
1322565733721788417
1315335135303102464
1315713412631072769
1316047156374122497
1316816680375508997
1316728204246351872
1318283020114198529
1318283020114198529
1321709558826323968
1311657656080371712
1318991070194245633
1316765365968535552
1321604483311411206
1316774440076746757
1313855158376333312
1314639479987032064
1317090238502752256
1318990978456440833
1315318078196989952
1317135080448512001
1320802964706152449
1313134956902834178
1325869278793502723
1333176979772719105
1327806053405298688
1331949871658622983
1333538703445282818
1326305614931226624
1323173693892239363
1327805286376157185
1332779732174299137
1331235632929181696
1329817421994070017
1330299296298754051
1328478498621693953
1331107883765776384
1329975967175983105
1329975967175983105
1325832672158085120
1325099231405879301
1328821160654606337
1330366526814347264
1325779040351920128
1327983575308840961
1326215063422849024
1324319234600669186
1328763401154260995
1323611898013777922
1330180551500849153
1325064211857367040
1324343632082731009
1327784644201340929
1325035744054960129
1327680289850744841
1330282048813232133
1328337727520186372
1332851543863742466
1326398631314923525
1329089063429709830
1326297037848055811
1331319862724079618
1325848321865342976
1327111653448687618
1323302971971674112
1323302971971674112
1327740412878983168
1328930480994078720
1324332714330333185
1329884141651853312
1324894936035184641
1328131423933493249
1325878923591356416
1328674192267436032
1331705852173164545
1325546208799182849
1324955546391351296
1326474619524706304
1326474619524706304
1324498902192689152
1325638996752470017
1327990516068229121
1329708373412077570
1327650917257252864
1327892181751836673
1329157160375361536
1329157160375361536
1323335191390281730
1325302231709732864
1326773786356703233
1325944195098480640
1325944195098480640
1327363026337615873
1328092226522640388
1328467626507452416
1328406771006889994
1332401976060092416
1329207769719771138
1329127261795135491
1329831878883385344
1330191058987323394
1326736567231279105
1324500228737740800
1326188461435523072
1331738013899100162
1327975186155626496
1331961068013428737
1326054636969725952
1329271926691336194
1330080275011932160
1325895388524650496
1328036687398674437
1323331702845038592
1329860106553610240
1325130517071634432
1330496516688121858
1324509588129894400
1329522397976948738
1331107521910726660
1326206758709309441
1333516094322208777
1327741509051904000
1328247018595160066
1327987774973239296
1328568329737531398
1329381427398537216
1329743102148534275
1329808186182934528
1324787125192134661
1328446459465764865
1333052376022999040
1329308526066458626
1333088474124197889
1340001707116392448
1334222558254731265
1341937718155214849
1334948342552555521
1334348867454767107
1334997572663078923
1343661201339936781
1343980665646297091
1338688412036059136
1333795677235679237
1333795677235679237
1343682481506013190
1343682481506013190
1339242853067788291
1340016643053858816
1334340489148067846
1344272251936509952
1337549132727283713
1340011202764791809
1341848025325514762
1335316090746929152
1344291363584684032
1334666632514260992
1341041429242638336
1341041429242638336
1337078583408386052
1334709528030564358
1335999332567363588
1336832043850870785
1339459065932603392
1334963527098880001
1339987034522435584
1335584689143287810
1343539579811487745
1335494839371231232
1339843503191445505
1340017544791527432
1341356066421039106
1335630083470528516
1339280420375031816
1334256752112623619
1335232481461727235
1341454534321815553
1336736080163463174
1339279749940572160
1341578706683236352
1337057314092814337
1340684254607503360
1336122577018884097
1337056110335942662
1339962073917386754
1340021269337542656
1334255749707522051
1334531230445002753
1338582633802944513
1340022813881712648
1341489232385335299
1336880616462299137
1337027303868682242
1334505168902238209
1334254470465613824
1336581860361564160
1336581860361564160
1336804811396804611
1339796497286782976
1344759402612461570
1344759402612461570
1337562362841325568
1334714641939886080
1342100745391276032
1334613409623584774
1343562561502011395
1338498182620262402
1338551326263881745
1336801495124115456
1339393516246622215
1342283237188579329
1334415087973642240
1338160528192049153
1340394489811230722
1337435425644789760
1334535536955027456
1340017834231877632
1343906490885824513
1340359611271012354
1333576841307807744
1334460973130780673
1334313903686373379
1340587210966523904
1338997875959681024
1339308009256673280
1339600119386128391
1334563993785135105
1339251819868991491
1335857188317917185
1336838564580036611
1340102219413282816
1335056904423411712
1342245763661836288
1334987113415237633
1339331092130766848
1343611853621125128
1344010956146421761
1334075412054421505
1339307327502118915
1343983269445033986
1335597871098314754
1343264263863902208
1334254200402927616
1336023709073674240
1336478957336715266
1340044442888151041
1341708918855233536
1341708918855233536
1335233715723788292
1335233715723788292
1339267895788929027
1334609656619134987
1334599947019198464
1337096478565785600
1335407643985371136
1338936677449019399
1339481061106061312
1260686466319093760
1258445367735181314
1261907484098416640
1264278225036824576
1264278225036824576
1264658176948842496
1257297263237517312
1259684080611930112
1262965818955927552
1261166303118675968
1262097166010585089
1262097166010585089
1260570630489026563
1264321011157069824
1259181327800078336
1262937672953344001
1263428249343983616
1263633776451530752
1264295023245393921
1258217220339048451
1260448841205190662
1260480439451615233
1261279699428347904
1266819021183295489
1263971788662476803
1264515502304571393
1266583875897233408
1258075602868977669
1258391955584753664
1260442954973487104
1265739312806670341
1257365849620516865
1260337701586440194
1266808419450859520
1258120632283398144
1259866642915287041
1259798669139812353
1259828123018788864
1260978427663958017
1259319823718387713
1260557273413402624
1260612797102264327
1256252113967108097
1260297804657963008
1260521533048590339
1265592371774922753
1266128579999543296
1257435426123644928
1260045652500889601
1260045652500889601
1260803313177513984
1261499777830838272
1264208379133583360
1262710146410721280
1257489198778585095
1258088178596171777
1262867126962065410
1263917066106679303
1266425343734353922
1257162333530578949
1260891643353366531
1260891643353366531
1263659818813964289
1263772177129713670
1261149072917921794
1261149072917921794
1263248691575521281
1259621796837576704
1263013134178177024
1256946034820943880
1260477766631374848
1257845270034952195
1259540513121853440
1260477745206788098
1263013139949502467
1266334109271457794
1257186260965224448
1260840096200380416
1261994640439312384
1263351929599602694
1264339952629739520
1265317878439575552
1265317878439575552
1259955952813555719
1261625889785249793
1263488388444745728
1257326359598301189
1265814347441483778
1257208091981971457
1261882289321099269
1260477812345012226
1260776587785580544
1264052733679722498
1257309194480304129
1261465147412893699
1263234001411637253
1264081327395082241
1261072644310433798
1261421667626160128
1262825933402189827
1256177816070230016
1258077185665052674
1261655241558306818
1262745981591777286
1257084820791975939
1262578480056864773
1263197973682544640
1264198927546380288
1256107343806431233
1262814295521361922
1262814295521361922
1266356668377505793
1255998539139813377
1256275016443928577
1259105708672516096
1260530136283136000
1260646704354717696
1260646704354717696
1256011847444004866
1257367140329545728
1258307343877656576
1258910352894541824
1261181079475630080
1264120095602692097
1258287961889746944
1259867533110370304
1264547063162781696
1264892392789901318
1257487617525985281
1261838910348386304
1263726901467795456
1257322469058215939
1258489888200101895
1263590593332047874
1263595287492169729
1266531027918426112
1256044203286556672
1261566669597609985
1265678443095744515
1257009369918644225
1257821714349797376
1258948562592960514
1261897559062138882
1263831573633175559
1261662643288453120
1259113774843396097
1262098139496005633
1262597609824411648
1257729355519791105
1259992338832785408
1260964880233840640
1263422352412549120
1260518891337314304
1261518247192649728
1263772136130387968
1261755287670833153
1266798811713662976
1256161009473118211
1256361413318082560
1256937777826009093
1260241543425863680
1260589657496195072
1256972385540022275
1262139725617475584
1257677645136842752
1260393529479741442
1266922912033976321
1260840103565504513
1261484562737033216
1256627069959585793
1258438470084722689
1259432297369145345
1260735880735666177
1265650928482279424
1256959809166983172
1256651206191190018
1257321187538952195
1259219504355315712
1260525779328339969
1261745171605024769
1259806107410685952
1264172250061656065
1265477880433324033
1258260391546757120
1258447651764305923
1258737289401958401
1261029781795151872
1261688643644649473
1256044434476732421
1259789864708472840
1261121639502286853
1262561536150773762
1262561536150773762
1256011323059691521
1260654388348981248
1260869293572534273
1262019177088462848
1263932899621048320
1258048455710138368
1258471169319149570
1258979317670912000
1262037363125030913
1263622385900630018
1263123056555425793
1256137290700648448
1260241221496082432
1262785839572103169
1263426378701176832
1266905250490806274
1258121608075583490
1259131593966444546
1259852068480790528
1256264633951965186
1259120474564501506
1261320561260724225
1261320561260724225
1261742741093888000
1257370458036604933
1259004252665647105
1258168126564233216
1258168126564233216
1258444208974606336
1261362302973968385
1262351812625149952
1262808747510042625
1263258270963302401
1264967804408737792
1257117287993102336
1261017197989724162
1262191398180265984
1264214274509070337
1256990772827742208
1257311832538099722
1261367625554079744
1261556486670553088
1258191207798378498
1260602731271614466
1260784424351907840
1266801610979762176
1259744656709038080
1260420563102826503
1260424587323547649
1261045637203791874
1263942793287929858
1256631899499438080
1259105143548674048
1261202499475771394
1261672318734143488
1263420839174844416
1256087827269517314
1257110968527736833
1258584948090507267
1258817514529861641
1260700265616990208
1260700265616990208
1262230330947145734
1256965145642692608
1262548630562578438
1256180022286716928
1260365842937675776
1262227504011587584
1262797364928172033
1263595719513960448
1256841438823940096
1260359641353146374
1260451046134079488
1260723287224651777
1262960523303256064
1260626570802233344
1258455187754278914
1257416227242348547
1260924702832373760
1261374628955426818
1257456667756814337
1257468508524380162
1257552784410451970
1259102914691231744
1258485932690456579
1261077234544246787
1257489294031073280
1257805214393851904
1260031331884339200
1260068179805532161
1263136745547276288
1263416450762584065
1263793040587620352
1256951602314911745
1259012485014646786
1261042259274932228
1259158951217766401
1257716282557947904
1262150646431723521
1256949870008680449
1256949870008680449
1257959541192474625
1264240465961943040
1266973543524261888
1266973543524261888
1266852028988264448
1265944668996542464
1256331637953925120
1262382683663093766
1263283305371361281
1257540196465356800
1259934498948411392
1262031946047160324
1256665244262379525
1262097940933423109
1263213684651954176
1263315737470537738
1260986682335256577
1266155820334497795
1257373003945594881
1258168910647488512
1260592895662292992
1261875724962562049
1262920707874402304
1262920707874402304
1263268098225782784
1256941348739002371
1257418826624442368
1261672853474168835
1262181671232843776
1260431833810034689
1260975823605116929
1265628429040390151
1265423731419222016
1265536952440365056
1260614359329452033
1265628179823316994
1256607843232382979
1256640909166424064
1258239601694695425
1259143720366211073
1261670799821410304
1266881213089767426
1257368102356111363
1266965133923725312
1259282043487137792
1263896350430765057
1256967020500811776
1260057554572455936
1257007013193748480
1262326880964939776
1262918276503474177
1265480559075065857
1257823497117720579
1259578519644000258
1260745755020742660
1263631382913454093
1264224079554412546
1266756642051444736
1261343223076642816
1264296766691635200
1266156064581574656
1256964214524002305
1256964214524002305
1258089927960678400
1262405627701272582
1262417680419651585
1260707836369264642
1263085872502669314
1265992097359892480
1255996287167725568
1257670015198941186
1262766795037061122
1265448160706596865
1264058938326167553
1260986706448322562
1265546890667532288
1257294983859769345
1260485423727591424
1260547089660104706
1262262622902083584
1256141084650020864
1258952348321357824
1259990288686350337
1261550714523877378
1264023408448167936
1260107083699171330
1265108575199911937
1257086317382557703
1257460479355691009
1264247807956967424
1257939733533032449
1258857939223359489
1266840605050712065
1257164245126561798
1257446628778262530
1259210683721281536
1260660282390507520
1261520021383241728
1261532713430863872
1262508273267281920
1263817003430707201
1264188441761386498
1260375383083372546
1260391773400170496
