1186185137366679552
1183102378188267521
1193067072634441728
1197802710352846848
1190943424993624064
1207167378032910337
1201293502736240640
1209186318816661504
1211245818579181568
1214951511333244928
1218006847862530049
1216833917531017216
1226672607098855424
1230864776642777088
1233787477057363968
1224455372179566600
1233621355720916994
1232723867141058561
1242124557256925185
1243649023174680576
1239759633620717568
1238574956897845248
1238874357537157120
1242274575196590080
1239353837749583873
1233891250308292608
1238892807714111488
1243684536321540096
1240115519191015424
1240852575819190273
1242632380365639680
1238294822164869126
1242935202944614400
1237541918147395584
1241174165685559301
1239918608844615680
1243221271606853633
1241708931078074370
1248724990830075905
1252458084959760384
1252279634844057603
1245151892612583424
1249174087232106496
1253034865257254914
1252063556696039425
1248192696784650240
1246495383477538818
1248298132321992705
1247350899086950401
1250920121771520000
1253189034718814208
1254402442667667457
1254130007678517249
1252252018829230081
1249476169126178816
1254395734897692672
1247480701412237312
1246914116851294208
1249726250261733376
1262790225144799236
1256395521192853511
1278014102590218240
1268843511048216576
1268950833841836032
1275731791341633539
1275836227942592514
1273407589074731009
1269227059181740032
1278787789715378177
1278108576901259266
1278438353046835200
1287834572969762817
1286073843245879302
1278868098163060736
1281713867102531590
1283226266011828226
1285773764609871877
1282780606254940160
1289316126971715586
1279746857741279232
1280910307972583425
1278824102279536640
1294132345574789120
1293364624365166592
1299705048889544704
1291516896269996035
1290677560301551616
1290331719397253121
1294484184791097344
1289657685927837696
1310223729968984064
1307455368981815296
1302100743042797569
1303996270663565313
1307298969287000069
1310667606936956934
1303196047800295424
1306076163110916098
1300559248229912576
1322382486626881537
1322218120573014018
1318699638233440261
1322174258227908609
1319327419883528193
1322269347415531522
1316397558370050049
1316188529400086529
1321957508471205888
1320017181808168960
1321502221813436417
1322308878747475968
1318779516962164736
1314611708992913412
1319748868523937793
1318733783802269702
1322013356459511809
1314887511722860545
1314235150763536388
1314911514730561538
1319693965118050305
1320902179784429574
1317546962183462912
1323742715729891331
1326873201402667008
1323366925498425349
1323318175086354432
1324377945683755009
1324819958237339648
1326682128168456194
1333184979313057795
1329977610240020480
1332787604891250688
1323301311023063041
1332013178537058305
1333086581565972481
1329106046183485445
1331351898075635714
1326731392902864897
1328857976090877952
1335961552197984256
1339631552175562752
1344400467892314113
1344082859653550085
1335780601572503558
1333569017567645696
1339044059445391360
1343282652413976576
1333801088231739395
1343282125752057857
1343369178518974464
1338136542062272517
1337509996943319042
1343548314126577664
1343523623110402049
1339752285757386757
1333559189084377088
1342267671476396032
1343143505045106688
1338333947076423681
1343353513317982210
1340897794295414786
1344082391631974400
1262790225144799236
1256395521192853511
1266104526353956864
1261268971296260098
1261114171934064640
1265391309453496325
1256739699068026880
1262855194154598400
1259270136575508482
1266598824409092096
1258843120080429058
1265065222127181824
1263104021251780608
1256267219169927168
1258977199396401152
1257295279293956096
1263110518220488705
1261073097299562496
1265113846240481280
