1183799382321315841
1200837648388100096
1202296261820452867
1204495097615790086
1201885742659784704
1222707001714794496
1220922220479950848
1228772221134557185
1232736843113926659
1242851189911441409
1242621761067212800
1242613888199335936
1242806328789254144
1242606613401403392
1240645495141421063
1242617310684360704
1242530774320103426
1242882544544223233
1242594373054926848
1240329015526928385
1242988201549148168
1250603395259473920
1245845721548496896
1247726052388061186
1250538397854294029
1246890391678464000
1251257897469849603
1247350310454145024
1249772278688210944
1250518604082221057
1248722577410772992
1252699902670503936
1249755516622057472
1246452721579954176
1253685627041841153
1248257614011609091
1247695642014765057
1250160877858361358
1247604975980642306
1251220754252922880
1254167744603455489
1254858606979108864
1266190252831641605
1267951378602905601
1274013384908947456
1273338020587061249
1272528622335778816
1273815277566861318
1273225233336434688
1269313863889096705
1270777748827578368
1275199136502087682
1282043486863327237
1288171154335653888
1283898169823309825
1288177394667356165
1279491418348806145
1282894676924784641
1280905486620151809
1289668984170860546
1299466314629689348
1294035502996377603
1293658326685945856
1296178316853022721
1296483554956922887
1290341414761574400
1306602456487518213
1308533234792378368
1308108318402121735
1306402751648272389
1321115537364131840
1321867304129495040
1314944028182482950
1316052064074596353
1318963558080806914
1320455128252559364
1325964140645670915
1323331136282632193
1330632222844596224
1331282935991906304
1323271704907599873
1331742403523448832
1331772159144898562
1331243143635800074
1342955100696944640
1337445490825326593
1344399111446003713
1342204838470246400
1339651839961124864
1337061851750936583
1336641909712936962
1266190252831641605
1258442973467029505
1266100431308181504
1255993170233561088
