1231941596637278208
1241016691720519682
1241877319796457473
1244700078004031488
1249155276089024513
1253866318366834693
1245371770602831874
1254418386043285505
1247258345422983169
1253872332990382081
1255241630015078400
1251000753080197120
1250925948150505472
1246887784289165312
1258864251986251776
1274416730417139712
1277658086694465538
1275811881966620679
1274910854861881344
1275232102238187521
1273299367651356672
1277688942997860352
1283285177242775552
1293563642818916357
1299829007341350912
1290316074198564864
1297645663715381249
1299134602175377408
1309477764605661185
1309901798900072448
1306048582189899781
1315642123392344064
1315868615355314176
1313856613544062981
1322740143627722753
1258864251986251776
1261760813754441731
1266932412535185410
1261068775320764417
1266889126978228224
