1179259066390138880
1181496487353692161
1182665346379067397
1186589556361043968
1185243335788597248
1179333126302175233
1196876197097029632
1198640114731229184
1205212012097212416
1201529796607512576
1222956894152687616
1217902208362188806
1223285955345428481
1232634807273701377
1232854004905869312
1232355899718504449
1232722924102209539
1231339140438011905
1233397363840077824
1233409925973303296
1233101506989170690
1233036084575186945
1232354844612186112
1233429837479579648
1233837427871158272
1224302514356531206
1233193021753131009
1233105302607843328
1233432079905566722
1235911528554967046
1241101649265000452
1241705449793167360
1238428431689207810
1245088214685106176
1244999052170629120
1238177578755620864
1243528858290315264
1244610340882546690
1238232157606346753
1238161216427765762
1237478228924575744
1238810681799041028
1240241058878980096
1244742742468464640
1237733400762556416
1240093595547455488
1238461763823325186
1245047190197698560
1239549423186829313
1237376637999734790
1236649929369620483
1240643493988425734
1250871644035452930
1246155769944236034
1250554504304398337
1245443594292355072
1246791722081763328
1250606974120742913
1245377101600968710
1247663311853846529
1247650103969660928
1255230184392986625
1248420223226531840
1250468126803857409
1254906329581236224
1255419152522674178
1251637213546323969
1276619385755615233
1276615945650397184
1276609914056708096
1267500750760022024
1267979828352946177
1267436846759514112
1270384820934320129
1276597417652006919
1274466894112841733
1281379452182769664
1286699200038744065
1280950046591201280
1283777686339334147
1279545575499857920
1282301374299017217
1288585488912326661
1287100611729788928
1293621290599759872
1289617147975495680
1303731876042080260
1304346541105307654
1303759837747011586
1303893682173685761
1310238403498135557
1305678807303483393
1309802567304503297
1313242609893203971
1322572563088773120
1316104811054419968
1314584790314622976
1313530194616029187
1316478647448993792
1319056464414167040
1330875920840880128
1323268554028949504
1328433976072155136
1328007111758942208
1323378438846128129
1325126448600903681
1325867289753899009
1329222253549133827
1329819052689092610
1324475966295429120
1339306895497068544
1336307627844890625
1334231489236635650
1339234595728867328
1341462163756609539
1334179035316949000
1344320980399710210
1263510292694093824
1261392565133246465
1262436824938614786
1262360770517614593
1257752210986786816
1262086248203800579
1261053459589185538
1263576752883765248
1261819088407535616
1261354811074793472
1262698725677375492
1261339896116985856
1257042350192431109
1260697342191169542
1261338592565014528
