1179755916654047232
1181947036473495553
1186693679349731332
1185150927147327489
1185150927147327489
1197318040725184512
1196577028847415296
1218323519630524416
1218294974791454722
1220167044445786112
1212766110262681601
1228558163533758464
1232838262470868998
1232332782401134593
1226643187193843717
1227312967198351364
1227265187348172801
1232384187061153794
1233520956238422029
1243594952732483588
1237456374780571650
1237444745565278209
1238400652826611712
1238466672853475330
1243919522215727104
1237798719568990209
1238125851172057088
1237060844300701698
1243190357418008576
1239984999786561539
1241108737601011712
1244638401808064513
1242517055506653186
1242894337857314816
1244735712823410688
1242470912819150850
1238842724075425792
1243606482693783553
1244368735592484864
1235658746266714113
1239562603325685761
1240341811404644352
1243196048211771394
1237130005194383360
1238609132430807040
1242477341944631296
1236042874677891073
1238446088870338563
1238467575857795075
1243550639491297280
1235683154868031490
1245052582319570946
1239561346343145472
1241096170736242688
1242172960502407171
1242106105762906113
1238254465536442376
1237423996544651264
1240748606669361165
1244696544177205249
1242458597113634816
1244637824789422081
1239591933921628161
1239633800079998983
1236156532401655814
1236743993465032704
1241152023958970368
1243273974223474688
1243594037074018312
1245059361581477888
1240748807303897090
1241103843812933632
1251262637729611776
1246146259020324864
1245442812851752964
1250128666719399938
1254110540080676869
1245703731053842433
1245709315639513088
1250849872284188673
1245323636770209792
1249696741743607808
1254772019842838536
1247606072157679617
1246190620395397123
1247973509990514688
1245723767239778310
1250508790799220736
1252317786573078530
1250190915098103808
1246208019429355521
1248545880548036608
1252349569964204037
1246519736013402112
1247972845155688457
1255199255519793158
1247192665411784704
1250507874507337732
1251175234109046785
1247261803857326081
1251914903776038913
1255506025823842304
1248339056150405121
1251495698421424131
1253777000231206925
1247546768700645376
1255936793087705088
1245441894756352000
1245364313142915072
1253336833611591690
1263116235618897926
1273266460438286336
1277773637261701121
1276263159330897920
1277973141164179462
1274748920493572096
1273713276334063616
1277688988887900162
1277991376680935424
1284137532356284416
1284692943778054146
1280522555955326978
1280527974090055681
1285264471267704832
1284647691490693120
1281623869430870017
1284137975803260928
1288905458485325824
1281310874142040064
1298046158384828418
1294273192731828224
1296532889400537089
1299346245782298625
1295933345378062337
1293332116650983427
1293465495707029505
1291988271912726528
1291762911422164992
1296156757199400962
1295860978878423044
1296531513387782144
1289607681448148992
1291401260768296965
1293362315753070593
1296064116201840640
1298654926399307783
1291859028625285122
1298643409461219329
1306256547526389762
1310632925042540545
1309243378509312000
1301415716747243520
1311010386741690371
1306996121001250818
1320827468937396225
1312071745189433346
1312067458711408640
1312205927651524609
1312067363655880705
1318556325467492352
1318270305069006848
1324439091925176327
1323350454701469696
1333511883408732160
1328369558189707265
1325928905358807040
1324380684165722113
1336348610422845440
1333573957996392449
1334322617285627905
1335977737719308294
1263116235618897926
1256830134193094656
1258147895578165250
1257786208580755456
1257735534413148160
1257023299676037122
1257749406209761283
1256253810869022720
1256282240792682499
1258849407358906369
1261030911010680833
