1181678695817322498
1194069871073476609
1192228970059554817
1204003849377386496
1212099111958319104
1201255162590818304
1219364128818515969
1223357283444244481
1219958344275955713
1220350967335526401
1226653904693231617
1230989798644436992
1224129499924717568
1223556251784638465
1240496840149098497
1240043490391842821
1241288148585304064
1238239353241063424
1238012847478788097
1239602469749080066
1238408208479223808
1241121181207375872
1235173461657436161
1244551984688087040
1239880176781033473
1244854340319358978
1240037328967462912
1240060813211136001
1244291404823740420
1242430288438968320
1242696031181000704
1235407184625876993
1246503536013111296
1251056218317008896
1248986845427445760
1247310361168097280
1248656447535116288
1248922802586963969
1255165080406315008
1254928567789662216
1248596616954740739
1245471079167954944
1246231764491698177
1253949390743470082
1264401629408718849
1275918572087382016
1276856733026172928
1268315018954563584
1274552235620356096
1271928105532194816
1274871214016737281
1270961152202354688
1280879921838067713
1286523527424663552
1281063181096325120
1286552686737858561
1281454961071542272
1281068930837045249
1280048360963969025
1280474450656464896
1287667544636055552
1280051082702381056
1287686169573167105
1283071781004357635
1285770388203548673
1296697337881001984
1294412248270737408
1298492261668249600
1290452808530112514
1294294388198322176
1291761670159601665
1294657816385355777
1292654121879662592
1303313958070345729
1305455611618963456
1302231368982769671
1306079777262981120
1306781360145731588
1301450256832294914
1310582057744113665
1321199376275001344
1313240494131089412
1317875260365131779
1313457920017866752
1321732528890400768
1319434283128221697
1321589043277164544
1321261582614208513
1317392705681559552
1319434281748344833
1318124489641586691
1321233617402679305
1319505902207180800
1321254383091265536
1325034899515039744
1325485644618096640
1325072044287909889
1332119548728725505
1326575463968374789
1331157903881940994
1342841930393120769
1341237130979323908
1264401629408718849
1266731779714678784
1258056944767561731
1263428187603603456
1262784991668383746
1264053208923570176
1260547513267834881
1263071535436369923
1265742452398477312
1264587856959299584
1258613758772908032
