1179439008977506304
1184654468073349121
1181325499315830784
1184152837720285184
1184229098131881984
1189658650220072967
1186377828872474633
1189555266834042880
1180905686726856705
1182416118142488576
1185172738002083840
1182249765184126976
1182313335741698048
1184914121332002816
1188843625431683073
1186107194640683008
1179158137145827329
1180104527074201601
1186456940857233408
1186052804449837056
1182854914529214464
1180198359941947393
1182750754714480640
1182433848346529792
1183813356504920066
1185814993251385344
1180254310590042112
1187374847510351875
1180029262256119809
1185172115961667590
1180701744881266689
1187729035498942464
1183260461787238400
1182491022149992449
1181864419485274113
1184629398118510593
1199680049462554624
1196635475668295680
1196795715529379840
1194266663618842624
1195002196615675904
1196882726504108032
1197160365504761857
1193951029261418496
1190318335210049538
1191435568879521793
1199654683100495872
1197306139475660801
1192457240864841729
1190525235369533440
1193991685035872256
1194432200185389056
1200192170768158720
1194051151962025987
1194272551406592005
1197575768139845637
1198249864091578369
1195152118929248256
1197546428974764032
1192185188568195075
1192559061767770114
1198055807650291718
1195613400086327296
1197662485349834753
1195551974491590656
1195302732187545600
1199527444895670274
1196550756360445952
1197672348532391938
1197974990978723841
1194807127883300864
1194652639910338562
1197669987596541954
1193274928792928256
1202215159084847105
1204459495004557318
1207962458654199808
1208408985075929094
1210256985117077504
1211048187240361984
1202405904353595392
1208137644556914690
1208196804271124480
1203311806007201792
1207795706381029376
1208452725442113536
1204677769168408576
1204418817016811520
1201591898424655874
1202297954373185537
1212129905330143233
1200925502627864576
1209244045031198723
1202739155798806528
1209249121325985793
1204079590119002113
1210693516789075968
1201561454752796672
1202388819825348611
1211861831813349376
1212410214772813825
1222340089260281856
1213529908405768198
1217229307803815936
1219747262122942470
1220065044853116929
1216753539722203138
1218252281763655680
1212854328081440768
1221133404240056320
1213183326984589313
1213217199558680577
1222492978591100928
1214336085288992769
1216747625547890691
1218292349958115329
1218378501784506368
1215828373542440960
1215816386796232704
1222939292227592196
1214786733893701632
1220484477752836099
1222859904022695938
1215928870052028416
1215796552431783937
1217444650396651522
1220881772965171202
1214754444455415809
1214763673203478528
1220735019905421313
1214661986463690754
1220730054218604544
1222999280987799560
1212249234499657728
1212513119144226817
1220217996850806784
1222493956216410112
1226846810578333696
1225562619257511937
1224664166679662593
1231081521034870784
1231784084059381761
1233644995309195267
1231549311219007491
1228050561800515586
1229511431953010689
1233478821644513280
1231725456275255296
1233441116374142977
1232205070537719809
1233414598465851398
1230887768794058763
1231045919807852550
1231169308253990912
1231371400058896386
1233471491615920131
1230898162833002501
1233032820328517633
1233708005658480640
1227816645462306817
1231436510148354049
1233609056151097347
1233241915149180928
1227975815037620225
1231809095545610241
1232577616676376577
1223719032924319744
1227002271386476546
1231790820484878337
1230844601847578624
1230919107652050944
1231068489328119808
1230856840562368512
1229375170013515776
1232016915880665088
1233480556710711299
1228588755331768321
1228759524988686336
1224568777762885637
1224799181006680072
1233023450199011328
1233584952127737857
1233402730338799616
1233710003279675393
1231023678667796480
1231294374824337409
1231303078105640961
1226645040182779904
1233193793610035202
1232072107850444801
1237938707409371136
1238610632246624256
1241740168509435904
1242521631035199489
1243560615613845504
1243570706958385154
1243607272812687360
1243683936385093633
1237485927196504069
1238366481836060672
1240378667840286723
1244629486131466241
1242279478530846722
1243594019697053696
1243701619738456064
1243752802616147969
1244654100043780103
1240369468234063872
1243513446974525441
1243609017483591681
1243683391284920320
1244663129771917312
1244946831437475842
1237377905673547777
1243547842523906048
1244749402998259712
1234263065941680129
1238157095113052166
1243687490180878336
1244020311982518272
1244279750035673089
1237484042208989185
1241413291471179776
1241648637941288960
1238790765037453314
1240373216998293504
1243560384667308035
1243607763701370883
1245005844875317251
1235301271869042696
1243559988657655809
1243577775589593088
1243594225628983299
1243611702236778496
1243836088961114112
1243970628610334721
1238769800471609344
1238960385681694720
1239515949046345729
1240044048783749120
1242157205639565317
1242211614784458752
1242833278488522753
1243601187728805889
1238043650426273793
1240419370548879360
1242562593585336325
1243594232981569538
1244410741609893888
1234853966120353797
1236997542476464128
1242214676047380483
1243652722559037441
1244682944251187200
1234845212607963136
1237880542516789250
1238090113219022850
1238162844165775360
1238631310081454083
1240171655755939845
1240346180179066881
1243536568582909953
1243549572011405312
1240234490611539969
1243550664556335104
1235338470140399616
1239647412584624128
1242815184848248832
1243499303705944064
1243648129255313413
1243804078213410816
1239363710885429250
1239722822139817991
1240753901021749249
1241902313540812806
1244795331763752962
1235608680906862595
1237023600810414083
1240131042654269441
1240371063281901568
1242459254302191616
1243222452618084353
1243590915819819011
1243727183803109376
1235189279762108416
1237955163215757313
1242518511437709314
1242883881952579589
1237492711856496642
1243546950881775617
1243555448323747840
1243619701160398848
1243190266963668992
1244808031679868928
1235954257666494465
1244349251632627712
1244403783964057600
1237066373425246209
1240741753927413781
1243527893633978376
1243610030194245632
1244283759945539592
1244455409777168385
1237929462848794626
1238540761572016133
1239608606615617536
1242165246204071938
1245088055473639429
1234801693633785856
1235420062967709696
1237487762544029696
1238162554779811840
1239942369635700740
1240034806836199424
1240764879230951424
1243565394599739394
1243573173385195520
1243900021080285186
1244658055255601155
1244814192059846657
1238588378062487553
1240043351979720707
1240351233136889857
1241550101169963009
1242575001552916480
1243566385885786112
1244278140056342529
1243641586833031170
1244740506883690496
1239655288099258375
1241096272791998464
1243231932260823040
1243553636581552131
1243560452149346307
1243578210736013314
1239922006558195713
1244403393499549696
1235328756199428101
1236970657268797440
1240277901662134273
1240605384517111808
1242205633149046784
1243539904925241349
1243550797649940480
1244711286279213056
1234742093169483776
1240670043907768321
1243574184694829056
1237345250668171264
1237518800083234817
1243542952296751109
1243740496759046145
1238325439531188224
1241498638163066880
1242525335553560578
1237072307530674178
1243802731829178368
1239009858721988608
1242803244553961474
1243614009133346817
1238703159394078720
1239385649930788864
1239644785251700737
1240373671694303233
1243630390172098560
1244612881884295169
1245069854530510850
1234284113747681286
1237190361128341505
1242438231309893635
1242609435572195333
1243285104396578817
1243530592161017859
1238273963865890818
1243494106250256384
1243532805851799553
1243565763715313665
1240099149577703426
1241986417825374211
1242983412274565120
1243195045789995009
1243229085272326145
1243231246660050944
1243236603142852608
1243547467993530369
1237477117409013765
1243579784371802114
1237898804352790530
1238948768667635713
1240371849944535056
1243493461908750338
1243503746534998016
1243526439011483648
1243607098941997056
1233911842910720002
1234826395471294465
1237028890834542593
1238887482256736256
1243559936140984330
1243690873927405568
1237368302332248070
1238123073821380611
1239973272629833730
1240668644247568384
1242500323954044930
1243533863604948993
1243233954838110208
1239613584352526337
1240953901811150848
1242095104283873283
1242785415968538624
1243510594344562688
1243523036449570819
1243547467796209664
1243709173684150278
1244286981909229574
1235546394448064519
1239276641244848130
1240680706143068160
1242873488538587136
1243538610412040203
1237879555014021125
1240512732371259394
1241581755582185473
1243193663011745798
1244078368917610498
1239655857027076097
1243537590122434565
1243568511919763457
1243657566954983424
1244943543547895808
1234489525499355136
1237719992780685312
1242455433299677184
1243292012385689601
1241143976650047489
1243580582803750918
1243592739821772801
1243676838645370882
1236790408509894663
1239419247941558277
1241063171596660738
1243142494142881794
1243657948645163015
1244000395862704128
1247118215873990656
1245869907150962693
1246334883502276611
1246553139500797953
1253424150368022530
1253685318139678722
1255580471657992193
1251693960365555712
1253720419896635394
1247258282298953733
1249965965686845440
1254023609317801986
1246068708759334919
1247511972284948493
1248330350151045120
1248714885292310528
1248822084979118082
1249080570916802565
1250630004817436672
1251694510037401600
1254669800199995392
1255196348921634817
1255584498202411013
1245978916206059521
1247767619962155008
1253974538410430465
1245471420689182720
1246176940035276800
1246563198662311939
1246638121464352768
1247254008823263237
1253113864323043330
1253292592093171712
1247613538035732480
1249059576831455235
1252365725450113024
1253703772599132167
1254893228781903873
1247717259776311296
1251138952351961089
1252527505631739905
1245613983756779520
1247559603207929867
1249042541611298818
1249716120883470337
1252334478892113920
1254492197401120769
1254510915782836225
1252702175123423233
1250602608793919490
1250624970218242051
1247204191124295680
1246198337902129158
1253778759636795393
1248552911845588992
1250959681817915393
1255470805829459969
1245878413186891778
1248311218663817217
1253901048902811648
1255859543898075136
1247169031314059265
1247376066337017857
1248212463667077120
1252636959450808325
1252681070740463616
1248345293088849921
1248718825232707584
1253047447582117890
1249106604714332161
1250402850838065152
1245109731460513792
1245387206715465729
1245442906019766273
1250434175280148481
1245896307774033921
1248567224299913216
1252789231870672902
1255525681481555968
1248566991390150656
1251681698346987521
1246056606468640768
1252351906162208772
1255246162921209857
1248754700796731395
1253347641716604929
1247317013619449856
1248689814418800641
1251410662431080450
1252696106074546179
1249098682017824768
1252917663908716546
1245716999570886657
1254669204621492224
1248236347476922370
1248362607163183104
1251325725082152960
1246202536433872896
1246653795305742336
1247421938009604096
1248390247974461440
1249720770827366400
1250539169908056064
1246198297519427591
1253461869999751168
1254518181512704000
1250757619012206592
1253327161559150592
1254973622336307202
1248438087874539520
1249617307757735936
1250680685746171904
1245929101329760257
1246080081426108426
1255559833383833607
1245418277074907136
1245900538128015361
1245977633642463233
1247348074386604032
1249087861065945090
1253046067106439168
1255577732798279680
1248318000765132802
1250946424273076229
1251147652189745162
1253277438085173249
1253371613929713668
1245432885827366912
1247278243612225538
1248032893013762058
1251654633837064192
1254255672406896640
1245293819467370497
1255456257714147331
1245642136873103361
1249094995560235010
1249449749310255106
1245459324299862022
1245672841640415232
1248455673165168641
1253369855392141312
1259853149537517572
1257430671431254016
1264059863342018560
1261287497541324806
1262974305597444097
1256795843610333184
1258784481953091584
1257789924096573442
1272883304623157249
1273093014878126081
1271915809351389184
1270538679153500160
1270001179985170433
1268734882748010496
1271065028704124929
1275473646530842624
1276686690237714432
1273662916093493248
1277951534462976001
1267882927339081729
1271904803744972805
1276235665638920193
1270722233493622784
1273844570338365440
1274692553405657090
1276716888303820800
1273160162895966213
1277931320098746368
1271263076059435009
1268110180656521218
1274523734502752261
1269777167300395008
1268980127284723712
1272910337944309762
1274367799499132936
1273425200672014338
1268922045557026816
1275504065783496704
1271509824921120770
1271495086640173063
1271637135616028684
1270771475860029440
1273677739988418560
1271120472835526657
1273798678549913600
1276753387774709760
1271052882561822720
1270087340283826179
1275037768255631361
1276532457689493504
1270542648105938944
1268001743645798400
1277945736886452224
1272334262742781952
1276567406459138048
1273255955120246784
1272910815776079872
1270802124541222915
1277905854268706823
1270368193123627009
1272483994953752576
1276614052190527488
1277573770258124801
1275194559719280642
1273250311470276612
1269728124591374336
1272891429635973120
1274105510896246786
1275553979813036038
1268856764478283779
1278077129377361921
1277503213667786757
1267652525835993088
1270068313872379904
1281440513770610689
1283374899537551360
1285189719979171840
1287820598530514944
1282864947689590786
1281828268530790400
1285685931689881600
1285741351049420800
1278720799147356161
1280895202161496066
1286586926909272064
1287813580490907648
1282481545211674624
1280484759844642817
1288931177223553025
1280199937255505920
1280546135090753536
1287176344254713857
1280913354807263235
1279712818015723520
1280252997633744898
1281562561108992000
1286383589941284872
1278457925367980037
1278723387511181312
1288891672894611457
1278729909737832458
1283146016368340995
1283125378635247616
1288556288398569473
1282706540005339139
1283472881419264000
1283744782616068096
1280700638591168513
1281453245622296578
1280535262137901056
1284143583184986117
1287800965366779905
1283486527633281024
1288246117004705792
1282433433499664385
1288282080254865413
1278777146752880640
1282290708783575041
1285994879227764736
1288294421927276544
1282765630744059904
1282719208216735745
1285660843892445184
1282714920350605313
1282758858960592896
1283099933550292993
1286727931017003008
1278429706065530882
1288256878842183680
1281578933079756800
1284986095801782272
1288791540735803392
1280733159135551488
1278486077523865602
1288265839704190976
1278722850182983680
1282817087807913990
1287318698722758656
1279756125366366216
1282643569346584576
1280865086735896577
1285396583853568002
1279393894057177088
1281717342695817219
1282469391251185664
1286554421044764674
1287746131888349184
1278152655525695488
1281039636891144193
1288476028864733185
1283745335085424640
1283718994474803202
1278296859878977536
1286788269607464960
1289002917844922369
1278729295809130497
1280585557354004481
1283109770870784002
1287723767834214405
1282628995087990784
1281131089495498752
1281187651496710144
1281239489436925958
1282717656286744576
1298016596686929923
1300388585233952769
1290108637134770177
1299892347875069954
1299457434503860224
1292387687006187520
1291373537937076224
1293583965522141184
1296531117793738754
1290354376612229121
1295369900136038401
1293992838854668288
1298657720179003392
1292858356445655040
1289689151571460101
1291514410486333440
1293542861900718083
1292292350564339713
1293899612051431424
1291502107711938561
1291940867880529920
1296550685568380928
1291164544149131269
1293935353091555328
1291268088952950786
1299460677447364619
1295699551492374528
1291216037640376320
1295376350996344833
1289505118593810434
1290427242783399937
1293812766831185920
1299421698350034944
1289576870074150912
1300528797612150784
1291184314957225985
1293803111388049411
1295357239830761472
1289756952512233474
1298351962216378368
1298987038541148162
1293985024853843974
1298673501289799682
1295972520982650880
1297600619780472833
1294531618175102976
1298444467595354112
1297554939615551488
1298013003749773316
1297710095372083203
1291375270184837121
1293399313717121024
1293265436562337792
1293809469734842370
1297892460182614019
1289924222253330439
1297881514617835521
1295427121469325312
1295462925088382977
1292935010639646725
1293506098255794178
1290965776078430210
1299414568431747076
1290793473407422470
1293503398613069825
1293596640679325696
1299715265102589952
1305674037180465153
1306747729884909568
1309552393881882626
1300918867556999169
1305557435319332864
1310007899469549568
1307535248058589185
1310625082142793733
1307085669160935427
1307360848055341056
1304955658991628288
1302870372661039105
1306666355983253504
1308029908224966658
1305546450869215234
1305872750343606274
1300845362714869762
1304736637826592768
1305522928428158976
1305575497426853888
1308392014510252033
1305502227138777094
1305536990042091527
1306980069705998340
1310474670991454208
1303811300502523906
1301934434694856704
1305559613786304512
1301419659313512448
1304258375388205057
1303383507998093314
1306978940888678400
1300938301898137601
1301624899266510850
1305469443267612673
1304575382390145024
1305634942576189443
1305532273861767169
1304824113018605570
1300609336616652806
1308416093980106754
1305558702653669377
1301303646731280384
1304804008213831681
1304062458814803968
1305933032470183936
1303166167586988032
1306025860831604737
1305633747748913152
1305744610220744705
1305582839191175174
1304189156516679682
1301173271698829313
1306393567057895426
1309494244990689280
1304890186724257792
1305553210447364097
1306289527254904833
1305654163104321537
1305864749784223745
1301183862333214722
1301566518732484608
1305580060804513794
1308030889100750849
1303674106622152705
1304736607002603522
1301943108502827008
1305622087751487489
1308117669254754304
1304597054375825408
1312190638931156992
1312241364852244482
1320470200727281666
1317133497681743872
1319766794979184640
1316496606074679301
1318272341860823041
1319715335075815425
1315324539274891264
1316397757255626752
1321830434863566851
1312940576166248450
1317132767331745793
1320704293041831938
1312166477974302720
1316937911795789826
1313094122027323392
1319264917346787330
1319339693180358657
1321350685816999936
1321290609181732864
1313246476785520642
1321904096329256960
1319035882960310273
1314032777910784001
1312530759094161410
1311972666245632000
1315489612794605568
1318962172303757323
1321922496380227585
1320989833041498112
1318279094702919680
1318517572262895617
1320867824928235521
1316942826450669568
1321984335776538624
1316535377352589313
1320820002673614849
1317215503635591170
1311869656211230720
1313295518244593664
1321828088200761345
1316417555763003392
1312024797421871106
1315777030294827008
1313153953111191552
1320845002663202816
1321165423912620037
1313290637270228993
1317588703963918336
1313185101522501632
1315789527609495552
1321872696318197760
1315693549803974657
1325600539179180036
1323050339415822342
1333224489002287104
1324827160402489346
1323963422627811330
1325607883392708609
1322679141540519938
1322971333530181632
1323417335642861569
1329390672546131968
1332010114325245952
1325215378595672065
1323948761383665664
1323796694841151490
1328525904889352194
1324306102662668289
1328738050533433349
1328540029040267266
1331610725123584007
1331576000165998592
1331208459908472833
1330748044870971393
1326816578730663936
1328741071161987074
1323803914819506176
1328915973261324290
1326998722975174657
1331699832805675010
1323085672559878144
1326700132998451207
1331550307579547648
1323065624189235200
1332016251418370050
1329957840920854528
1330692910782812166
1329046708148334592
1340173519125053441
1337597301376880640
1334253270861168641
1337988218910892032
1341881407472238592
1338450741565018113
1343985155057324033
1342214420575834112
1336690723530403842
1338186001303261185
1344323751563837440
1338880775169724424
1340153665714348038
1344065115340099586
1339928680093671424
1338527430219190272
1338166162249687040
1340738570844254208
1338453945002283010
1338131389619826688
1338499771754049538
1333883794651308032
1341171091641946115
1336786531785334791
1341113789090021381
1336996718777225216
1341436100456316929
1344196111775498241
1334800619169714176
1341503917343920128
1338440609695035395
1337455167000731650
1334196656145715200
1336705203140141059
1341779484085645312
1336052891547791362
1341452579780235264
1336654215393857536
1338014500411244547
1338904651060686850
1259853149537517572
1257430671431254016
1264059863342018560
1261287497541324806
1262974305597444097
1256795843610333184
1258784481953091584
1257789924096573442
1262105963303260162
1265070198060654593
1257430709192572930
1258142362217451522
1265031443161415686
1262436552808042497
1265760328505147392
1256920592613363712
1258917300549246976
1258753979087028225
1260691608166637576
1261569581019205632
1263557173839147008
1265298715977363458
1256396991858388998
1257403712412069892
1264366166472110080
1258418572998688770
1259133784911470598
1262446040252366850
1264544856942284800
1257314455655870464
1263181259343347715
1265407625291796481
1259208506873458688
1257999930767147013
1263851060306870274
1265430524526505985
1258906315658846208
1257092581172920322
1257819907057684480
1263195788731191296
1260926418298363906
1260763485052514304
1263567856748412928
1265247081213636608
1258939912067461123
1260563334195220482
1262443856945168389
1267058033584222215
1266407941323792390
1257754767633178624
1260742644239495168
1264658478297001984
1262438532028620800
1266348684490539009
1256731323428818945
1257289889613254656
1265592757860655104
1265820785194622976
1261061598266961923
1257338559058583557
1265539585620180993
1262775740338262016
1262488191778656257
1259124736283549696
1263819333190459393
1263834639661240321
1261050352612388866
1260087316653256704
1259180186928648195
1261164423596650496
1266617891140624385
1259295797268496385
1258296884617113602
1260655810201313281
1256024744924676097
1257500274085822465
1262678279292583936
1259864428926906369
1262411873007202306
1260574289423712257
1262330320705159168
1263144346813190146
1259606645732184064
1257802488117260288
1263590649187590144
1262986597504618500
1258783120591118337
1260605692223856640
1258458692565041153
1265461484559237120
1265571207828684802
