1183048854943551488
1181238600081522688
1182350599804850177
1181695294196592640
1188229105029918731
1182790443886678022
1182651257028317186
1182669314601684992
1179545277302296576
1179414719863635968
1179516910171492352
1182717134062927872
1181983535512670209
1182283426348572672
1181949903632777216
1188463755941703680
1182076149154930688
1196477199769059328
1193577823413235712
1190766193944203264
1197634337421824000
1199682055338106880
1192463482148536320
1199340214197469186
1190315671005093890
1192080080635334656
1197197542246813698
1211638278748884992
1207393625266675714
1202691934000537600
1205817630034190336
1201251707822497794
1206321554822455296
1202349267756736512
1203690773943857152
1203898975012544512
1217808792848609281
1220763029735866369
1212395305330757633
1213066123815641089
1219652671776460800
1223046442555707394
1221132889577754624
1217203459163709440
1223229496716931073
1219674238661136384
1221532072285786114
1214975914934710278
1226993026930794497
1230894856568025088
1233490821535674368
1227330200318423044
1227119108073906178
1227237661863284736
1227019698321215490
1224781960264003585
1232078217030307840
1229194327408205824
1233416951466266626
1228350568495710209
1233158846572630016
1233217130625036289
1233512768181063681
1224564886170144773
1233557477414887427
1233785811449061378
1233193279740616704
1240451038340997120
1240508294768230400
1243753822503284736
1244749394647318528
1238677111986098181
1237253426121236480
1239581328720506880
1242202969786982401
1237099495646773248
1237549699848007680
1239967612106203136
1240403600758779908
1240702740407259136
1239706983642607624
1240515991311757313
1239723072833363968
1244751495939178497
1239695899871326208
1240413197326311431
1237399295244021763
1239291859949805568
1242862626276814848
1243603493803483136
1243928787437445120
1237124284176371713
1239182565950578688
1244660555094220801
1238199881635946496
1239963329713430531
1240373426830925825
1241143124790882304
1239212745184219138
1239867060735311872
1239950742854578177
1240139018718924802
1240009306839437314
1240275712222920706
1240669402942640129
1240670673070145538
1244755543471927296
1240477571499692036
1237109464144031744
1241816733599465472
1242870593881440256
1240673059603976192
1243705600133025792
1241264661992894465
1238534627301773312
1240447511157813248
1242484784091344897
1240828853259366401
1239313417242017798
1240398034611195904
1240645104601186306
1240737102272364545
1241797365247266816
1241139571359985665
1239695060821839874
1240773660052512771
1242457809855209472
1242735698932830208
1243213387934445568
1237426504738336768
1238142604857966592
1239573908707311617
1244633007216119810
1241196988789665794
1241336598509367297
1244689537705508864
1235763266074394625
1239654145633800193
1239706941972197376
1240426256711045120
1243552276360421376
1239887531929292800
1243770681604689921
1238485751064449026
1241016830367539200
1241941131954475008
1242869117499162625
1240409260380631040
1243919365059248138
1241931606689972224
1237086665476378624
1239199435223175168
1240393811727187974
1240580614618742784
1241541021550415872
1239594741815279619
1243610443945394177
1240734238095355906
1240200982333702146
1240344460917121024
1243670905307328513
1243175113488465920
1239959683999268869
1239827898892275714
1239683095672098816
1238106539786932229
1238109627675484160
1239747418691796992
1240458378067017728
1244723610352304128
1255173467437182977
1255540747283070977
1250830900822065153
1247603576568008704
1252751619139293184
1249003626837803008
1251200055421415424
1249457640687767554
1246482757867446272
1250104551249719301
1246124920943382528
1251829275038298113
1253691431849525249
1255545905345892353
1252679078680891393
1255202623592038405
1247948415461441536
1252248349346074624
1246946081210011648
1254083235153313792
1253332503294701569
1253397887020564485
1255943702587072512
1255338022553432064
1248012213543006211
1249170476091441158
1246161822790627328
1255117796364689410
1251286684903378946
1251948858659287040
1255132207837896706
1255566498518700032
1255915863833817088
1248350653396791301
1250184080135573504
1253716327103188994
1248295217285017606
1251167170484150273
1254826633627873290
1245830691402768384
1247617930742947841
1245901382923714565
1247297542595006464
1251083150366654464
1255194431323504640
1254560996426997760
1250762298517606402
1251487825008214016
1253491574366969856
1247494969235030017
1248167633679155200
1256136876093816834
1273699524305969153
1271497855367348231
1267945170818850818
1276553250926403584
1270421465746341896
1268322930813009923
1272951107283677184
1269746615469912064
1273027150485041153
1273678507575476227
1276215286316716037
1276217742618738689
1276234532346310656
1267825295782039552
1273326388775395328
1276271541551013888
1270393754189430786
1271158448076361729
1277041777321672704
1272520095756140544
1272522175686344706
1272495121792188417
1272882847746007040
1272516523752673285
1272595219213516800
1277954648322834433
1277749922633256960
1272597509374799874
1269434307774423042
1272415293692956674
1270053076599259141
1270338565743017985
1277014334003130369
1277765936515252224
1267960386113896449
1274195795261001728
1275193054555779074
1272596901041496067
1272522056987377665
1272921999879397376
1273418181261103110
1277654502213062659
1270834024580169729
1268513611221213186
1278035877701263366
1273698828898746370
1273819197483573248
1283514720859938817
1288584439497240576
1289178675431145472
1288334644560007174
1280539671680999425
1284550688803106816
1278660388599496705
1288229729250705418
1281624687806574596
1288509624308633609
1279864050021814275
1288284584044634113
1281936696918056960
1285209808656904192
1288591583097561090
1284918426675187712
1285560159167631360
1285698321647099904
1283038480956882954
1283274722806038528
1278300858426576898
1281584710486036481
1281628793996816389
1285614413408608256
1278342242277576705
1283469559412846592
1283798692021993472
1282119523957706752
1288509019347472384
1279354558460944390
1288258533205704705
1284533182159884288
1280538203666014208
1281757809923825664
1283859138506715136
1287184720103723009
1280306075242098689
1283050374883151874
1278487423878672386
1280204103856148481
1281656323856379904
1281747459258163200
1283379172513988608
1284155132356071425
1289287427668889601
1283143381733048320
1284276763716128769
1280545434671345666
1281686230871216129
1279837985966522370
1283214756128665600
1286384346367229952
1278758694684065792
1282837165651759107
1286539929732997126
1290703535605047297
1293595308971237378
1298804439688437765
1299699172648480768
1300405978328903680
1295743096987230213
1290702872938594305
1290671368724455424
1299421165996441600
1290443045469663234
1294091994323615745
1294126913951342593
1289961648199852032
1298979863819218948
1293963062014246913
1298671902903410688
1293973678108160001
1297896483476439040
1292018819024719875
1291723175122931713
1298615408124198912
1308485853665259522
1306422969120575488
1305576080418516994
1310003168307105792
1305676798265643010
1300571285894967301
1301190528743149573
1306693209779769344
1306596297495912455
1307672620058292224
1304383450112241664
1309058631992782849
1304536350222364673
1310697359857287168
1301000238065283072
1309644697921617920
1309929584712843265
1300867299952545792
1303679713970401280
1308047699648876544
1303687093693157376
1307062998960308225
1301498716168257538
1301152602353291264
1308098011415838720
1308504539293773825
1310701591226269696
1308507135542730756
1307670963316809730
1308143738250723331
1303946547282010112
1310891924539277312
1301245721606344704
1307530881930854400
1303788136732950536
1306646022639288321
1311724259019030528
1314772779829354497
1318193472189485063
1313523661568012293
1318745989851860993
1320845028894240768
1313189929162346503
1312254122847019010
1313531145171206144
1316241813813047296
1313940910900572161
1314188200018161670
1318848292722073601
1313573544492703744
1313484666834477059
1313544825065570305
1314680647450058752
1321279026137358336
1321617160641433602
1322566390533050368
1313410558004256769
1313467302877241344
1312150651946725377
1312527612103680000
1312024302749798400
1313486141295939585
1313344040490893312
1318985273544445955
1312147234817863681
1317498631986040832
1318556321487212545
1313330401088172032
1319006136985477121
1332221239650377730
1323486211483336704
1325608205821546496
1327000623024320516
1326126820362768384
1323094383680520192
1330172221495648263
1327291762201780225
1323106559853998080
1328769767843500035
1328696191366946817
1329800882947579905
1329134486672470016
1330176806826225667
1331945814026047488
1329176161230970882
1330962579334848523
1323375296448499717
1328730949559984131
1323435493963563011
1324755983256690689
1323421637203689484
1330742701029879808
1328380475879141381
1329873222112829450
1322983336688656389
1339314723133792261
1335650909456633865
1334953648263139333
1339966961585819648
1338315106191626240
1339621540388859905
1339353418733940736
1339072920455266304
1339532121245962247
1339261265659609088
1339976188672897031
1341195693650714625
1343868151868645382
1338492848191188992
1339975054067707905
1339995797342064642
1339731451315707905
1341403317667303424
1341043272328896512
1339232946247651330
1337111349306875904
1341178477828042752
1337149619076276224
1343868899524132864
1340189252802457600
1341027076325974019
1339984414021967873
1336013414729072641
1336158780954980352
1334239440693317635
1340167210141007874
1341405665131175938
1341090135526449152
1344001846122315776
1344332336939192320
1334868707949109253
1340081897997824001
1340327206065745920
1256136876093816834
1259905510528233473
1258815190214209538
1258039488015712256
1256616200517238786
1259519007004045312
1259837254295568386
1257537861097869313
1258500516755243009
1260350049617207296
1264940925085601792
1260565090027417606
1261317162590973952
1260354151676067840
1263142705330139137
1258368291308998656
1259886243938254854
1258440469148839939
1259777551498645505
1260236652414472193
1259116198639341571
1262220634127556608
1262425613454970882
1259913272989532160
1263104536824049664
1264244188251594754
1265410070554214403
1259820917523447810
1257336177348292610
1260909783714009089
1257792051044921344
1258369553828130820
1260545794316386304
1265802931921534978
1261377135698051075
1256273184262930435
1257684395378520064
1261406489627025408
1263198569017692161
1259212251883421697
