1181193942186053633
1188915841682690049
1187698866013048834
1196865716990959616
1192152245837737985
1190345273702268928
1192183383805304832
1192231873809960960
1192464222648598530
1212017285000548353
1203396065917054978
1204028761529651200
1206604877050400769
1222376446305296384
1215292962227269632
1213612911228272641
1215333961595019264
1217280508893237250
1219629949834924039
1213606736176861184
1224477848624410625
1224046958609870848
1227344452605370374
1233475596321218565
1233603323590250496
1224485417413681152
1224773685862633472
1237120525425692672
1240329357387870210
1244687477618679814
1244804727923228672
1238825028852088833
1243675648369049600
1239654175081771012
1239654175081771012
1235679478908481537
1255868897863118850
1249776608778563584
1248285516388347906
1254238399705362434
1250879046851997697
1248308326443646976
1248964412431622144
1254843220107952128
1251146825312030723
1255523580961587201
1253757772052733952
1248299730268033024
1248310321661476867
1251348529936826368
1249898400457383937
1254384604305334272
1254545371189166080
1255936911572688899
1255230238918881281
1251521671577600007
1250566776821342209
1250865701793009666
1251949066432450565
1254081760754892802
1252714202302734336
1254209414111858690
1251956962272698368
1246479280709795841
1247906048809132034
1251925094315810820
1250860926099763201
1259633075291590657
1270094256674398209
1267810979984945152
1276284026609942530
1270049947786895361
1268314599457161217
1285992508103766021
1285687131827048449
1300275167042600960
1300098857267867648
1300174651528753154
1300171493247246336
1300415341693218817
1300107638915633152
1300279081318182917
1289683840215085059
1300268271971840005
1300535013755232257
1290013591685361664
1300284160616009729
1300280661656313856
1295448100916658179
1293662500542713857
1300108745196875780
1304100167415664640
1301132943566438402
1300973818056499200
1301003385311764480
1304514658208944128
1303755969911021568
1300970644411166720
1303871941028216833
1302343666804105217
1304061978625757185
1307046018945617923
1307089384852815873
1303782855017889800
1306663867590889473
1300975191963492352
1300976899213209600
1300983425000562689
1303380432520609792
1303483713439793155
1307680776033632257
1321417596625891329
1313264738789453826
1313677883555164160
1318628482369323008
1321417919482515459
1314324081521700868
1313633444816138241
1316377572385714181
1321204014869106689
1316706161094062081
1313835512784916481
1315822038498660357
1313838112741752833
1318586044514697217
1329497952163934210
1259633075291590657
1265757634331893761
1260261067885854720
1259910036278689792
1256702292809723905
1257761845487767553
1257692052067962880
1266060039065874433
1258911079037468672
1266039736239521795
1258860499988549632
1260653539711266816
