1183137224633700352
1180282287860146181
1183355827656298496
1183824297976061952
1179584943548243969
1181589631713849345
1183065429461389313
1183238533957308417
1200775095133917184
1192546115746353154
1208236581603172352
1211481999489323008
1217628098004340736
1217859984580599817
1220018206053740546
1217657619797696512
1221717157639114758
1221257735318245376
1221970056952864769
1232914536736256001
1231996069027991554
1244384276252102656
1243029918721511424
1243499454793158657
1244758643637129219
1245075257691713543
1234555070659923969
1240380275080691712
1239702807986556928
1244013047863107589
1244247630030557185
1240781037803835392
1243501027145461772
1244432420440588288
1237880466872496130
1239802674737844224
1241844732390789120
1240721961032056832
1241690580985556994
1244644650293628929
1238563756713500672
1240450778298347520
1243157744355610625
1239902944516018176
1239117237090476034
1240432292780281857
1240742252466462720
1235231347196776455
1243392231106433024
1238650016761180160
1243537983166447618
1241727114811969537
1241887231549341697
1242139195373543425
1242139195373543425
1244080717715222530
1240673565663469568
1248101209744924672
1250834943867052032
1247286941428654080
1246420568901115908
1248334773774430210
1250119110396186624
1253304264853766144
1255202183198453761
1247596126422749184
1248270122009210881
1250260238466461697
1253692394853281794
1250107563468828677
1254115082532986889
1248783337805754368
1252035917319229440
1252414253044097024
1253479876151123968
1247516934830206976
1248979368673710082
1251933436283158533
1250404416739520513
1253863898249379841
1255117192909058048
1248657483528273920
1249523309504606208
1250042552931069959
1250047706564825088
1255221795780730880
1246919397320450049
1248615372590202886
1252437075690811394
1254763530328272898
1247630906640207874
1247759090891153410
1251146224117284865
1255284121544404992
1254964143863595013
1249798762014429187
1254848874965020673
1246450017126068225
1269339730769920002
1273045524711706624
1269296432969846784
1268648618732457986
1280177208296902658
1285017355433771009
1286728207845199872
1288657635030568965
1279142721001787394
1287020416456957953
1280969743034392583
1283743696303935490
1286704296134762496
1285922175854280709
1281016471758438400
1285075846458376192
1300400879598743552
1295940308094423040
1289563427313049602
1289731518256971778
1298788836726763520
1295936349300600834
1290727261734240256
1292522066885742592
1296586428726390784
1291127378442432513
1295167243962081281
1298632986598891525
1292457543227396096
1295128488605896710
1298261419792584704
1295757256710139905
1300442703797186562
1300419565353041920
1307136537524662273
1310755261519405058
1305985766426701824
1306846522508816384
1315002933872861184
1315045077245464577
1311708628815171585
1318765023976513537
1321878182434361346
1329808427049230340
1328103832551706624
1330865176141131778
1324172036525248512
1328052739000193026
1323577747990523910
1333475210708869120
1333813183098785793
1341763016984018945
1342873056348352517
1335790458136649732
1341925504341798912
1342888445237030912
1336511404468269056
1335994955622277120
1340717318314352642
1336067257030627333
1266142517684137984
1263795120932937728
1263086933640609792
1265955665614385152
1257668912122138626
1263098526059429890
1256262473906339843
1256651516578017292
1261827266742382592
1257111927513157632
1265861075532218369
1264995299619151872
1262003674940952583
1258432967480946690
1263768742925709312
1256644857453576198
1256649712549146624
1257292590774464516
1257331364044484610
1258765991019978752
1264640172492292096
1265795830646288385
1258548865105408000
1258820059813814272
1257503560067153920
