1180267973270859776
1188935071572676610
1189398415068692480
1186318812162994178
1199073168377430023
1204171572979761152
1216400047765540865
1222653307941818370
1229553653939179520
1238863088260124672
1241107603721195521
1243290401190133760
1234777403655770112
1240445954836164609
1240573559103160320
1242950968246845440
1238033580128735234
1242896513812086788
1243731752507641856
1238898474323755008
1242370115980722179
1237702020179640320
1240055802695544833
1240062083158413313
1239697493023232005
1238772531194101765
1240805551551819776
1235548558536785920
1239917436037730306
1239655004442636289
1240341788587671552
1240434679997702145
1240081757514465281
1240738658119901184
1240526836133703680
1240806206073176064
1239116709274865665
1239343583959773184
1243280200093159425
1234649716136325120
1243930183280852992
1247265199922360320
1246291247347544064
1253760800273170433
1254008051687919616
1255849198613921793
1254960696321699841
1251202631059505155
1255306424995008513
1247296361935958016
1253167044712939520
1252188769043783680
1250352171683442689
1254853913980940290
1248483266857824256
1248113526880604160
1252406553694486528
1253814855859134464
1255296458779213826
1247475452987334656
1245886541831929856
1248014153509253121
1255447067499118593
1261477843554328577
1260899048225009665
1277761370113536000
1275237860728344576
1268529320450043904
1278858859772129280
1281372042126700545
1288599152654311424
1280766147311345669
1286125097346981890
1289038437194981376
1289860953677283329
1289474701174222848
1298932642616717315
1296598919539855360
1304570596613734400
1303739948391170063
1302175147642716164
1301637348141051904
1305134888127852544
1304156770747650048
1302201916613693441
1303608043825848320
1313560518850830336
1312829846125510659
1311995590037835776
1312257359151075329
1332452954238898177
1331917115738099713
1339462034379788289
1334251433865043969
1336637836158636032
1338678188113711105
1335046977130647552
1261477843554328577
1260899048225009665
1260044232372424704
1258716947916574720
1260062286913265664
1256542286659203077
1260316534053855232
1263321582535094272
1257160449226874881
1264950735818629122
1261109408425054208
1265612779915968512
