1186031055700140034
1185638929925656583
1189522753327513600
1179433454603325440
1189309265611239424
1193197264170180608
1200775376152256512
1208545553224806401
1210318063851184129
1208865903036657664
1221540508419403776
1213541630415794176
1219598015943475209
1229115290639884290
1233131050899058697
1232046596826763264
1238183874666156035
1237339907707691008
1239159610914803712
1244536834773811200
1244948121949319168
1238662659622535168
1240548723681304576
1239156022348046336
1244996197481361408
1241766230437933057
1254598920174555136
1245545054577582080
1254491462269497344
1249308810273009664
1248738292473843713
1250994066520788993
1249824275982360579
1254638474990215168
1254212046247407616
1247715858060902400
1253782109921202176
1251119203458912256
1253707265548271627
1254426475450728448
1246973671794761728
1254760535591092225
1248739775122509824
1261430783555678208
1273762646634795008
1274536678946861056
1274802125910839296
1269946632004648960
1275072519305748486
1272766657468006402
1275719892780691458
1274289013050884096
1275746715979538432
1286339014908403713
1290722307682508805
1291242467107303424
1300485809200533505
1291152759602008064
1292953472279744514
1293094167283822592
1290321760320012288
1291507741266268160
1289585123671724032
1298388092324384771
1292914449721040896
1308929384552726529
1308521459053191169
1309198061370052610
1310321583072980993
1308929485207674880
1308525884098465793
1309535125928120322
1310469867288637440
1308903699633274883
1310672465199271938
1308526832027926530
1304718390913888256
1308517071857373186
1314831231641624576
1312897091245662210
1313204953167605764
1319147740857860098
1319957474737180672
1328493097387520001
1323358662698635264
1331985221944815617
1328357522277855234
1324045123454410757
1324973345067118592
1329576844220305410
1339697804629950464
1340538580167401472
1335438972214919172
1339781292590809088
1342151553097093122
1340863132294500353
1334244685121024011
1340310013643022337
1338914114467467268
1333930418538749952
1339434472828096513
1341356841046061057
1261430783555678208
1257709584279633921
1265641056923598849
