1194620555003072512
1207796000984883201
1202301278879125505
1225831200335548417
1243527005452279809
1241787075881512966
1238497004898201600
1244010228242358275
1239930036582580227
1243300854683308035
1244724911173746691
1241886861842399232
1241795972998606851
1241922589930463237
1243953971586150401
1243577128592924673
1240337977588539400
1244031566130458624
1241848626575376384
1241514436998774784
1239915113815179264
1241786492575461377
1240328154486620161
1243846176325152770
1243964329981923329
1241964678768517120
1252147714885910529
1254773892859617281
1248256879538720771
1248303341073051649
1254569710374596609
1253371418873651207
1250501031131181056
1247244330319990790
1247978636558446598
1249705386137063424
1254268997845032961
1251244861862404096
1254065593944285184
1254767330946699264
1246405926606774273
1250067797272641538
1252258462442180608
1252611825176371200
1252840825525952513
1248600800223547393
1254177372145885185
1252321770314641408
1251554271167827968
1247575898330718211
1251251866077409286
1257361595438632960
1266404852705435648
1260254818167328768
1268945604576763905
1273284500743770113
1271881004060258304
1275227661170663424
1267914602718941186
1277712539829374982
1268544300847116293
1278057000216268803
1267818439931920387
1267895294013865986
1272515164835909633
1268120580823416840
1273812918233034752
1272515322264924160
1270447010223550465
1269998988956258308
1273237157709328384
1268197974095441921
1268590871726915587
1267464868149551105
1285634538878767113
1278096187363659778
1285982249855352832
1279187293849423872
1279027625084755971
1288920988588146689
1288817889760489472
1281267677022113793
1285786053924851712
1287024980488855554
1286400697815248903
1285973921003708422
1278855033661120512
1282577503132028929
1289261561438060545
1279968197760806914
1282724491706224640
1281759291376955393
1279478395680800768
1285200541296013314
1294378710016155652
1291863487795388417
1289595513755455490
1290471527700262912
1291100351211474951
1293632191755427841
1296169515924037632
1295392078940254209
1290094547863662594
1291107974627438592
1292876659071295489
1292958200510083074
1293074114307960835
1293237123236024321
1298787536752521217
1292812410060001280
1292882330122620929
1291023867188740096
1289581797831872512
1290004774218108928
1290285814836994050
1291817002894598147
1291866779690598401
1303775909187592195
1308814051963817984
1309229759604224000
1308532085058162689
1301239232942538757
1311014458316279810
1305651598891405314
1306710486361219074
1309178215722778628
1301906630657835008
1305209340517810176
1302246121817989120
1305502231446388736
1304077987726479361
1306640968058372097
1303376134759997440
1304083474425487361
1319414596889944066
1314635454092697600
1321860901734068224
1321501204917166081
1317915444460879872
1317210849879130112
1314610258539679744
1316422276250771456
1321898252187230208
1314936928047857668
1322173151070085121
1319485025814007810
1321444767889268736
1322109695428055041
1321729429953892356
1328723691207872512
1325570679916298240
1328038932056076290
1332374765022003200
1323271543334572038
1328493102169026560
1330995081025785856
1333429137797771264
1331394106115887105
1330978136029339649
1330948092032557056
1323481794893672449
1326277738194370560
1332779192006664192
1323355928033447937
1330891023715713024
1341037431156568064
1333899131727745024
1343226410899529729
1341437940522577925
1341035448144158721
1337098506545156096
1343691926244126720
1257361595438632960
1266404852705435648
1260254818167328768
1260152661514412032
1257055041728413697
1262125521770602504
1257352489218736129
1256639458721574913
1264955269592858626
1264186441745252352
1257292730541182982
1257034012733906946
1258835327084572676
1261706283167735809
1257750176736911360
1257427895401820161
1265116706911006720
1265024446269722624
1257715559392841728
1264905680269512704
1261857679632302083
1263515443014316033
