1180072211941597184
1186297624430809088
1184091600059686912
1204522790285533185
1211455626028748801
1205209931139432448
1205507862673231874
1221144141112975366
1217899397066813441
1218983500952399872
1226312989575266304
1226591690133254144
1240143184791044099
1240641439123439616
1240000329414053898
1240451382282518530
1239291724314411012
1238464519510396928
1239896933008801792
1242325886105300993
1242639152975187968
1243216106493341696
1241942436357734401
1243670164937281538
1243537213339697153
1244605373140668416
1240253068572127233
1244775479011356672
1243026633222750210
1242302363517497345
1243265730306605057
1243724212424126471
1236428474325368833
1242645971181293568
1238588727225544704
1240865649481486336
1244614100874866689
1240990433313869824
1244815257786253313
1244997890352852993
1244705987765964801
1238732875190566913
1244465923345563648
1255484594071187456
1246518372604444672
1245729197886189568
1247031863555657728
1247933106251870209
1247675190718464007
1252586839946391554
1246498352293871616
1251962322626793472
1252405979137753091
1251132965934886914
1249741684608577537
1253678483793838081
1255120704657174528
1250082838046806017
1253486207801098240
1248266821863641094
1249912640215883776
1246992554467512321
1265657391699226625
1270539016497098752
1267844722124619780
1270151158829629441
1272525510187384834
1273368380704088065
1270697982766329856
1272689658774695936
1275202627480047618
1272638386977808386
1288825137215594496
1283754427183030272
1283768845346287616
1285882128236982272
1281238789013164034
1285704764097994753
1288841893783068672
1284146202678886401
1285364413277646849
1286711753607467009
1283963716917170176
1286786798065090560
1283780883787534341
1283515281999122442
1288552910440345601
1289031290189156352
1281316645516898304
1283778822278545408
1289992428116738053
1290123455195578368
1294519739893547008
1296243728848506882
1293416608585711618
1291768020633673728
1298265489756446727
1298273256080695302
1304156434960179202
1306781204633522177
1310937629886644224
1300788148213956608
1305956789075222529
1306405955853258752
1313619820190076929
1314100059584290816
1311459487589511174
1313204529538629632
1320108662728183809
1318601220181827584
1313632636812824577
1329945271887929347
1326708732995252225
1328139775073792000
1330330191567220742
1324569820252246016
1328557223098929155
1329540232119791616
1331452834647318530
1323968761964208130
1331982717953699840
1328418644670377984
1324308697733058561
1326891486265274368
1331688357030547456
1332368396806094850
1343890946816147456
1339708214892507137
1341051977606815747
1342186297788661760
1337043414181769216
1338609660870397952
1336703591663460352
1341434445937577986
1265657391699226625
1258774035569111048
1258141107478605824
1259127224004800515
1259186304358789126
1265365620134010881
1266004861218246658
1258357244850089985
1266157076109127680
1260013534894678016
1258144709752602624
1260244344788877315
1256047952012800000
1260188126728708101
1256934793968672768
1258877278496440320
1259870967842639874
