1210644070172725248
1206033854781427714
1223772329748070402
1239618812925882369
1239611486739345411
1243871742248042496
1239684147616063488
1235974260549615616
1247873195396521984
1246139166859067392
1252313628948258816
1247869671581368320
1245409174051344384
1255248013297139715
1249873091762798598
1259190563670114304
1274447361247457281
1274857601906270208
1271306653820874753
1283432484018032640
1278651060471517184
1283028185089744899
1278763459417702402
1278172757596004352
1300152301156528128
1290742236339150848
1297867583971119104
1298298245383413760
1300824560888172551
1302064025673576448
1303052987938598915
1303425401092534272
1313186681172844544
1315110432550649856
1316787831633666051
1313176737044475907
1313902017136320513
1311774154715267077
1321700814411472896
1329106041989189632
1323716875738558465
1329846628648321025
1333451525474041865
1330910664752295936
1326741388373848065
1331633466669195267
1336753006096785408
1339290110773227520
1334601018638704641
1338562836075671552
1341511388112564233
1339981964988698625
1259190563670114304
1259211731437404161
1261478493562470401
1264223502925729793
1264915136235491333
