1180142512637390849
1238568349501665282
1250548087275360259
1276606924495020032
1267853202579390466
1287856945584455680
1288064297508179970
1288309691555164176
1287844283932966912
1288066482308554753
1288082772175859713
1287895004782960642
1288138509023289344
1287856127502409728
1288065869927665669
1288991858656518145
1288813750091382784
1287779981955866627
1287874842985783296
1288119563352121349
1287860958904213504
1288084331274084354
1288621745856012289
1287756177229713408
1288109085976477697
1287934573561753602
1287877531039801346
1288286018471366659
1287875555883233281
1258233400932085762
1261436699755687936
