1182712131650641924
1184540114187423745
1182137306850967552
1180167301750034432
1182374012426604546
1185308834207879169
1181796073125208065
1185472281851695105
1189251219925192705
1189337748219543552
1178821830133633024
1182996710190129152
1181325261972934656
1184866677978062849
1180220686075346944
1180927099483426816
1186430307014266881
1193966624203771904
1200271546650001408
1199440188923162626
1198601203036368901
1195553308284506112
1190064910518099970
1190372944393883648
1192287286072872960
1196817972096118786
1190284103112900610
1197349556331171844
1196465973651550208
1191781990451646466
1199034966165925888
1199722707522338816
1190284159857639425
1208922728251584515
1202670715343908868
1209566413280698373
1207454327125815296
1204460877551824899
1207754920302120971
1202042060154392576
1201570661648474114
1210538969454088192
1210322186667470853
1204859885877370881
1205223295223619584
1207407216434630656
1208482325874577408
1215143300060966913
1219302618259804160
1214679712959741952
1217971337022492672
1220579105441185792
1217502117889441795
1218279544743809024
1218892693243342849
1219362220422942720
1215352539526369280
1219289413928259584
1233363729913466880
1231037148201209856
1233281416705662976
1233635166700163072
1232322837890977794
1230952818808217600
1233157359842799616
1233812019159146496
1233253940353011712
1225894503187451906
1232749894919692288
1231814238739390464
1226168453679239169
1233515576317837313
1233549036201836544
1232141467809804288
1237484595874091008
1242410428413739009
1245050926030893056
1242148738145177600
1244034030930202624
1244449265172144128
1243608161669591040
1243612260095807488
1244729350047612928
1242223589983752193
1244700927812141057
1238879338155528192
1237018509886001154
1238358965622312962
1241871183542398989
1242623041898565632
1243148950393311233
1244331839831113730
1239602673231384576
1240020788289273861
1243637681877405699
1244364360430084097
1240649550530064388
1235304703996702722
1241098206844465154
1241616857414631424
1242178063330312192
1237396804880211970
1239539605294198791
1243898567472738304
1242936947783405569
1244853476301123585
1244987696751300608
1239969121200029698
1240107197675081734
1240737744181170176
1244027668162633729
1245033804324110336
1241708935276527618
1242167829870317570
1238225769773572098
1245049897042223106
1235651353847967744
1244103345972883457
1237134820268036100
1241034313149427714
1245070798072791041
1236199984086880258
1238119598672596993
1238909858088456193
1237483609419808768
1244567198275944451
1240627580790886402
1240670159397883905
1242371841261518850
1243003777130651649
1244310609254023168
1237570197218709504
1242893023429767169
1236258233754497025
1238117162499407874
1240541438284267520
1237087003524485123
1242464486432235522
1243693549905948673
1235992199579328512
1239294962304311296
1243527923073798147
1242670063389421568
1243251692314882048
1234649015653949441
1237088271886401536
1237177757353889792
1240661839668752395
1240670063667134467
1243775863117799429
1243917124885774341
1244244853430595585
1244282513566175236
1238079352379752450
1240692009683189761
1242877659480088579
1234986791356100608
1238176467261034497
1239291529509785600
1241204142389055488
1242236461275021328
1243051943028830208
1235554780870782976
1241198245210198016
1242561234605617154
1242583880118525956
1244202642055655424
1236297477290147841
1238559222352285697
1239723735910961152
1241471683636211712
1242676338697347073
1243909070446309377
1240558642723782656
1240714657955893249
1242810121010450432
1244308131091484673
1239724709102735363
1244723315882758145
1234622011806306304
1240993321419497473
1243331887629828096
1243609850908741634
1244306666130149385
1236358454010195970
1238515612814622721
1239864754337984512
1244706042304516101
1237526538892922880
1239597296754409475
1240701945800609792
1241118662464954369
1239058999171055616
1243270537574600704
1244662925324775424
1245043750885343236
1240817401677205504
1240983605901393924
1241410980283891715
1244280803540033544
1237465153865748482
1238256905639903233
1239539448293085184
1241745979373731840
1239997432731062273
1241842242995847172
1242138322933125120
1242186465175646215
1242274950641266694
1242847460629741568
1236654432860897287
1237438070095372288
1238024443487817728
1241387842993086466
1241812493803999232
1243341969553752065
1244823348606951424
1238162846816579585
1244841077925982208
1241821703896006659
1245410471479406592
1246393171023663105
1247378631837573121
1255339156592644098
1246189550868795398
1246691242995585024
1246881291124998144
1250151844069781505
1250517769839243264
1252708925323071489
1247539630473236480
1248289462720712705
1249164809733619712
1250841384472334336
1254871106617577472
1255836800506970114
1245930034973442048
1251299072960413696
1252273319933628419
1247167914190364673
1247514481099509765
1248038922543915009
1250482112257568770
1252647032319119360
1249020325859217411
1251891826224553990
1255189759695167488
1245410507047215104
1249438972398440448
1245913125246980097
1246230837722525696
1249016917408518149
1249910274850729987
1251920389346930692
1252645264185339909
1253069933262430215
1246916413618610183
1248974199135383552
1249429143189516288
1250880952877924352
1252163313498238978
1255592098277064704
1247489214666756097
1250138585510170626
1249260154664693760
1250806477100478467
1255491468543897600
1255931172808507399
1245272806012727297
1245355530119524355
1245871209738162176
1246314016831680512
1250800219194904577
1251906192064106496
1255554689036320769
1255752592837111808
1245586316055547907
1250907060721631232
1255541384964182016
1255669336410218496
1255123772459356160
1245555313362771968
1247211214700077078
1249105292580847616
1250451328968556552
1252330538829877249
1253444937582096390
1250345011419287554
1253330593691004928
1253768170911027201
1245573235518783489
1249065895080558593
1249394469587353611
1249731588570710019
1250791086693416961
1253122414873108480
1255824232061288454
1247053338417352704
1247237358187163649
1248675330132328449
1249008377235156992
1250857230531915776
1255243807492313088
1245867126293848064
1246932527744299008
1247244948598075393
1249192437651775489
1252652789597179904
1253617789081759744
1245811027792596992
1247315960559738880
1247541567969062917
1248714630903496705
1250159390675603461
1247873456097710085
1252635709883719684
1245826682813988864
1247182489896005636
1248591421432627200
1251480321402572800
1251605009675894784
1246009611024510976
1249400730961809410
1249375475547254791
1255729969176686594
1246037991317024768
1247152235575902208
1247160543795793922
1251062925240029185
1245196461316411392
1247245188596224012
1250453831864987650
1250879778837557248
1252300125671751687
1254935356924977152
1246452819881754630
1251640255142338561
1254082660571459586
1245414374883250176
1247225659832795136
1254743223068766209
1254751398559809536
1255533533017366528
1247264083109457920
1247558458427052032
1252724347774676992
1254030835721875456
1247255041515364354
1248292063151566848
1250891072013647872
1252609981683204098
1255875576465940480
1245522086099124235
1246465774681600007
1250720577758932994
1252748957383421953
1254029027058147328
1246164196292771841
1249847859807227905
1251544397776392192
1245153908139253760
1245949057849274370
1249791969569562624
1249802036100468736
1254135422365523968
1255650592996962304
1245392209278574595
1247856721479041030
1247451461736431616
1247893496708521985
1249499469059706886
1250457573934931969
1245468250965716994
1246052061571153923
1246452469216894976
1247362924152324099
1250288201178083328
1250879340553793536
1253244705703440385
1245409289352761344
1245541895767498754
1247002790746099712
1247504012187926529
1247631925851938816
1247732949849530369
1250067850519285762
1254950275334324224
1245430926319816705
1247300431895826432
1250559616695644161
1249967826032525312
1250677430957805570
1250789866515894272
1253388788472123393
1255263512311599106
1246337760757252096
1248321746731761667
1249668659473199104
1251244503710629888
1254686371911856135
1254789002319687680
1248671976450818048
1252341282006953985
1246289387802914817
1250887146182828032
1254129434296233985
1255953821701898246
1245831938704719872
1246164532512333826
1248685446961430530
1250638812201529345
1253003341963157506
1245393018967838721
1246132355556876295
1248713432519643143
1252341272104235018
1254386188925964288
1251742320937979904
1245616613111394306
1250419746740277249
1252086887357067273
1255256829812146176
1245427244484395008
1246981859059200001
1247910503155974146
1252330062252146688
1265372131929407488
1263567735289712641
1257753626765864964
1257686360430989314
1260626360445304843
1273392191780651009
1272593465453379584
1275817258669846528
1269357132937400320
1267899875179532290
1272607477620670479
1276237834127421440
1274439378589429761
1271877603461234689
1269000768075567104
1271167449195597825
1276240472340484096
1272891679398219776
1274421101246861312
1272722998991208450
1268307939867144193
1277346712428802053
1275109861223591936
1273095579191717888
1277721871144947716
1273578322434416645
1269756489406787585
1272595613750788096
1276044969409687552
1269578705594208256
1275462764463632386
1275806770171183105
1277678224265314304
1275316418637172736
1275170387958128641
1272297105143599104
1269014884345360387
1273496927296991233
1276229957216174080
1273356649256955910
1271496996789137408
1275180417537249281
1276143147689684998
1272558291051298818
1275458601197293570
1275817469253427201
1270101653581152261
1271523268630130689
1276270191446499331
1273395708301901824
1275989766190882818
1269026210790735873
1277684793485000705
1267853159763976193
1276922001521811460
1277700610482040832
1277265454252339200
1273715698460745729
1277788741277380608
1272277643585617928
1276236038944391168
1276205441501061120
1272526686530265090
1271232024402067456
1268650650763759616
1283957325171232769
1279248592696475648
1280318950631505922
1283510004570521602
1287843331565707264
1283198357721231362
1284631950691459072
1281230244716871680
1287719015679512576
1280675848165736453
1279511031895687170
1285693376566886401
1282794902791716864
1282676610949427200
1280594721908436994
1281317727651667977
1282396811358085121
1286335842299121664
1282769342724288512
1283820015444275201
1288550325830459392
1288371322234404864
1287061478860886021
1278429419200225280
1282344556172906496
1281655031251394560
1278764124638330881
1287183136871215105
1282429406959501312
1288479246009225216
1281102644048584704
1285576103835439104
1278714388313255938
1285817277485510656
1282376678606385159
1288849959140261888
1278438879012544513
1281357462805729280
1285935146353352704
1281241928621797376
1278421159386714113
1284533546670071808
1283099533182935040
1283168596340781056
1280589919002546182
1280532180620529665
1284114713455058945
1286353442483720192
1279022239594221569
1283888237753372672
1286771182705029125
1280571699386351617
1282780401283604481
1280480189017964547
1279154206830661632
1282383332517412865
1280266576332283906
1282980670453755904
1278649451469574144
1284291797661782017
1280125281387319298
1283174438989701120
1279802634921291782
1284005198596157440
1284118153526538241
1283610343449690112
1283448798937833472
1281318256696070146
1278849312647151617
1279052929954177024
1289059484711649280
1280306871677657089
1286847722381877248
1283260998384668674
1283392807890227201
1282409299445051392
1283540507797458945
1286215735249973248
1287042935788376073
1287851786401804288
1295870926551048192
1290670702610194432
1291909632202612739
1294694617909264384
1294816394631172101
1298424924470534144
1294374533097574401
1290887130462457856
1293538037872209920
1298641206403108865
1290649493214580738
1294026405278171136
1295476024436838401
1292852145864269828
1297399927899713537
1295649144862912514
1290433527306244098
1295388667909795840
1296839949900288001
1295531183716147202
1294894987503497216
1290853795145146368
1300547491629355008
1292883302106497024
1291358365524926465
1294530521079468034
1290809997836738560
1289592558964731906
1291956878130458624
1295169215268368384
1290011234637676544
1299382497080479745
1295501412558929920
1290018454771138560
1295349083838742529
1291476222887698434
1289563533835776001
1295434786023055361
1293998463403937794
1292025147768090624
1298749565437239296
1293999889458790400
1290993255002275843
1292784029641641984
1290006652851064832
1290349862765105152
1295343454726303746
1296092603885199361
1298971796440592384
1296479045530587137
1291798257346191361
1291469041756966925
1295527088750055424
1299059105089294341
1293997427687485440
1294257532991610880
1293949186413600768
1295124957010235397
1299392677365063681
1291456508748877826
1293677751149432839
1295376848399011841
1307427105744007175
1304064492347838467
1309275169349722112
1303047903536062470
1307800664458833925
1303518611823357952
1307131420612100097
1302654162098937861
1300593914156429312
1307786613737418752
1305269229768245248
1304437893700648960
1305213478651793409
1303787633391202304
1303683367205056512
1305531038869979136
1305956755470336000
1301470843181117440
1304457174010093568
1301246312977969153
1307728310298980352
1301585751985905665
1303928823335890945
1308739873315094530
1301634072209481729
1301043287818727424
1311116494160498688
1305984547952103424
1306688122856636425
1302706632338665473
1311057758633037824
1303424598122409986
1300794473195003904
1308140369184423936
1311395396741214210
1304809672432652289
1305176562791313410
1303828200708071424
1302658005184532480
1307657114895241218
1302658251000078336
1304479823583084547
1309202188720156672
1310629090848698368
1306418652237897729
1308109523144585221
1301644145442852864
1304124331140804609
1313184135570247680
1317864041134641153
1313895111726559232
1319294123187159043
1317753637465165824
1311629489617735680
1322353399514361858
1313552384170364928
1319413538721550337
1314402288560078849
1314293048826892289
1316351602626908161
1313464031991140354
1312563027510792193
1322656938866274304
1313869403109421059
1312078643431170057
1318658248816418818
1318291812067340288
1317849620089851906
1313646680483549185
1314283791075209217
1312040907970142208
1321104907458498560
1313848930388639745
1320853428793462787
1321952996251545601
1318708588840353792
1318636758951755777
1318676875519102976
1316293013694550017
1318605399180808192
1318580781409849351
1316818551584419840
1321142071374213122
1313909457148026881
1318963718756225024
1315349643430105089
1322213431169208321
1316846443706167301
1321547377707286529
1312578127042838529
1313849475774009349
1316169764054740992
1319050678589743105
1312083395212697604
1320334632437645312
1322225047176683520
1313935216579416069
1316484499279147009
1314425256568709120
1317249755404185601
1312809212209180672
1314843650984153088
1317966669390688258
1316087375341133824
1317114489091837953
1315778425865474048
1313847777554771969
1316112100767408135
1319700112445145099
1316473868576583680
1313169582593462273
1313552371587391488
1316931265468239872
1318920078256123904
1321869406390149120
1313901913432297473
1312247196436385792
1330223471671074818
1323102365562531841
1327341510853947392
1329478293444300804
1331706921489997824
1325314643095547905
1323052700808798210
1323393197012385792
1326991108077969413
1329092969715085313
1330166171019206661
1331768036701872128
1330598172251459584
1331696412002840579
1327031451133599746
1328820451834015755
1331583424168017921
1326987788433100801
1322815814916055041
1326224763287724035
1323219541753794560
1325546688497520642
1331311623844278287
1327767025356312582
1328456105220050944
1323520713853005831
1328691995074813952
1325086946406916103
1331436193456689154
1327011170532909059
1329144997535477760
1328832040683319300
1328763583845588995
1323006265673441280
1326952318919733252
1323081406621208577
1327370715956383755
1327593219463340032
1327305940480249858
1328443828487868416
1328090432581013510
1326898753215885313
1327277526767558656
1323058980143435776
1323344200746893314
1329568395138916356
1327337966788808705
1330900997967806465
1322979615053402112
1329084942903504898
1329937569975504897
1327001543414083591
1326345157986430979
1328780931499515904
1327451578845040640
1331366952174903296
1327334208575066115
1326914511631245318
1330742730700464129
1327317807651057669
1329515012239581191
1329515012239581191
1329571446142726144
1331667172104548352
1329273947980959749
1329178819698118657
1327324009474744320
1327414638548488192
1339712820250865665
1334544873538646018
1344096224434122752
1336842234944217088
1339364130977951745
1343996857165492226
1333840941422174208
1344160250488713216
1338570705433206784
1333786558080565250
1340414783128915968
1341783125052039174
1335599210654298113
1336728837443432448
1343248591897432066
1339324421547257856
1339702368036937728
1338977101559500800
1342499371326312449
1336408207795892224
1341509966256074754
1339407906379341824
1335963246075973634
1340584975419129857
1334105242376548353
1339807397603397636
1344390102546481152
1338609940601028608
1336665649993625602
1338620984178388992
1343667814008291330
1334667165627125762
1344648755283419136
1335358292663574531
1341473094771367944
1337015954082045954
1344367252133486593
1336912287509196800
1334634577554497544
1343742785409708032
1337447690561613826
1339654095762837513
1340430755051266048
1333900261488799745
1344339046852685824
1344407163154776064
1335138097068187651
1342106833792737282
1333568860214206466
1343820063053377537
1339811157373120513
1344149064275828736
1340710663136530434
1343013284480512003
1336774891027107840
1334541195930984451
1335034913687543811
1339662990988070912
1333978615273431040
1265372131929407488
1263567735289712641
1257753626765864964
1257686360430989314
1260626360445304843
1259440007284166656
1262457712560033798
1265522008147755010
1258496666400747520
1262860836147781642
1259962737343463425
1263733691144007680
1260994605115494401
1266100756014231552
1263300998623309826
1264955747735162880
1259204626001416193
1262495784257433608
1257352020740243457
1266380255025156097
1258238907709358081
1263642628601442308
1258065395455373314
1256621701913366529
1261313355442257922
1259869805471051777
1258783485042388993
1259162601138905089
1264722499310419973
1260984282912194561
1260738601588977664
1262913993188028417
1257386010742317058
1256638442936520714
1258759694312759298
1263082057275768832
1260703115847725057
1262743745423765506
1260542184861941767
1256250817868333056
1259845265428750338
1260603740794630146
1257572235214237697
1259355399788036096
1259522730841366529
1261491563122716672
1263603780966322177
1256259586438422530
1258575884216303619
1262003343611879425
1263932523719122944
1257393919790395399
1258583419044466689
1261448651102056449
1263603332159070221
1260290972962848768
1256654884654518272
1258480916764282880
1260570619562921984
1262610410378838021
1267065013430345729
1262465434277871623
1265168881414549504
1259930283681304576
1258440676636790791
1266086775371567105
1263125563209846786
1261793546849353728
1266110368331501574
1259600354221666306
1262441067745607681
1260233297638174720
1263607224485715969
1262115440563818497
1266211421110616064
1259135203806720008
1262482874269302784
1260315006236844038
1261336791510106112
1263123586476318722
1262466496703483911
1258834492409643010
1262797668541177857
1263995573910360066
1261758706649378817
1256040697892876290
1258974978776670217
1257418472704716800
1259677119056973826
1260596916271923201
1264948556479283203
1260685197550456832
1260649764665749505
1257739338470830080
1258481550557089793
1261672700319272960
1263933687185526787
1257802262346444801
1262899909495345153
1260205325837312004
1259951170354688002
1256387896187052033
1258943095531429888
1259867652094394369
1262140840941686785
1256659775133278208
1262451467241140224
1257665648920080385
1258106527002451969
1259153177502507008
1259946170757062663
1261995651270946816
1262100574599856129
1265292579735773184
1266084078375374849
1264987950799941632
1261154538116939777
1259906114516369409
1265680598997311488
1267140962708525056
1258118839310712834
1261056601105948673
1258315594094514176
1265253867576602626
1257768438732394498
