1184271473600544769
1182390225881968642
1188973913344069632
1182167871322853376
1178873056229392384
1184536083826204672
1187806563035156480
1183516490924003329
1181481609310228480
1188456390727274504
1181631307396218880
1186687408378650624
1182741875024781312
1186639627962273792
1190328179849912328
1193642949957050369
1194237387188162560
1192153963333931010
1196505234941460481
1192878235740192768
1197613231646347265
1192436545506172929
1191458555712417792
1190471348008693760
1199097645182177285
1193726827300184065
1193968678053695488
1193788626192060417
1195081580533997568
1191741727239024645
1195505646512173058
1193801668036452352
1192540223483199488
1194099534038814722
1195027405477416960
1195935882647351296
1194697137587658752
1197682859827433477
1194029924807397376
1194613956456960001
1191942100096557056
1197596914549739525
1208799209434034179
1206037471571726336
1210053677207175168
1201858600420986880
1201146146351177731
1208755617743151105
1201155598408200192
1201142480240033794
1208043938008969216
1204890357499957248
1217919201924481024
1214226775213006850
1218226004315070470
1214765555984543745
1220362826239311873
1223248978520760321
1222902636627673089
1217122016874110976
1214607640829005824
1215994081077153792
1219821648284717056
1213702185323843584
1215658836809351175
1216983905762410496
1223339301985046529
1214227826095919110
1228405550951600129
1224345691700580352
1232539465593180161
1233607698031181824
1233760926563622913
1233140957840912394
1224786248230981633
1233875044939362304
1223845226772480000
1228793929346224128
1236117115293380608
1239287131568091137
1244810131142893569
1237528507971858432
1244750543853178882
1241183758058954753
1240056624104067074
1240720568841908226
1244730256017068032
1240038897847078918
1235603477952258048
1242170567605850112
1238204903522254882
1241786724763807744
1242884499731558402
1242884499731558402
1243243647887454208
1237459379697442816
1239988320144367619
1243613767826649094
1244736096019202048
1241118862340390912
1241466661049262081
1238522585438130176
1242502872178126848
1244989288187600896
1238070196205694976
1238083987081396224
1241163869642461185
1243214362086649856
1244359412950749184
1240292686575423490
1237651964860612609
1238664671697285120
1240790160830271496
1243539076080435202
1243669902365507587
1238498963130646534
1239943643474980865
1242223312144490497
1244289189174063104
1238206032935092224
1238566495594188803
1238605762689150981
1238644652275728384
1242270670035304450
1242341432049823745
1238208566303080451
1240742744160481280
1241803130930638848
1242211506021957633
1238963128219643904
1240725457487659008
1242274230995124225
1242591914190352390
1240000256391159814
1240019113088634880
1241156332247486464
1245053460686536706
1236276684229394433
1242572921576419328
1244248720562106370
1240015069800521733
1240539542354042880
1242209068254670850
1243251809998815239
1244303341963878401
1244742335595868160
1239961504343928832
1241190317824585728
1242141251312517123
1243335360517554176
1244264125854879744
1244798299040886789
1245050021650849793
1239028837918240775
1241619449804972032
1233911522788859906
1241131951232299008
1242119620284370944
1243669577705426949
1243879141415333894
1236708833575055360
1238830170519121920
1242478640383680512
1234376993333891072
1236094226015940609
1236123155619557382
1240829709170212864
1240829709170212864
1238992091633631237
1244738447480414209
1237989430683668480
1242118914940657665
1242912402712166401
1237040263878643712
1238527527209091078
1238550363587989505
1241624831092822016
1236009311383384064
1234630162265845761
1241249260512980992
1242517754114125826
1244311620412534784
1238013005624819718
1240531468847206402
1240827959478452224
1238193613609160704
1240626423171354625
1244000904304607233
1244269705390686208
1233913640933306368
1239991569266151426
1242944348976640000
1243185405782118401
1242949401917734915
1243590281934577664
1243633206441709580
1236039170000330752
1242507287484342278
1235036533679362049
1239594491209748480
1244737789003849728
1236041584422129671
1238562330662895616
1242531861303136256
1238233627256852480
1238137162434072576
1242556320299077633
1242902894220914690
1244725976619192320
1245460987618213888
1250587694385844224
1252599856952160257
1248262044517912576
1250163960072097792
1251605823392006144
1246848815765827586
1248634396447584256
1249819654408658944
1253685129639350272
1245172864631767042
1253773221587017728
1247581423269109762
1247920670933164032
1250806691022598144
1250832756646580224
1254953490239152129
1245118434662219776
1250916752315289601
1253422028301852676
1255144516987662342
1247610727868911617
1250844242613690368
1249781305170157570
1250120390359363584
1252253939807944705
1245894721576112128
1248624545629474818
1250540247550767105
1246525698724020224
1249390463288664064
1254528547525480448
1254528547525480448
1246248430491533319
1247266478908456963
1248263629993988097
1248060702625054725
1250914367211802626
1246702866569531394
1247582839924613122
1247178758483775488
1247663835340734464
1252434512979476487
1253858767789150208
1255051697992450048
1247975693889216514
1254499122414882816
1249125481833811968
1250985854912389120
1252269040665534466
1250668002166571014
1247614691460943872
1249082591577141248
1247594183067668480
1248324814345043968
1252738887664889856
1254233131135037441
1250064418114805761
1248366482716794881
1249326965741572097
1251214338104397825
1253392890513879040
1245378218493870086
1245525940647723008
1247173303875362820
1253440199503167488
1253747046206656512
1254152405308116994
1254152405308116994
1254574916646637569
1252397993921089536
1252628377900630019
1254938380552396800
1252369447907540998
1253050536053682185
1254783662979084290
1249357442888187907
1251616519626403843
1252295178196525056
1253672902106497025
1249734480358567938
1252146700702986240
1245518050100760576
1247894510262054913
1253755892169916419
1251310489235337218
1254207054023196672
1248768492674772993
1254581027747565569
1248530614913032192
1250279945160364037
1253670033718378503
1250923408117858304
1252641673848463360
1245176385938784262
1248001330787975169
1251975475775156224
1253095574045446144
1248322392172175366
1248671232452591617
1249772820239994880
1249772820239994880
1251191979259691009
1253764310888853505
1254910897103003649
1255056003323682816
1250929017802428418
1255617322850627584
1255193680492859393
1251347952985128960
1247527491897450502
1247868251448717313
1247868251448717313
1249086022698369025
1246946469879439366
1247971198924963840
1255157385963995137
1255958307157704706
1250766361929740294
1249751300515889156
1249774102031880193
1253076202874712065
1253449822167691264
1255195648493785088
1253730962497835009
1246766614374162439
1247624400226091009
1249759257211408387
1249830843478048769
1253130499008221188
1255961314486136835
1255961314486136835
1245328363755094016
1245143856351342592
1247287485400526848
1248666354237898753
1253739906213376006
1254543780700549120
1255568808984612869
1248372242427207681
1250914381170454528
1256198686931128320
1256727673281396736
1262269574180986881
1273057930938585093
1275477453905858560
1274424819912781824
1271667315180892162
1270415308927299584
1272710487373946882
1267924044105555968
1273433014962237441
1277992598695747584
1272092586686251009
1268280882907013120
1273748463902171137
1277655570065928198
1277708670512619520
1273238986455162890
1276222069617942528
1269045597119688705
1269641854879961089
1269641854879961089
1276366200780587009
1274563477965766657
1275046999906308096
1273624006906785796
1269160260679409664
1275964155758022658
1276328583338897408
1272672519938543617
1269163062482939905
1275917685122007052
1270703842011865089
1271630915475824641
1277734876398133249
1268752422165340160
1276095687281668096
1274426761808314368
1277602723064619009
1275970546266759171
1276119357597208577
1270891543402917889
1269892336466579456
1277005277158674433
1272893973053521933
1267949121853259777
1270483337107423233
1272775968852189189
1267289180436148225
1268886282899521544
1271104178262355968
1272631990978850816
1271488678813151233
1275946420948828160
1271872096310718464
1275152432134316034
1272311820645093377
1269974193988403201
1268985970558414854
1275944664864980992
1268622924224872451
1269854288697716736
1277777508566364160
1277758750120726529
1269009114736271361
1283374840725078022
1283141008365096963
1283141008365096963
1285367152778842112
1278261908773244928
1280335733526577153
1283841515857616902
1288549936431325184
1287737059587883009
1280148804201783296
1283603241658388480
1285337380824678401
1283079318537732097
1281335830406193154
1286082756389347328
1286437013412085760
1279188174107967488
1283526271985754117
1287441280457486336
1287519954028253190
1283073631011115009
1285533986735951873
1281228837066625024
1283897774082334720
1279912343988731904
1284036609533513729
1283134133703774221
1284197926777036801
1282009499616907264
1283077120747376640
1283077120747376640
1282042989926330368
1282477385594613760
1282477385594613760
1282575150622347264
1282713901617098755
1278396976481079297
1281969720623796226
1283048973847101442
1288641092527652864
1278688466994376705
1286715266974601216
1286028505705148416
1286742988572577793
1287045783779500032
1283008349961887744
1288143236024938497
1282118743267696642
1283838815388540931
1287045962687557633
1278866182146109440
1278328148673941504
1283052651186462721
1283124898077069314
1283444969588633602
1288273509442084865
1279710323549720582
1286662435647234049
1278717900900139008
1278717900900139008
1285352425814061057
1282031985871818752
1278602104949493760
1283763320068149253
1284868239554760706
1281708891672178689
1281834054854344707
1281834054854344707
1283076308482904065
1282072173897818117
1282083376707571714
1281943828199542785
1278720094516977664
1282055474381312005
1278099798911062016
1278457111643451392
1287190905309536257
1288258804438700033
1281959653279256582
1278395119834718208
1278395119834718208
1282038268675207169
1282102375679963139
1281665645336080384
1288164819946942465
1298896147130363904
1291222226235207681
1289651150388629504
1290747349342523393
1293577990929031168
1298703326205431809
1291028212483489792
1296191224848711704
1290427155835424769
1293562891191365633
1289681041091780611
1292679237686591490
1294370896623304705
1298747065657438209
1298709019113091074
1291873941552758786
1295376036407005184
1290464628070375429
1298749312122454016
1290105105794994176
1290706959398731776
1297989138096914432
1290368272341245953
1295528990095159298
1289594227882524674
1294244950071291904
1298015730517123072
1295323943163789312
1290734095073521664
1297564257282711552
1300301642500317184
1294023767379922945
1300119185159344129
1293613602444906499
1289729391757414401
1298322761463537664
1290337371221884929
1294671452374007809
1294826154789089288
1289909486698692608
1298749564355149827
1291758499030941696
1292847005329498114
1295779444595003403
1293634133579751424
1290672215105646592
1291253190789226497
1289897742710448128
1293330111660535813
1291152498129022976
1294215699326533632
1290437297981325312
1293550188779515905
1294102169893793794
1291790745997778944
1296611510567960578
1296611510567960578
1292093208260947968
1294142172233523201
1298722808671768578
1299133382002081792
1290356033358106630
1300507615307468800
1299484671764381696
1296668363117285378
1303064279550222338
1311377658484146176
1303418308159561728
1309947294477762560
1302529614837813249
1305892595185446920
1304782186747490305
1303726990265126913
1304210901969625088
1304805630562177028
1305564744166846464
1304861194872860672
1305879336629698560
1305879336629698560
1301149391449882635
1307795697723494407
1311117149478383616
1304223507836960769
1308858773411434508
1304186150710579201
1308817864590204928
1309476611188817921
1305217645227188225
1306673249959522312
1300912388682604544
1304081885912498176
1307091750880714754
1305696480859058176
1309783332255870976
1306318711314411521
1307871249708855296
1303729403868983296
1310676916148420610
1300921321530912768
1302491958368112640
1316422416747372544
1320794827177357312
1313826133805133831
1316420537321742337
1312149062313885696
1311757821839581184
1315760220845604872
1316332022386880512
1311982141580992512
1313192723239796736
1315429920592461824
1313896677410050052
1320978177099923456
1312751401311907847
1316070996600815617
1314300539891585024
1312155790241746944
1316985103210278912
1322328197720059909
1313840031212212232
1314314510145146880
1316425282904035329
1318921680459337728
1315737287553056768
1320887953422458882
1321674177556852736
1312187102642266113
1321572466750271495
1315485299779137536
1313243998270750722
1321785337346228224
1313644563593035776
1318371608772464641
1316742622107643910
1322187485636661248
1318873809877950464
1318919839159885826
1321504255094804485
1317088465788542976
1315371447372709888
1317057905544351745
1318950946764894211
1313614363371151361
1313251765807087619
1314671864875159553
1319758632867647488
1315487864843632641
1327018201318785024
1322959416606494720
1332791210017173505
1324384172165779457
1324129417807994880
1324452963734138880
1324870449248034818
1329152250623750156
1323422098027544576
1327068668749078529
1323431148681191425
1330977993427099648
1326042849507483649
1326042849507483649
1323612210556473344
1333164651866173459
1323130584865144834
1324060222978142213
1330899916424613888
1331657749483167746
1324452962542997505
1328422934784978944
1329820277883039744
1323290312350044165
1329581443404750848
1333211019229888513
1331085132728578049
1324094117157195778
1326971509852819458
1325968392407425025
1332712148720644100
1333544528045805576
1325792759572262913
1327013056182956035
1327253392729677824
1327987624674537473
1329089239594668037
1333209659277238278
1331382915712729090
1326957316831211520
1327751646710018048
1327751646710018048
1326398299973316610
1336794757935357954
1343925625292132352
1340306020657221638
1339740074825564160
1339415314052784130
1335094345029062656
1340002211326136320
1334163072357953539
1336409801656586240
1338150915937873921
1339413517909196800
1341071302430486530
1338806234015789057
1341623506061148160
1334194388889604097
1344765285962838020
1343390023425658880
1337532616820445184
1342968436469673985
1344467076384174081
1334677768018259968
1339318404663087104
1340484579422027776
1339597390316150785
1343768959649259523
1334520397694427144
1341631999535177732
1344728415081963520
1339707581564997634
1342143138354356226
1339626312391114758
1334450600302403587
1341235151246819328
1344358351434465280
1340256577471836161
1340417382322294785
1339691852912537600
1335048783541858304
1336426532059934722
1335258882881548291
1333891464384962561
1343270424713564161
1338714581665869827
1340870146169061376
1335072716236357638
1336776605155221504
1337807273511460869
1338375462209273857
1338375462209273857
1256198686931128320
1256727673281396736
1262269574180986881
1266226040696905728
1257967487825719298
1257351113898176512
1263481240184905729
1257437360486330368
1263918268617592832
1257450321779011585
1263620589895335937
1258533469828726785
1260019360581726208
1257784028834349057
1258875015912665101
1255980499220279301
1263119917651562496
1264570911979700224
1264570911979700224
1263483534506962950
1263104658085576711
1263287278773755904
1258160405400236032
1260366900434960392
1263956464558723072
1262554823280390145
1259304975890432004
1262891286954160134
1256351766423261184
1261484226874130433
1258144422837063680
1257414112323284995
1263657482284457984
1265735601078353920
1262798953780674566
1256574039360974848
1258046136310476800
1257079671101022209
1257801200453529602
1258843768947695619
1262220161140043776
1264186898555207680
1260354315224403968
1263159612624171009
1265713850244042752
1261265729762086912
1260129336960659458
1262008122203389952
1260578043598376964
1260916129620508672
1264315169565478915
1257824791748370435
1256575887966982144
1258866068459847686
1263701829067722752
1256229388128890880
1265662841719328768
1256044505217863680
1264550099037966339
1262387508316377090
1263824556524998658
1256322385340297219
1263293062744166401
1263810727942524928
1257345623537352706
1260955532518666242
1256267163108691969
1263654563846008832
1256000563482943491
1258857468794470400
1256357751686598656
1265365809985093632
1263499195496853504
1263719753463418881
1256599337251090438
1265326235242110993
1258409080445636608
1264939636822028289
1264181492890120194
1259597591513387011
1261017933842710528
1262892768734711809
1261362894341500933
