1181606022760325120
1179852393699332096
1185967931131191296
1185373028173012994
1186557743039008771
1183772826450485248
1180070054278205440
1181044043737812992
1186743275861864453
1189506939757236224
1188727097591648256
1180338755762376704
1181177520072413184
1187853843465416704
1185282651311108096
1184247759009959937
1189840685404499968
1182105535258271745
1189258618480267266
1189893281972244482
1184198314671120384
1180424892371460096
1187054134257537026
1181495195013124096
1188437691018481664
1187814995146563584
1188616055310053376
1179642562535186432
1181358546497265664
1187643976658145280
1179783291504857093
1180062504556343296
1189835389806292992
1186474756499001345
1189805964318453760
1187770974181027841
1185929049933172737
1186922708509921280
1179206239126990851
1179957392840085504
1182581855226339328
1179775435187654657
1187455416185348102
1185147512706830337
1187325094688952321
1187963092929409025
1189793983641337856
1183416220391038978
1188635789506170886
1184266361184440320
1181361168503508993
1182715659454746625
1189084750008459264
1187000732643291136
1187629828654161920
1182732850203971584
1194810939926831104
1196850304223985664
1195307960819421185
1198037445952061440
1190371145041793028
1190297696868847617
1191102751549329408
1200247648835366913
1192701391279656960
1198300363499003904
1193974417078050816
1194990871449493505
1195553316752830464
1198129049341575168
1198373902243827712
1200063295069097984
1193142200055369729
1194782750147895297
1195376556136419330
1199798325630787584
1191246196557283330
1192991671950225409
1196446714325958656
1200177547566182400
1193971655632179206
1195005970692198401
1199740993689575424
1192394298878238720
1199827304081289216
1196837531779768320
1207211395391115264
1207634595207880704
1203683148065697802
1205503643044208640
1210430995331264512
1205525998181076992
1206959155979804672
1207425885537738754
1206670959794642946
1210220383883927553
1210611912431587330
1210783684229386240
1209250330552283137
1203769224226693126
1207609267219566592
1210484211037212674
1210966136373882880
1209411469340790784
1209761210759028736
1211565083693740032
1204181163612528640
1206908539110936576
1204481007329726471
1207694174587379712
1206705059054194689
1205595749515350016
1208464037018648577
1205533616899538945
1206641856899174400
1210067680503443456
1200985622153965570
1209532357293805570
1202174455826567168
1208892997301161984
1210180937755090945
1201147030174720000
1211283225705730049
1201427297414324225
1209078448091615235
1208530298666962944
1211786542265634821
1201396940614840320
1212098764321767432
1206692476175519744
1203550411585720321
1206455414084263937
1205533338531848192
1203381154625282050
1201603329966694400
1202611586344468480
1204746922038198274
1216593664270532610
1220129767917150209
1220353535776346113
1213246581274796033
1218390079619698689
1220555573638451200
1217919956819439616
1218012566917500928
1220880550073978880
1219324964827992066
1220532924229005314
1220910916859985920
1218312795474644993
1220350579697950720
1215689761534496768
1219172126202179584
1222295549791154183
1222296429017747458
1214851762365984768
1219405883127427074
1221172853250428934
1221827313572052992
1222754013533364224
1223255111637643265
1216793016108797955
1219543032665726978
1222938418226712576
1215322557114699778
1216756792480477184
1217744551193927681
1218455349000384512
1221250277967183872
1221956061894070272
1221525716199587840
1221607388375064576
1220999939481899010
1216404722845978624
1217894700583178241
1221409954395054080
1221667938375213056
1222817302590128129
1214220077467389960
1213324389808267264
1220391269865705472
1222817509029613568
1218770923957805057
1215035450362077185
1221214017852715008
1221350735192956929
1212211844598775810
1217446341493678082
1220143606830379010
1222670545512206336
1218071796148252672
1213472004071940096
1216190561360609280
1217491049125437440
1218127434094186496
1222982202876661761
1216968391262523393
1218067931801612289
1221241273304145920
1221608763192487936
1221852196033245184
1217509353072287745
1219731751196659713
1214768692321562624
1220863855947141120
1220363743197986816
1220893649225101313
1215730804610846720
1218424583751114752
1222996298514739202
1212989720063381505
1214650525200867329
1218897335381565441
1221354363832041473
1221907487948972033
1219780932376387586
1219916522879102976
1219546927403913217
1220338398554140673
1217023516421259264
1217821505788182528
1219187045328773120
1212835705417850882
1222713318319837185
1221944837961809921
1220794193578061824
1221586114063912962
1221964190035869696
1216858976496836614
1222441752235257857
1212816830957379585
1216948556252082176
1218286874675953664
1222328506098446337
1217886713193910272
1218222451856822272
1221213659881492480
1223366980222189569
1216573081998643200
1217706837673422849
1220101481455587329
1223047997119795200
1220333553310932994
1221176162849681408
1213389605103271936
1218174886771937282
1219636823946858496
1222744955975806976
1221060872061308929
1221131881456029696
1221613798299095041
1221351489089736704
1222411013175169024
1223462226125656064
1227255217344991232
1226050371782610944
1233104792777523200
1224228921694011394
1224534038620168192
1225584462848778240
1226488937805279233
1230891932424884225
1225907060816175110
1233104937170751488
1233169970173022208
1224686291918319616
1226068147309989888
1233383296362405890
1230979297453772801
1226526165797625861
1231348028763668485
1233211757692366849
1224336990327492610
1228327926925381632
1229699575629271041
1231056661386801152
1232319857351258116
1233658416117276672
1226259648484868097
1228504198922166272
1226183672878907393
1228799897475964928
1231752603547131904
1233859781871403008
1223760415282421760
1226910299040763905
1232018012649054210
1228718110422618114
1228806188936110086
1233712905750818816
1225845613801201664
1226044837213831169
1227394377401630722
1231962621060042757
1231682642661249024
1232184702494179328
1233816248095576065
1226886036862709760
1229471948494622720
1231886245565009923
1232905158838947840
1224422975346282498
1228472043194089473
1231403050281193478
1228895159221252096
1233146242672340993
1225632306431311874
1227889982116974592
1226919425108037632
1228927452174569472
1231760656694558720
1232860920977612800
1233537135032094721
1232813079869739012
1227998112008089601
1228233578594500614
1232270972650213377
1227751396759547905
1228082561412300801
1228174527143673856
1232283776350408708
1232913251517599744
1231522187661762560
1233855734389125122
1231123961364258817
1232543313850519552
1228089187133460487
1231945181840236545
1233333520715722752
1224453256744599552
1226208419385892864
1233279414609248256
1225576910450823174
1233189976684232705
1227911583528931329
1229215146490368000
1223929303882194954
1232443247940648960
1232682085950857218
1233155889579864064
1233837820478984193
1235642633688469504
1236850429159526401
1238683774784638978
1239220142455902208
1240360553123655686
1240767757001482240
1242780519307390976
1244761322543124480
1239385902771654657
1240931082989699073
1241043570548707329
1242071095022247936
1242800921244909568
1244213964604616706
1244221514335113217
1244593995419996160
1244758245480292353
1245080417473945600
1236952841987784704
1239199674214440960
1239912565209206784
1240912218016882688
1242850770715738114
1243869869856231424
1236572362205691905
1236856736297783296
1239169475204661248
1239923491367006210
1241374927149817859
1241450595501867009
1241783051186851841
1242108843754127360
1242186857493835789
1242770020821852160
1242840554171326465
1235190664125698049
1236602307233681408
1236730288052621315
1238121354102059008
1238495557359792128
1239609420532912128
1239695363134627841
1239990669223112705
1242322987728228352
1242373502600167426
1242788572417200128
1242912328343003141
1242984614190182401
1243472395161214978
1243746536980439041
1243948465261907969
1244444232728940546
1237888283184635904
1239029512177766400
1239777727068033024
1239896232367095809
1240231740532129794
1243497210320486402
1244238549362388992
1244309595050233856
1234796809022775296
1237719313290674183
1238537813429190656
1240848920088993792
1241343802612187136
1241639737624080390
1242405548667990016
1243880825332158464
1243937669299781632
1244268547016134658
1235553398151208960
1238347150272212992
1239426418263515136
1240911304480772096
1241290211717513216
1242104250022404096
1243300365774327814
1235326653909192704
1242104286420623361
1242106327251456000
1242422461003706368
1243757229293146112
1243875606451929089
1244172944592351233
1244175722643705856
1245059562530455552
1245090229184315393
1237548796331974658
1237561120941936640
1238192537912795136
1238524496325349376
1239530803593465857
1240169816666730503
1240267096585465857
1242715591473061888
1244762446641889280
1245079431833686017
1234773833963507712
1237134203709317121
1239873866752802817
1244206233286041601
1244830990624686081
1245053121858076672
1237107879364177926
1238054299797794817
1239989883357114368
1240101869176922113
1240154717495406592
1240885784468574210
1241913583753023489
1243323094787391488
1243998797270786049
1244333106217222144
1244692534166728705
1235624992458575873
1238019648865484800
1238561972318171136
1239162566590386177
1241040000558469121
1241099549026013186
1242994681933443072
1243642114128384007
1244983066281607169
1239562721227689985
1239872251576627203
1241761555147968512
1242826069545062400
1243224836437979136
1243533229379837955
1244738623674765315
1235780534044942338
1236302087337791489
1238339254654124032
1239994411162800128
1240217632235589632
1240238229472915457
1240249740324937729
1240464257105313793
1240911493203472384
1242624354715754496
1243914842785886209
1235380581992730624
1236730906896785408
1238316605450457088
1239944585448652814
1241136687649980418
1241519963241840642
1241960190318194689
1242000766539198465
1243528196177494016
1243630621206798336
1236630245874245632
1238598240095875074
1239533121499885570
1242380141335965697
1242526589604302848
1242613166682578946
1243626751403511808
1243929212408471552
1244281532048695296
1234968273504088064
1239373318496505856
1239818501902209024
1241708789298008064
1241823878579617793
1243311910407114752
1244031512468754432
1244199651412066304
1234823337735577601
1236247766931734529
1236370783930208256
1238438182120800257
1239171991837577216
1239526726197055490
1240278502588452864
1241333737834463234
1241498113996718081
1241522480553971712
1242494575148761090
1242719757041836033
1243682984454168576
1238457284226879495
1240099352653123586
1241660891940052992
1241778208506347520
1242031842137526272
1235734286738886657
1238584447223705600
1240984069850066944
1241635216155869187
1241776577177882627
1242683433396076545
1243017329656528896
1244273453588414464
1234911417985163265
1235923335869054978
1239521320523743237
1239620796827516930
1239714315545882624
1240756180772892672
1240837969415634945
1240963601835450368
1241110729954078720
1241112528547004416
1241311087515119617
1242134141073862656
1242162556850094080
1243807383257743360
1244220772425465856
1238255274047258624
1238865780172886023
1239664977717460996
1240020081117204486
1240080446416982019
1241361418642845702
1241587911046377476
1241974493448253443
1242025796488671234
1242054000674914305
1242568623136202752
1243530778824388608
1244208931481714688
1244651933606064128
1235950159223193600
1236091310978686976
1238450502112669696
1241569752218206209
1241811886875660288
1242041061247275008
1242521563104022529
1243798174692712449
1244249675395469312
1244653108430540808
1233977765877043200
1234289822082068482
1236061747804393472
1238620354681212939
1240058332297060353
1241283605395116037
1242385150643769344
1242785984833400832
1243631330556104705
1243644476570165257
1243883034107150337
1244766926800334848
1235156863966228481
1236522030658252802
1239262536178061312
1239920651881889798
1241340693311700995
1241341048674078721
1242281003827200000
1235217964615360512
1238348817755299841
1238477415401369600
1238621866891161600
1239493503903809537
1240830419840290817
1241387190556471296
1241988047572328448
1242404192733536258
1242476487023816710
1242619709876559873
1242622226278604803
1243515613022126081
1243539287200710658
1244771136153452544
1244790010475241473
1236220504236752897
1238130416638464002
1241736389361692674
1242411405678182400
1243253888779763713
1243402116556656643
1243713716123811841
1244883375799877633
1245031752223076352
1237175874094596102
1239438749446135811
1239509761034338304
1239682085130035201
1239986879883329538
1240002143379173378
1240182399763230720
1240451344521191424
1241013023785000961
1241020243004325888
1241631112423669760
1242718781773877249
1242918840981278720
1243862902504734720
1244109526468571141
1244334760664547328
1235023154247950337
1235869292542881793
1239050522465730561
1240049020770201601
1240286519069495298
1240596377870069761
1240951372658311170
1241347150338043911
1241681026558103555
1243854053995618304
1243926082123739136
1244969323158011904
1245108358119596035
1235173022190854145
1240149684275970048
1241183999688572932
1241470050047049731
1242272421383507970
1243762128936452097
1244696701111357441
1244984942565695488
1240320816916697089
1240615770721116160
1241375479665430528
1242859188566536197
1243118244623417348
1243461038650998784
1239635664884379650
1239848686651392000
1239929964063084550
1240853515351863296
1241293111961079808
1241648308826918912
1242194409179013125
1242251030403747842
1243732039532195840
1243742105731837959
1243752804696707073
1244874943495581698
1245035924318289920
1234643418107629568
1238377003381858304
1238881326826020866
1239541119203098628
1240875718101405697
1241050794331422721
1241210007334445056
1241634482060283907
1241782079735513089
1242884548364587009
1243251700208734209
1244256746752876545
1244366217961496580
1244502113549291520
1245102678126014466
1238230101340360710
1241727251797798912
1242103959013056514
1244471914388652033
1245042946119847936
1240886104225701889
1241081704841961478
1242133425059958786
1242594487068737537
1242806188758011907
1242834694699352065
1235672034476204032
1239159788279300096
1240779695605649414
1241166383397908480
1241549910622666753
1241574793041678336
1241821953226391552
1241907517879353344
1243822751959453696
1244662201031495689
1234788543400235010
1235590895266869253
1237913381023223815
1238037264871145473
1238175032804859905
1238182245426294784
1239716831935381505
1240981374519128070
1241159085258571778
1241853080745971713
1242163735994806277
1235802287978819584
1238702296000860160
1239959287671250951
1240032160192565248
1240687969419182080
1242269453682786305
1242358236780490753
1243289726511013888
1243750173005635584
1245039403749249025
1245052532206055431
1238140194949189698
1238920584978927617
1239556892944449536
1240706274825662464
1240748628383338499
1242229922858283010
1242841388091351040
1243513096674717701
1243698138847891457
1244563769566642176
1244775665892638720
1239248747688873990
1240382599085858817
1240585169934966784
1240695454808985601
1241439434475581440
1242553917579419649
1243064605934522368
1243417858316484608
1243783207335624704
1244112043667361792
1244143560972103681
1244452449924112384
1234825362107965440
1235363662145126400
1235646008358404096
1238358902011379712
1240330703293775873
1241256980276224001
1241540886292381697
1241732943481122817
1242048459978539008
1242114390893223938
1243184774753267713
1243663204116582402
1243995863715737602
1244317834290790400
1237666960302690306
1239526830081593345
1239903371299041282
1240967203144466433
1241879834638397442
1243910716547096576
1234936086431924227
1236989055604338688
1237209057577975808
1241513078400876546
1242432884738318336
1242639546472431623
1242724649223544832
1242753027569627136
1243269635778150403
1243767605543882753
1243982008969199617
1244218998176112640
1244489530964500480
1244860726516174848
1234673777570500609
1236192358313664512
1237236739975942150
1240520880125550599
1241249430629568513
1241266028560211969
1242227561091956737
1242608888572260352
1243221943869935622
1243924772960026625
1244122109359448064
1244388646591004673
1238673708564144128
1239187091788988416
1242146369021849602
1242637325986721792
1244525032908316672
1239299868948082690
1240166290691678209
1241318637161418752
1243479534000918528
1243666014296039429
1244643042440531972
1245012616558280713
1235013087721189376
1235150503425626114
1235861112584724484
1236680575500423168
1237312237376638976
1237571445577768966
1239674051896971271
1240327103675015168
1240476839950397441
1242818520024571910
1242868566560563201
1243248855451226112
1243883858061398016
1244264296584032262
1245015275742941184
1235017711782109185
1236416334285725698
1236433950626713600
1238515163919253506
1238614820519178241
1239773594990903296
1240311112148619266
1240599152523988992
1240807770678530055
1243410168165138432
1244175019963322374
1244991949574230017
1244999138636206080
1234742807098621952
1235361588053446657
1238548233590317057
1239134243432755200
1239957440055119872
1241021680056590336
1241056800708923392
1241097939939885058
1241101196409974784
1241792859117891584
1242120589940310016
1242236243418714112
1242685299873939456
1244938653085970433
1244950485846700032
1245608073508487171
1245738558314479616
1245833889018458116
1247566947702558720
1247828936492531713
1247946056534548480
1248625565617156100
1249087327470641152
1249976938417946624
1250082720606289920
1250591883924922368
1250700455958593537
1252959140844122112
1253237717997158400
1245485176207093761
1246125455847153667
1247084544014135296
1250125049522040844
1250408045001269249
1250561731660840960
1251289287632379904
1251960185851187202
1253396075244896257
1253610641971011585
1253786565899362306
1254298340650557440
1245487355580080129
1246301470741446656
1246730127242940416
1246935713326694400
1247539014199939072
1248559095981932544
1249646007698284544
1252431864448659456
1253758038097498112
1255796233953837065
1245195431954563072
1247396183074467842
1248250619254550528
1249064677952196608
1250289032606539777
1250329770555928576
1250359295612538880
1251225466779963393
1246414759039250432
1247021212485562368
1247196343208235009
1248741730297487362
1249605742618791937
1250413706288103426
1251608952321654784
1255434584268910594
1255879633817473024
1255884919429005313
1246052656734445569
1246157269802397703
1246968364116762624
1247124269395476480
1247281115431387136
1247540395057098753
1248211557701398529
1248456756721668099
1248575387468267520
1249282665573990400
1251387245598109697
1251628216772681728
1251805738927677440
1254104672261992450
1255149284632059905
1255683289035051010
1245720140571787266
1245730205848797184
1247320937378299913
1247336810453360641
1247480788301631488
1247882346763702274
1251264591574765568
1251993979220045825
1252548396713259010
1255727832530972672
1245582014297698308
1246067840530120704
1248489701629018118
1251260395420966913
1251671496533082120
1252004045549518850
1252087092747939841
1252940214202482688
1253734487239921664
1246054844823044097
1246860152571072512
1247966441002938375
1247994878073516037
1248085112031338496
1248796759578550272
1251759685243473922
1252144975304949761
1247008629460353024
1247811542713692160
1248430500634488842
1251017464135237633
1251116292750311429
1252517979096526848
1252945253323034627
1252974886156460035
1253404550653829121
1254228705683165184
1255419367149449217
1247381528838991873
1247874585548034048
1248029126730137601
1248222991391039488
1249270281203585026
1253232139174318080
1253828064385138695
1255793978940837888
1246397099975073793
1247952158684823557
1249926606874742786
1250339459293310977
1251656757249585152
1254632615837085703
1255414666714656768
1255848125396369410
1245427097704660993
1246262385893146625
1247104639314558978
1247444755346272262
1250854936704884748
1252906531559026688
1252973745909751809
1254813657013329920
1247891199374929926
1248428852008771584
1250014250103451648
1250101184003624961
1251317018487373825
1253491345735340032
1255652886345908227
1245985783162388481
1246057361292374016
1246193066819665927
1246286371783761922
1246750179669225472
1247343335519531015
1247579893766000643
1247791538345611266
1248249570691125256
1250577912698306561
1251173573584093184
1251180978548195328
1252740558788812800
1252838924789014529
1253052207995518977
1253321202594013185
1253684927268298753
1253691049098088448
1253745522395021313
1254534466766286848
1255873047824936968
1245213955297095681
1246380014196658176
1250162672919883776
1250582783103242241
1252288421344579584
1253420504112787462
1253662110258618368
1248877919373533184
1249883824890220544
1251860111984746498
1252896174295711744
1253735784261332999
1254821689218732039
1254835508510961666
1255900899739701248
1245148623408484352
1245540203810271232
1245585390708215809
1245616303815049220
1245882207173931012
1247459057994260480
1248202158266343425
1248489497441923074
1248908373787017216
1249326653743890433
1250040832066912256
1251218871794597889
1251956230400008194
1245445328460853249
1247127774701158401
1247237246060814338
1247243470416359425
1247976255363805190
1249656282178564096
1249759004235972608
1249940226765664262
1250427181995421697
1252774188714201089
1252914995442200576
1253501412031504385
1255129640772960256
1245132014019153921
1245489567643435008
1245604124726644736
1245835408983773184
1246092593726808066
1247228363938377728
1248092929488347136
1248956716043010052
1250646349374201856
1250753304214331392
1250842764742443010
1251135467069812742
1251235822852091905
1251422966593847299
1251608942943313922
1253266598472945664
1255192968056770560
1246404236054859776
1246595295267487744
1246748437669761024
1249000802087325699
1246549819138527232
1246590876685565957
1249960580753940482
1251134193050025985
1251579273443512322
1251875699805151232
1252651702450221058
1245934263519694855
1246069944372146177
1246394304278540290
1247240154923687936
1248476088252026882
1249677584394326016
1250510574036885506
1251505646630928387
1252342526155071488
1253073682974617600
1253114246092582912
1253472974658658304
1253781014897287170
1246164077522665473
1249565353673400322
1249672724781432832
1249911507481067520
1250502293621026820
1251142507980664836
1252716752393437186
1254898367085322241
1255966666422284288
1246784600937877510
1248153422810898432
1249017113936887810
1251190038504693765
1252832002002137090
1254835251320426505
1245828531629592576
1246872734111395840
1247469164161310725
1247985818578255874
1248562558019293189
1249230920436944897
1250289759831777281
1254807021049823235
1255069208758665216
1249409026624012289
1252882468836798464
1253421027108941825
1254279036022468608
1255557997268537359
1245462882633969664
1247332513652961280
1248776277047328768
1251887795527811072
1252192789518970880
1253293595873943552
1253949363728064512
1254815530726363140
1245135899760955394
1247781222102650881
1248537702598873088
1248656992610193410
1248724974069743617
1248973353886588931
1250044225263210501
1255557461710381060
1246422000412667904
1247908067913555970
1247925694916472833
1248183873424568321
1248616725685383168
1251677256302374913
1254357301743493122
1254938382502817792
1255328725366964224
1245363803879071745
1245874909231939584
1248468292945108992
1250164614370918401
1251193472981307398
1251501183866269696
1254558376672899073
1245192915292319744
1247961369640611840
1249497501356433408
1249587409144041472
1251970638920769537
1252479981764186112
1254183407883444226
1254859047913746432
1255066065471758336
1245997738694672385
1246452665715961856
1247050041656668161
1247568415105171456
1249234561029902336
1249498814769070080
1250861094903713792
1251029876397637632
1253912101808148481
1246095110200340480
1246470080818536449
1246477630829780992
1246840605961003010
1247259168295305218
1247327732280840194
1247564179025747968
1250290158299037700
1252155292181098496
1253427676544565251
1246318272451993600
1247174432763908096
1247350884750594049
1247588820997926912
1250793214723993600
1252321525216272384
1253006904189648896
1253443025017229317
1254586231993839616
1247371017351122944
1250772364826079232
1251725594812796929
1253941765507145728
1246826947323121664
1247913141356220417
1249299024689184768
1251708793525862404
1251898027448532992
1252779188324651008
1253478366201643011
1255124836613066752
1255593498386018309
1255879463331561473
1245446125919797251
1245506247043895296
1246666374258163712
1246885961688068099
1248289416566779906
1248843385491935232
1249202093803671553
1246023613762936833
1247207441303035908
1247573906053050370
1248479703758856193
1252195357964087296
1253038327613263873
1253702130923339776
1255534812485410816
1245353366022000640
1245742559458021378
1246192250167496704
1246270890171674630
1246315033967149057
1247428323720007682
1250214765672071169
1251148456078372864
1251875068457730049
1254064134900953088
1254342850025644032
1255131847240986624
1247036311866875904
1247360950941999106
1247639493445931010
1249608260669317122
1249893891173580801
1250876560187539457
1251821387360219141
1252352592165785603
1254716921519304704
1254841181252587520
1255164873727709184
1255411346029543424
1247445598078369792
1247759266926096388
1249012342626627584
1250021888044212228
1250418598717329408
1253747257989648386
1254666474112692224
1255058924966797315
1246098915700637696
1246135244052463621
1246464311326732288
1250004228908535809
1251573709950849024
1252273472702566400
1253374603335831552
1253913013549072390
1255242705237663744
1255710971366125570
1245137181867421696
1245832468516782082
1245977744455974916
1247289736038961152
1249190680225878017
1250008859890061312
1250063426791055363
1251215413549109252
1252102366062694401
1252953349265035266
1254832845379432448
1246182938674225153
1250194874554433536
1251287958050627584
1251664380426682375
1251847796954550274
1254601158485618688
1246443953748168704
1246788094805725187
1247195751798542342
1247938926389714944
1249922171872464896
1252500146451079170
1254764427901091840
1247027610548178945
1247073034802003971
1247301012030963715
1248006706086346752
1249188115564068866
1249990806632448000
1250238663021264897
1250460228946219011
1250675243678482432
1250859000616357890
1251425483201404928
1252984012945018880
1253847190482628610
1246633681499947011
1247851181193474048
1248612721920077827
1249873845122748416
1250240615394181121
1250457392153755648
1251310878449778689
1251715564185292802
1251754272854880256
1254042457571983360
1255144360527593477
1255207655070547968
1245134278930755586
1246417232592158724
1246696573087686656
1247456289392865280
1247479294919614464
1248896066134528000
1250651382656299009
1254500497131790339
1246923065746952197
1249344264066252800
1250416804087775232
1250525301840330752
1252040028387250179
1252759067963068419
1253669292228239360
1254460230106259459
1261172546273247232
1261983110595477505
1264247219248488455
1265188420701298691
1266677249492652037
1262338127961763842
1258183193745920006
1260691432420937728
1262760641988661254
1258376164034347010
1262097220305924096
1262373623379050497
1256701073374490629
1261138574574972929
1263374216482586624
1266416596458840065
1259352744814694404
1262372392036270087
1257392048744697856
1257947694913519616
1259955634046488577
1262461990473269249
1270546224576442369
1273100555955638279
1276399795444252673
1274918534817120256
1272763334480113665
1273158385396076547
1268958512979128320
1273343698340888577
1272619636782055425
1274262736344502272
1273029277118758912
1274666228418838529
1272684714839728129
1275947672176910336
1277706004105506821
1277746418585726976
1269288283420450824
1271203566217072640
1271371933980872706
1268057324603744256
1276658923320291330
1277263470879277056
1273646657763192837
1268832432146571265
1270486858707992576
1275352900554969088
1276397278639489025
1277894645393940481
1273860563760820224
1276812514861424640
1267365359734206464
1268037191839686662
1269962652018601985
1271037360634019841
1273842949428781060
1269227535558115335
1271938973141577728
1267364006257242118
1270720882810339331
1270727418928607233
1268443620023193602
1273216318716534787
1273551659243843589
1274401630750900224
1277426560979648514
1273892021137104896
1274360132671926272
1268440646324572161
1271161144288436225
1276607297762910208
1277071722940780545
1277577052581818369
1271051539474518016
1275962557761753088
1268901153351352324
1272043718523133952
1268539218466426882
1267493142288306178
1273365908728225792
1275542836033847301
1271421995318521856
1275560844097515520
1271147992653987840
1269607540691787776
1273374936716005378
1269123622255439872
1273690775885434888
1268039708619214849
1271700750608064513
1272936627460079619
1272397558745231360
1276270191265976320
1273674336738533376
1272891686406897664
1277468449741115393
1269957344445644801
1274766543558148096
1277577566098874369
1269043177459265537
1273689436274950145
1269166885846896640
1273739264405065728
1270967828464664576
1267508709829292033
1277103886327844864
1272783466317246465
1275831551184396289
1277852064551448576
1270656343742046208
1270853251512983552
1272161004185505792
1277183976386572288
1271394313029554177
1271681048913547270
1272670975298076673
1269109256931991552
1270677087054000128
1276319266782887937
1270756056394678272
1269806702024589319
1274105487689224192
1274707055761293312
1269810918873075723
1274912494994305024
1275128921386651648
1275937647760990210
1275678794486071301
1269745951565950976
1273342750092439552
1273201967511134218
1268511253313585152
1268539026266521607
1277730060804464642
1269416805287649280
1274212484422029314
1275969459765882887
1269323417242624001
1272232579975057409
1277958329210408960
1277272355019149313
1268993985395200006
1269506013939421185
1268549315011792897
1269491430327832578
1273919703887601664
1276453744310235137
1277260466729947136
1271346497842446337
1272773399966875649
1273755045201412096
1273020780314419202
1271591361440026624
1273465701752164353
1274770830698991623
1269257245591654400
1272496170997170178
1276339397336670210
1272390390671224832
1275020668082544643
1273225881666740224
1267488577040060420
1271753061971578880
1269206926530883584
1270992764692508673
1275431917941166082
1274474211877289984
1275053765301862406
1276747083912032256
1277729064380293121
1271072192227356673
1269536994339835904
1271403261203898368
1278954126366269441
1288670652950405121
1281865829840236544
1278604056127311872
1278624065780137985
1283485736394616832
1285805901375471616
1278213999604072448
1281204187943108612
1282641304657305601
1284239704695554048
1285874222393245696
1278465885410336769
1279446118724710401
1284280790747156480
1288036247680610304
1287636336023748609
1278687903409979394
1281345439426654213
1284543456056979456
1285476425152241664
1288231656101273603
1289244458907652096
1279427747245416448
1280818928420175873
1281366104456278016
1283427986851717123
1286877621549068289
1278548956746678272
1278969226280091648
1280608779885621248
1281824288752848897
1287770082316353537
1286028946065293318
1282198001168068609
1282593383286890498
1283702182190223360
1288919700827705344
1284771304986554370
1286990832386613248
1278753050115534848
1282929246357188608
1285986967763611648
1280176213873565697
1288201989642485761
1281111089107828737
1282943657298087936
1286280667223875585
1281087181709348867
1285280841610846209
1285953692844384262
1286146518827794435
1281144221878099968
1283481270648033280
1280831497159802881
1288910984795639808
1284265237034696705
1286161275328897024
1286416436848541696
1286597238903341056
1286888539301597184
1278817259763326976
1283770867701420032
1278569091184418816
1281001869595168768
1287082939138932736
1280802188969652225
1281242989365346304
1281685765257261057
1280369704029360131
1281138784550244352
1287842444084539393
1284080406632030208
1285738129819934720
1282654761070800897
1282267095779078146
1283824433681989633
1283898470307266564
1283151157226024965
1286237633677365250
1288476874251804672
1280770312402059264
1286213264750325765
1288243838906175494
1278662146029731846
1288683234016993284
1283287062452400130
1288418277467623424
1279295123566796801
1278916886873485313
1280587566421606401
1284878161553973251
1280360644244619265
1283760379840135169
1281624593958985728
1287818341000679425
1284402538939383809
1278796006293934085
1282464885239054338
1287695615690907648
1288423784580386817
1284270127584808960
1284830346287054849
1286744121051361280
1278107952650600448
1280736325499408384
1279026865911369728
1279528119397945345
1285746130374938628
1284012783772803072
1284915910294339585
1278279728416395264
1280330697043963904
1284456795906486272
1279025242711527429
1279749366471725058
1280013542394155008
1278580711063195649
1279855062857256966
1282939753093046273
1282347253127163904
1284795909721726977
1286735988467707910
1288532239266058244
1287634864242556929
1287930777699667968
1282868349257613312
1284620866597400578
1288874494405140483
1283867967235792903
1283461328825393154
1285667613289455618
1285836117879726080
1287283563071598592
1288036235106164737
1281029187088809985
1281699717915660288
1278859263943770112
1281457762870759425
1285861983628099586
1289139269961830401
1285446909700853761
1286179234411495424
1285872480972832768
1279978284554608641
1284023403201036288
1280430605440708608
1286107067531624452
1287734864511406082
1283990687424208896
1287699075970691072
1279526910830272514
1283921992052350977
1285415079660453888
1281158035004628993
1281682857082023936
1283381046587781120
1286484216776142848
1282935525226057728
1287847641045446656
1279399320106590209
1285248099653304327
1280728058861780993
1284195916078092288
1287122002139131904
1287482330249134082
1282693767946878988
1284020147095605249
1286075059061350401
1288207001802219523
1283724892748341249
1285300444038868992
1285854820281311233
1289131185960923142
1280505300638937093
1282478002044108807
1278086473586053121
1289066087716356097
1283753888449835008
1288149720947449856
1283068744697286657
1284580174760157187
1284923623086727169
1281509562412158977
1286453038631149568
1280910540441653248
1288933811972186112
1283710229964705792
1286525539084197890
1288457267721973760
1288491973825855488
1286038050972336129
1286281099245686787
1287825722975764480
1294357416126054404
1298640457006829568
1293261211547639809
1292123402157916162
1298083241564483589
1289610416134463488
1300322427617017856
1294130059708698624
1292785263572385792
1290730436277174278
1295703210573864960
1290259505633091588
1291650300340850688
1297401593445470208
1289862409901887490
1289438358033244160
1298967022336905216
1295501541449834506
1293102082816389126
1294859314927005696
1296456202176602112
1299087288836603904
1293102128064425992
1293882927034621953
1294928139060228097
1296064370376507392
1296446464755994625
1296288346017161216
1300440958924992513
1295057333941395456
1298940777511387137
1296399215900233728
1292635127516925953
1298895548192190466
1291758749544116224
1293170305024684038
1295597176920268801
1297241173627744256
1300375627846090753
1289816482667311104
1289461769656647683
1295275889022898176
1295437741144989696
1294879059969622017
1298839055141138433
1298681617016389632
1290450539398955008
1290924765885104129
1293105718367793152
1291655885329178625
1295451458851287042
1297166035338973187
1298947649849012226
1292506704542871554
1293577990450880518
1296583289805737985
1294634135349350400
1299377914136408066
1299472281786351616
1296723730610167810
1292564652489084929
1297944509083537408
1292837763830751233
1289463123133345793
1291111484395724802
1293703060955389952
1295417439778471941
1297722833372475392
1295644958419025920
1289814120858923009
1296191457913708546
1296713648329588737
1299484114358329344
1298609530238984192
1300411088614428673
1298372107450056709
1289746152007622656
1300332253701197824
1296013796515946497
1296312253688377346
1293799857715662848
1289367675118825472
1295483306469982216
1296633277864869888
1299059104665595904
1293915208893816832
1291086574596132864
1289911596504895495
1293114697877729281
1289818213006446592
1295714567599915008
1299233793669312514
1289737682009063425
1292054973916819459
1293286736148144128
1294848860779470848
1299388775588487170
1289683973866545152
1299578158602047489
1298977597167038465
1294625436207652865
1294930634880811014
1292974331807457286
1293150438053654528
1298575174673895425
1290342920084545537
1293107525097725952
1295184084075835394
1292230186792968192
1292455842642628609
1299982689005690880
1297098685583630336
1293245801607593985
1296072233501315074
1297156958848393216
1297765831506407425
1291742278172790784
1295407569196834816
1297196104316985345
1289489798693105665
1295103036013064192
1292743489894207488
1289363853948497920
1298642006722465793
1294149521270665217
1296648156218826752
1296918246592065536
1297790493909307392
1293412544321925120
1293511079902027776
1296989270586998784
1289838359754358787
1293669590795419648
1293684941952188416
1298253857428930562
1292782064090087426
1295420127039676418
1298201200383479808
1289525294571720706
1299582803974201349
1297518341184159745
1294007959324745728
1295240189594370050
1300538856404520961
1294525479999987713
1294223500417228801
1295121077664972802
1293122386527739904
1296075382085554177
1298558222987595778
1299381225921163269
1294838641206759424
1296346041936236545
1296519871635714048
1293001280210771969
1297165984999133185
1298653658511560704
1294693084479987713
1297982624401633282
1293187843754352642
1300930523863289856
1305628916057616386
1306981682008985601
1303855820912893953
1300747152734531585
1306053350505447424
1303390634133393415
1306191554973962240
1307808154797867008
1302634300471296001
1309266368663965698
1301188163675852800
1309022001214881792
1306481307690573824
1303080059671060480
1300704696441679872
1308242867454767107
1308515916611751938
1301816019405611008
1303660674506280967
1303660806043648001
1307371252865290250
1307381725765545986
1302590335764377604
1308684407839035392
1310856597913165827
1310901601692012544
1301232580600238084
1304448998141571075
1311002804396257281
1300971705867927553
1309883351873007616
1303514168985747457
1301183595554508801
1307991710136328193
1302124864497577984
1308110270531645440
1302994419210100737
1305417149867933697
1308440562261991424
1309163871295373312
1310004883026784258
1310929203496321024
1309548676004577280
1302418369853956099
1303293124945481729
1309041015924436993
1302903116258574336
1303945048078217216
1305492790915272704
1310192540000415744
1309938532878819329
1303971488505237511
1308029127497256961
1303524663126040578
1307423971483226114
1300699663201447936
1303954347605331969
1311046294182531077
1306037975046860803
1306458536960983040
1306540065695432704
1303115834244595713
1305115143177515009
1306105022690844672
1303972934680182785
1307407935040040960
1310028586091532288
1310153739513344003
1305684549343612935
1307999687073509376
1310540014040694784
1310927310703403010
1303737430080540675
1302539537613312001
1303283465471668224
1306657057429389313
1307183103534870528
1300759211672969216
1306174867654336519
1308373861537284102
1303093184982114305
1307902132389949440
1305187041941032960
1307358038869848069
1304439053287391232
1307015302312529920
1301731153561362433
1303307909892243456
1303861977433821184
1311332217424171008
1304196259125788672
1307499723658604546
1308415934219128835
1303293057857540097
1304514942486425605
1307474875406221312
1308675436206067713
1303984597898866688
1303591719712296960
1308735251166887936
1302432581921787907
1300842007267405824
1304040538707034112
1301879271200305153
1305595031680679938
1309716625378152449
1308065953125675014
1304514047342149635
1304848435808403461
1306144540882071557
1309416692607524864
1311222897088761856
1310534724620677120
1302172385945235457
1302707277145632773
1303713417996447744
1309530369578774528
1300668183955861504
1301115402802491393
1301838015120187394
1309080526276505606
1301299364883619841
1305482060728016898
1310802028956971009
1306677402827927553
1307595362501300225
1302460264437211137
1310382740223619072
1312232153875279872
1311967296076869633
1316041690541625345
1320370913163071489
1312223226005782528
1315557198542458880
1319572158289383425
1319871511025639424
1319612032207908864
1318144866002509826
1318959630597455877
1316400874399264773
1316766525475434496
1314349113169768448
1315489869771280385
1316920546727178241
1316924380279132161
1314221669104443393
1313287882937753600
1318129321911984130
1321535628174151680
1313738328584327170
1312088432278147072
1313208948900728838
1320010182345228288
1312962425952571392
1313874028541677571
1313650248049451009
1312192794115489794
1316297944375599105
1318562617158402048
1320000843857408003
1313084851185160194
1316300240467619840
1312152747123204096
1313889323733774336
1312168232690814976
1312072621098299392
1316094352884674562
1313045010296733696
1311924591535681536
1314936357672738816
1315625513805910018
1318892933999976448
1319216930125959168
1320750292166533123
1313040502913200130
1317474195400372224
1315195023370203136
1318124368459747329
1316714073480859649
1311505364949426176
1314333514536374272
1311898508186787840
1322529792735010816
1321911936502558720
1313150129436856324
1317460615661760513
1318399039096774656
1322492877210062849
1319423539666178048
1318194891487399936
1317274126625599488
1320151521695334400
1321533016670380033
1317690518030196736
1316364023273668608
1318795876530155520
1319666630255874050
1312948121467604993
1320699447081422848
1314241772529254400
1314557402348498946
1314997023687483392
1315419415664422914
1315883714845450240
1317779913756364800
1322141651846967299
1321477127313698816
1311975472645967872
1313947625176137734
1316470847972937730
1319222351691718656
1317697896574222336
1314430000318345216
1320406602491580416
1315411060627771392
1316378970858774529
1312886852949438464
1317958637151752194
1319331433068990464
1319759503534018560
1314490285062201344
1316168858110054401
1314675885572853767
1315627272766881792
1311608041851228163
1311706739402665996
1316458250787647488
1320063148808863744
1314050384533614592
1315659684435628032
1322509886584811520
1312895409346367488
1313030917070356480
1317673489155776513
1314878853773312005
1316605974430412800
1316411574098300929
1320487306374119424
1321822553401380866
1312565601185878017
1322179086014275584
1315429471671861248
1313010784474206208
1316961107584700417
1319622098231279617
1315599772645023744
1311606667486744576
1314010993526214662
1314767610722934785
1313270747486330881
1313952805883908099
1314269830602653697
1315966007140380672
1311734736365199361
1313025850015707137
1320439989172269056
1313635148475244545
1316238287481245697
1313192234750152704
1319126970701996034
1327237276926033921
1323083950240206848
1323533032503054338
1324588748844269568
1331319665608585221
1329677251668045824
1323660235408433152
1330803273951895552
1327667863738605574
1332834040026525697
1330521083498405894
1327189209573015552
1332606404922847253
1323138797303783424
1327475426005049344
1329268158553702400
1324924924859838464
1330325476032847879
1323594814605070337
1327323162263040002
1327823742597091328
1325712283801104385
1328719543401918466
1329901233889546241
1331280166165774336
1325653475204718594
1326255557821386752
1325367218159427584
1326636819987918848
1325106989978906625
1326343342037327874
1328180995007266816
1332159711731462145
1332651952728059905
1326962972846153729
1327466207512027136
1330078255811072003
1330061164684976129
1331318342175617029
1326604522291154944
1327289923578327041
1328736231341998082
1329579711383498752
1328859727288266752
1332232962725670912
1332362705123074050
1323525887023865856
1323697988275965952
1325270019115200513
1329259108894064642
1326266208765706241
1331307848576491522
1333466321175023616
1325218872899874817
1324246700530171906
1322683351506030597
1327789666217709569
1330453468616613889
1333439152277295106
1323274917605986304
1326174825568628737
1331783482494906368
1322816796374691840
1328571066390781952
1327845030908866560
1324849543389847554
1325428537659158528
1327163991139840000
1331927969284157442
1329871952551550977
1328666713806622720
1332913881354788868
1328490070689529856
1327602481707307009
1323559569868599297
1326804425143422976
1330982997210787841
1333214161287802882
1331559400780206086
1326683629431386114
1332341157376839680
1328473809377116160
1333533543155314694
1327253392746455046
1330212128511332352
1330614530104147969
1322716120495714304
1324977385578565634
1329042925049815040
1332704400364728323
1324598251543318528
1329158701454770176
1324726230638305281
1328949274529427460
1324284101071962112
1328245429130194945
1330481270397218821
1325745427199750144
1326076628703748096
1326392628628348929
1323493859955929088
1340242974798561282
1344504523142930433
1337076047444119555
1335240559699628035
1339170774893158401
1338940642991501313
1337222039535489025
1342028021583257600
1340698032896094212
1337339737569292288
1342130411086913536
1343064062939299840
1341779847962636291
1336646159041957888
1336618961371160576
1338477884739100672
1339450659444314113
1343673076165316608
1336184378754433027
1337229366929940481
1336429019932266502
1337309530162651136
1344516131558739968
1339805089112928256
1337989556331814912
1339958600798773249
1337403437613453313
1333788034504900621
1339790804915728384
1339438080734871552
1335637628411146241
1334316537029726209
1342326478567055360
1340641852559646727
1337208479262658562
1344403128423211010
1335164259383341058
1333917428779106305
1335209375061995520
1341121145869889538
1341707627558924290
1337452339452665858
1342470150776209410
1335096181446356993
1342699158491299841
1334706493292081152
1341511334085550081
1338393292204101633
1340235430537641984
1341665588029120512
1334024261879685123
1335111807178952704
1341470059856859143
1335168925173104641
1338764169324146690
1341174853961969670
1343458421069242369
1339613828569509890
1339686236743753728
1343508318409662464
1338836693026222084
1340540232500989953
1340132787496644610
1336151826777976833
1342104664758759426
1343508187203436545
1344538979350310912
1340176284983259136
1341124963990958080
1334956839058993158
1342594919655944192
1343646219059556358
1334165931396911107
1335710609472696321
1339353343534092288
1339693856061857794
1338669057810309127
1339814523700617217
1340781522824036352
1341720277030481921
1339479191490719744
1340895648988753923
1342147110347661313
1341875648424493059
1335939666554609671
1333789104035618818
1339543364279042049
1336640727443406848
1338414947374485505
1340872119920504832
1334292072396967938
1335965035835707396
1343785900455522305
1335444002552868864
1341634644182220803
1261172546273247232
1261983110595477505
1264247219248488455
1265188420701298691
1266677249492652037
1262338127961763842
1258183193745920006
1260691432420937728
1262760641988661254
1258376164034347010
1262097220305924096
1262373623379050497
1256701073374490629
1261138574574972929
1263374216482586624
1266416596458840065
1259352744814694404
1262372392036270087
1257392048744697856
1257947694913519616
1259955634046488577
1262461990473269249
1256383353726664707
1257998760556314624
1262228920385957889
1256802916423413761
1258813917796675585
1261395176183955461
1264411472547000322
1266915737622511616
1260346571083919368
1262460715668922368
1256657032054288386
1256873726857089025
1261845566495035393
1258461596113702917
1259628650338627584
1259678117934911488
1261345893271273475
1258256031584587778
1263761518480384003
1264035840545742848
1257082510099521536
1261803617520140288
1256179273678848000
1265273843779727361
1257214629350182913
1263836284126142466
1258206181488644097
1265330608110264321
1258739940315324421
1264824403356983296
1258009185763184640
1266144484816850945
1260486186612649984
1264857656377978884
1266990970865774593
1262499200798994432
1263594668987691008
1256234477229166598
1257532829686169614
1260213592177160192
1262220924020981760
1264053442135248898
1258388256212742145
1258855189533999105
1258897610171170819
1259398138382692352
1260389445011980288
1260802269206867969
1261579274311462912
1262514251782074369
1260523473849536512
1256581207439085568
1261611553662566405
1265938280241119232
1257964343221792768
1262888516305944578
1261210246871232513
1262748739204034571
1266457151305854976
1258541424208838656
1259644389573394443
1263339351792115712
1264191607366180864
1257610995939205120
1260935396562808832
1260993560741949443
1261540634588053504
1264263844190474243
1265166800926511106
1256347517773664256
1257817350855933962
1257978426561986560
1258538394054868992
1257855099600113664
1260553787871309824
1262985811034767360
1265108122617688067
1256354299413757953
1256898095771721729
1260459125407875073
1264461889414680576
1256882077464702978
1267123677646270464
1259785404036898816
1260556227110678531
1257222093671890946
1257337772681105411
1257413690988441601
1259954199594446848
1265346161973448705
1257018938917105664
1257195755342671872
1263158817057124352
1263434363183575041
1262506247221399553
1262911920677564417
1263499481187864578
1266359625462550534
1266589789857312769
1263074743185551361
1260024919775051778
1265504806455689218
1256430714301513730
1260570497479147520
1263438067702140928
1266005610639867904
1262544505300869127
1265414410073444354
1258106758003920897
1259609215758471175
1264016236251357184
1257047030632980483
1257738214611116032
1256301585786863623
1259941346489413634
1261652339087327233
1257192483420807168
1256084683827187713
1256339779110625282
1261687856432582656
1258949812961054721
1261347513841287168
1262021446236168192
1265588029265268739
1265923514596421634
1259132359284310016
1260202567847510016
1265197486475366403
1261595999291596800
1256086715766198274
1259532137730113541
1256746265888636928
1257291133744488448
1259132993291116544
1264987095505854469
1256612218747129857
1259781327185903616
1263083515480084480
1266332968420691969
1266977710850445313
1259887440325537793
1265678696276426753
1259042485806006272
1259206504478945280
1264798501147496449
1255999096772583425
1257354821633441797
1258354034869764096
1259369517811208192
1264216945848696832
1258115943319900161
1262018046815866883
1264827256674844672
1256573340631937029
1261629973367975937
1265197868152848386
1261672755906387976
1258490033268330496
1260861033314422785
1261901009137422336
1266014880827494406
1266456778272763906
1264650603755601932
1267148838487367682
1257108818397446145
1257707940112449539
1261628750153822209
1261761533614460929
1263043652634456064
1263071574808301569
1265318398076030976
1266522644310036483
1256629899135201282
1259689688224301056
1260155513624551425
1261538118236282880
1265340837732528128
1257272006279663616
1257580454242369536
1264997984372228097
1266957578963234817
1258480722043564034
1259736244952563712
1265471030576873473
1262630664702234626
1258459079552323584
1258632723813543938
1259706800825393159
1260434344923062277
1263443792054702081
1265892444882665473
1258838808973492228
1260719222105219072
1258677134698131457
1260998311164559361
1262474426852847626
1262641104320638977
1266470617106329600
1266724122782040065
1260238057518882817
1265419191512903681
1266016264947990529
1256241238132396032
1263160057161752578
1264544060053712896
1265090274075672576
1259050574579982336
1262391156924710915
1260804282447810565
1261719771118104576
1261779334219485184
1260871224130826240
1262719332590764033
1256465008462094336
1260552875979096065
1260588611407249408
1264391127332864000
1261894214343888897
1263142097164677121
1263823879421800448
1265419788756672512
1256312805533167616
1257312433107906566
1259593229135159301
1260905036533637123
1257300015569006592
1257594506633007104
1260152145690624000
1260608744368504832
1257704274269818886
1262084118927589376
1267066538542149633
1256063293199773696
1259876234219139073
1260922844764127232
1261545667870093312
1256313583828254720
1260486834817294336
1257108629393747970
1260082023332536321
1263141566849449985
1256691193955651590
1259678204404654081
1263723769954066433
1261436699550388224
1257519995858358272
1260714692508516352
1262796703717101575
1256327280319553536
1256541831317164033
1257937685492256771
1261252351890993152
1262563627128680449
1266519354272886786
1257539350373363712
1263736497615888384
1265959818004770816
1265715952756289536
1258743220164366337
1256879244501823489
1258992595063017473
1259539471030083585
1260628698216173574
1260134614477176832
1258540528230002690
1258865256048123905
1260073866606579712
1256128724187131905
1256931517487435777
1258785372898840577
1266429100471668737
1261294230070231040
1264833369638043648
