1189742184498704384
1191213653242056704
1190079578712223744
1190847887162388480
1219129060267216896
1232877515200290821
1232318273162637312
1244071817779830784
1237538425537843205
1237579383944007680
1236488700667678720
1244798011772821504
1239753112514187265
1239324741896474624
1251892722446843906
1248004327576203264
1253871629706371075
1254248239110356992
1255311401087905792
1247716935611146242
1246561467517874177
1256429542589100032
1269948515750461441
1288120179910561794
1288036872648826880
1286591435785924608
1286107971550875649
1313660685822365696
1256429542589100032
1264500510582886401
1257868036708675585
1262208818378924032
1257671102920261634
