1180595326379425792
1180508316310605824
1195667900885065728
1205125561464557569
1214160182835417088
1215001248124022787
1220338605366939654
1217831627151200261
1217945527154806784
1225902487368015873
1224059430662287367
1228667976771088385
1226993052759347201
1242871088826195969
1235692068770418688
1243730373651189761
1236334217048416258
1241830338499735554
1240716855108448256
1236329683739766784
1238429581960511489
1236335076209614849
1236490631205146624
1244343290650136578
1244035814243393536
1237058697983135744
1244032350595375104
1241798362304843779
1243770561513377792
1250934633904168966
1247657521126477824
1245591232794882048
1247936481685123073
1246827291268780034
1245324316251750400
1246115725762121728
1249528863824240644
1271545919222284289
1268197243225542656
1267842404285132800
1275149069942431745
1282955980871995398
1284168006847787009
1285723389466902528
1278753690950778881
1284151899047026691
1284173700548276227
1294292290102530048
1290048642640785408
1290744746348929024
1316807597769527296
1314628547114422275
1323301712464171008
1325512836265734146
1325924267893133315
1325971072353591296
1324085631715282945
1325962159470350342
1336388518952620032
1337047926305075212
1344007802474405890
1335704669084127234
1343054556465250304
1338874483726315521
1342633169984446464
1335432817287835656
1259926196403437571
1256925140371324931
1259512922201395200
