1262090476246753281
1264843499561783297
1261577299704586240
1259394674298687488
1271337395573620737
1268446256373915648
1271381157221928963
1269580816931262477
1273512880898482179
1269259715323838464
1267824837306626057
1271445815236624387
1272852637084499968
1271069738542694401
1269700069714022400
1273134105509728259
1276076636451090434
1273920063184211968
1268817820651044864
1273544197413502992
1270424147244584961
1276513788209123329
1272459707832307712
1273950386278277121
1268613138896822275
1269671863367671810
1268459389746384898
1273217509957787650
1268438792425353217
1277957704103813122
1274989271947055104
1269668225714921476
1277876188195758080
1269717160424812544
1270698129474682881
1272875543055216641
1267712934089830401
1273277247584194561
1271405533275328512
1277859679180292096
1288038366735409152
1281204433016193025
1286957871251566595
1285837118561017856
1280034673247338496
1278584896739565568
1278232848722472960
1278295848032653317
1283702460662648832
1279429620450963457
1283049765488427008
1283034654577229824
1282713064127832064
1282599063565799426
1279124622127124480
1284132790557179904
1278588949229961218
1280764905432457217
1284443963626270721
1285159737500237825
1289192864757366784
1282972950250037249
1283429631270551554
1278610223901671424
1293450124077785089
1298906628763377664
1290226139349229568
1296772270753447936
1290570662273323008
1296033587108745218
1293843051627126784
1290929814812205057
1295641758899085312
1297792576628699136
1298240740775133184
1293154035344855041
1294360688190787590
1295682877141778432
1296351291602604033
1289534291152531456
1262090476246753281
1264843499561783297
1261577299704586240
1259394674298687488
1261209322387898369
1264212998148759553
1258002045686161409
1260471095423119363
1261946204323184642
1265928606997516288
1264811762462928901
1263823156382519296
1264579373585379334
1262737710323625988
1260468047300657158
1261244233924698112
1259411134010077184
1261963886447734784
1262287682006405122
1257962293985456128
1257931080604233728
1259806367524835328
1262759015135637505
1266844236151955456
1261248890227101697
1264823877903015936
