1179734181800267776
1183868355586822144
1183529673587937281
1188560326733774853
1179731591553257474
1181000759544107008
1181322617833316352
1183157136500461569
1183600177946472448
1187198907387801600
1187840405712392192
1188862996405080067
1179540558735388672
1181749950503194625
1185356969357516800
1188995529700773889
1182640537586802689
1188435757368655872
1181004818170535937
1182324431542247425
1188494457706090497
1179878779247845378
1186060117273300992
1179175653741973504
1184046642300968960
1180416335857278977
1181376661784289288
1182277337900937216
1185347379693670401
1185585190288015360
1179764075678638080
1181359225722884096
1182235138987573248
1185370894417481728
1188206591042113538
1179242620519960576
1179570537250643968
1182185472560422914
1182034215065571329
1181572192443785217
1181674983531171840
1185649695374368768
1187198888572313600
1187082862421594113
1179939558709813250
1187720100985614343
1188206225676263425
1188381360051904512
1179816645621157889
1189906492138373123
1182306068157874176
1181685391562346497
1183959670978949121
1184980326461911041
1179139531032977413
1181836403082235904
1188238257215168515
1181881265995370497
1185548035172061184
1187004945981030400
1187237257578733569
1188102345361690635
1183803183732146177
1186074334873313280
1179168594103455745
1179603503016288256
1181257910703271941
1187590011106889729
1188189826274607104
1180652955265093632
1183027666766700545
1187594411871477762
1188195423107866624
1180373110052098048
1182302264343564288
1183410529773199360
1186380689412894722
1178808204731518976
1181747495036162049
1178805163038871552
1181993375131557888
1187600809866989573
1181252316063830017
1186076383665147909
1179846833486663680
1181560722112647169
1187134430000926721
1186324455393546241
1186944867240464385
1188920247212036097
1189919597643915270
1192442212669427713
1198103079687802881
1199414433497407488
1195097985887166469
1195145600897040384
1192536252135985152
1198124299191603201
1200261490974101505
1194343104775704576
1192564351275687936
1195113782982270976
1191889489217671168
1199725844488491009
1194587930515378176
1196821953862152193
1199401582686810117
1193711467754872833
1198930478012616705
1191794964872732672
1197327090724552706
1190670668679057411
1194369911885385728
1196131417627013120
1196439459866263552
1192094417517260801
1191905126962913280
1197673440771264512
1195296162561036289
1197276649533976582
1197531263151812608
1199540241700253696
1200154472355381248
1200373668787847170
1195023725076328449
1199432007715037184
1190299493759115271
1191908675927056386
1197076960511512576
1198476326153392128
1200425149520068608
1195551760590524421
1197340543363227648
1190495792718647296
1192727651825389568
1195156947311484929
1195433899024887808
1195383742459568134
1194716071925821445
1197107729933975553
1200542885898272773
1191418018053709824
1196845695011041281
1200806502077997061
1194735992802041857
1198532166717587459
1190323851940564992
1190827464337035267
1195073704025300996
1199559802684346368
1191820485593427968
1194067220881723393
1197760946254438401
1194521459416293376
1196567914876325888
1201540204835815426
1205263002095759361
1205951155894964226
1211365649819348993
1210065882971426816
1209914361571098624
1207447252282806272
1208414396189417478
1209980212139765761
1202597215740579841
1209913962873143296
1201671432524177408
1205945690138071041
1210775943268032513
1211685566179360776
1203873912309854208
1204399313520078848
1204874389772230657
1201137713690415108
1203211790978564096
1210677898459271168
1204927046029320193
1204661109405474816
1201639801897787397
1203667784967823360
1206203958966005760
1211301098256052234
1211261341689896960
1211398738708709377
1202404892003880960
1204883005468299265
1205646015111581698
1210473013872930816
1211759335610695680
1203794591238877184
1204748178328829953
1207467518207647745
1210184335753658368
1210199394412355585
1203635376797171712
1209908081779343360
1210621461234421760
1211504038203863040
1205125388990586880
1209847576029270016
1207743594158792706
1202185559872925697
1204176535382642689
1201540492585889792
1202436639294926856
1207119736414310405
1201337115105038337
1203660952069197828
1203788470810021888
1210745855939989506
1205156636714778625
1202666169523671040
1204900337464860673
1210688396986900481
1211386250709651457
1211293640791928833
1203372615022366720
1204881183101853697
1205276875200827393
1203536973022945281
1210358226832777217
1216952005597356032
1223367268005888001
1213129098802761728
1217895143006560256
1213033447721181185
1219221997537972226
1215609719349567488
1216310985906061313
1216918895732371458
1222978085341007880
1212197375973789696
1221586377592254465
1217476673181929474
1218296319627972608
1214373968238370819
1221397232550805505
1220854356037263360
1215035242223935488
1219410800315641856
1220560565573046273
1223359264334454786
1213113331537584133
1219681734721261568
1218802505691410432
1216343445641617409
1220209571882577920
1222371348346998784
1214292560467955712
1217882005507051521
1223308205650010112
1220660882352627712
1223344631288680449
1221139572907622400
1217186186164416513
1216483924836257792
1217524811989209093
1219710991115505664
1220536573881651200
1219602370658820097
1220748702123544576
1218302114306220032
1218674964993204224
1214576934526603264
1221628088418627585
1223272527037898752
1214279919355740165
1222306416674922497
1217625821751468033
1223357904624877569
1219599955830235137
1214665113334091776
1218398793009225728
1218881492648189952
1220748484028043265
1220086243029135362
1221243459362791424
1223355156198068224
1220291639312252928
1222881451353563136
1219380039579586561
1223301342963404800
1217549155377254402
1214974540788502528
1217754716064702464
1231211548846280704
1233427365931425793
1227804360958259212
1230561346141356038
1231367908120498176
1233375544932229121
1226250609889890305
1226649911728496644
1231203009817911296
1231308339214200834
1232694660180725760
1227696279335186434
1227749259757395969
1231173539878907907
1233141488009306112
1230811917570265088
1233493574957883395
1232268653405573121
1227781568703406080
1233021917302489088
1229658569848475648
1232790357856997377
1223987333973725185
1226658186154926080
1232459303778258944
1232846194881122305
1227772001949044736
1233221631109140482
1233428150211751939
1223396902667980801
1227977911300390913
1229291077502427136
1233877114497241091
1224592714366242816
1226195618252697601
1229513941849522176
1230901069489807361
1233009536765747201
1232866983101829120
1233616462654443521
1223527798809288705
1233428647563841536
1233191943837974529
1233549102664835073
1224816497551429633
1229385506431160323
1232830148166201354
1232064412833525760
1232125414958436352
1233554774848655363
1232863282341515264
1226512120180871168
1226737987892994051
1227940606271541248
1233553949992443904
1227620511418445824
1233557620000116737
1233772181437526018
1231333668188147715
1228428342728118273
1233524519018672129
1224384606016888832
1224726840121733122
1228474001955213318
1226575461012115460
1231338208257953793
1227233234531966977
1224055210399666178
1227399983286161409
1235655634449772550
1237164075534168064
1238217462396497920
1238618946762428417
1239673154311794694
1240011356310589442
1240439994063278080
1240738205403623430
1241018848746156038
1241190271834034179
1241931983783157760
1244664220446146566
1244741169239687168
1244801060050554880
1237935213491171328
1238383047592087552
1239260871026782208
1239367443157524482
1240776573554286592
1241878163174707203
1242189128537530368
1243610294280171520
1244777817906262016
1235243361054973953
1235515390282866689
1236231128098332672
1238208775254953985
1239331817691496448
1239722807350738949
1239873172960354311
1239942687735889921
1240361590588833793
1240477789624492032
1240856911156822017
1241163400861761536
1241183113654546433
1242213283094048769
1242264297230585856
1242734216095424513
1243736281449889794
1244698719032717312
1234871673733763078
1237012866697322496
1237189581163737095
1237951582416842754
1238533912948867074
1239534981367631872
1239695363155668994
1239989540695052289
1240347214016282625
1240387691763519488
1241495070265745413
1245035991401992202
1236000596857171970
1236309642617249792
1237687134343102464
1238990988531679232
1240223205022928896
1241441227721113600
1242544543989448706
1244221184943837187
1245050042500681736
1235309562879717379
1235971173927747584
1236718342645350400
1237492551218798604
1239609581048823810
1239683304170946561
1241565108385579008
1242974897854394370
1244724979570061312
1244837080737501185
1238213823477231617
1238766115125370887
1240813264692486144
1243927125155033088
1243941062701441024
1244008807216418821
1245102802478735363
1234606853713252352
1235739815733153792
1236873671194615813
1236875524103901184
1237216214910406658
1237343706161668097
1237515422364086272
1237916751792398336
1239135009899872262
1239410081541664768
1239563733342523403
1241121208541892610
1241402667928256513
1241934960640081925
1242537896281808897
1244680424565202946
1244985851051945984
1237853377196748800
1239216600152186880
1239606477456732160
1239648667981828100
1239904965130424322
1240349339051888641
1241300884027592704
1241491083122618370
1241518421575114753
1241624466188161024
1242210357810249730
1242215016490831873
1243584305382805505
1244321902191132673
1244787017290076161
1244800349732368384
1244985971617288199
1235640347801382913
1236038865409933312
1236114065065422851
1238271346645168128
1239002090854330371
1239223868889485312
1239512252442480640
1239643681004630019
1239785721046749184
1240106322659438592
1241164191823564800
1241691025825050625
1242884339492368387
1243832335239438337
1244391528241520641
1244759847863754754
1235710786942701569
1238292555000938496
1238680819754917888
1239697900705206272
1239755668065857536
1239957858206302209
1240412009721745408
1240567388338257920
1241232818870652928
1242185763107811341
1243093532287668224
1244476441913372672
1237165409343803395
1238060642558521345
1238263562017165312
1238647353407463424
1239306710554116097
1239437424780087296
1241223956297854981
1241362421060636672
1235314898558767106
1235581929237491712
1237275757178753024
1237495522744623104
1237935648344092672
1238495867721539584
1240815309281538049
1242535494182936580
1242924300207783937
1244112137225744386
1245099672974360577
1235729740729683968
1236002660194693121
1236905273383620608
1237080248560353281
1238460464742490114
1238577116825804800
1238902307888259072
1238987950744121346
1241747914029817856
1242469375187144705
1243222455562502145
1243942624450367488
1235563688532140032
1237384114581295106
1237843974477336579
1238642948562173958
1238842836025556995
1239028342990336001
1239589897385553920
1239849517119418369
1239939429734608899
1241010655374835712
1241533902650572804
1243655056811003904
1243662643988234240
1244670218682675200
1244688992462729217
1235760312562913286
1236135972523438080
1236451479696879618
1237909325391290375
1238597249963380742
1239253987502829573
1239706770345525248
1240873652834275328
1241343741413208064
1242044762410139655
1243430599995666432
1243659693526061057
1235630948357525504
1238480696903000064
1239215512665686021
1239661991339458563
1239830809823109120
1240377035022893056
1242449129252372480
1245027124802699265
1234684902144081920
1236310064916553735
1237489752514928641
1238250762809073676
1238329676847886336
1239429201008250882
1239940982050828288
1241097931412901888
1241648363684200448
1241724970088239106
1243621411975028736
1243655900214300674
1244377516158201858
1236038879590875138
1236038890592575495
1237439880281624577
1237524999604322304
1238956553744666625
1238981759859134464
1238988069497376768
1239605978544431107
1239797666130857984
1239958596890361856
1240048638773981185
1241009650180460547
1241380049888202757
1241932114188271620
1244669683816513538
1244760885282955267
1237500095484039174
1238456529352896512
1239005506695561216
1239614150520852480
1240250289699127296
1241694190481870850
1242339202643177473
1239054764744282113
1239226573435404290
1240698630438178816
1240746480954155008
1242443185936158722
1242795264215330818
1235264735291019266
1235971496301953028
1236315618179190784
1236385264898998272
1236681307956051973
1237489662584918018
1237574173620203526
1239202003135299584
1239223138262454272
1240296294775697408
1240392832764055553
1240424133177028612
1240657099073499137
1241011342288527360
1242029409030279172
1243375353994805249
1243658406839365634
1244115832411578368
1244662246170640384
1244678066296610817
1239056333317554177
1239160161580744704
1239585044596916226
1241406817432940544
1241426786786762752
1244856050102046720
1234624848334376961
1236707270630748168
1238800454122975232
1238817370271088642
1239193644021809154
1239305691333947392
1239481722078728193
1239789660341252097
1240364643245330442
1240723819070984203
1241377136390348800
1241777973520367618
1242342958826811392
1235629966886199296
1237853954731462656
1238201773715861506
1238652697122877441
1238852325206302720
1239695273154285568
1241999361468325888
1242768590199304195
1243187006844235777
1244285792463343617
1233895022103232512
1235465604867321856
1238335611540353025
1240973074004086786
1241256885749035008
1243883618998640640
1244928162921938944
1236304532633718790
1236865357215748097
1237741673632989191
1238144227500003333
1238153465722851329
1238623110334742528
1239005905372327937
1239404890830639105
1240356792330342405
1241306871530692609
1241426078826201090
1241487346912178177
1241762148403027968
1243564960929718272
1245017951926960130
1235365386003996672
1236779813328826370
1238229490209296390
1239932974679896064
1240672669571276801
1241161828790685698
1242082735851802624
1242897898800664578
1243160126724493313
1243535573257682945
1243553837652348931
1244751940564717573
1233945440044797953
1235481045740503041
1237435187102973956
1238766618727141382
1239227597222903808
1241019136823758851
1244723950971748352
1244784209421533185
1238656717904322561
1239058097399881729
1239455847417331713
1239612306423717889
1240333929242116099
1240429504427892746
1240824035489058816
1240988049170993152
1244210955397074944
1244314656040247296
1244639868778668034
1244709873805340672
1238974060660494336
1239342614404648961
1239593265407516672
1240622106582355968
1240665506161537032
1240884398020603904
1241536696187052032
1242204436514115585
1243289231562354689
1244728981259276293
1244965186068516867
1245074161904406528
1233920699955318784
1234219640605245442
1235344311958544390
1237620730709360640
1238137541263581185
1238675595392946176
1238997812425170944
1239223885662388224
1239307390060654592
1239421743569293312
1239930892434509825
1241715570891993088
1242075710363037696
1242118806849220608
1242405643639758849
1242501738931851264
1243354495456813056
1243593964546072576
1244940484885327872
1235219617695625218
1235756311918399488
1241037171345293314
1241111428595154944
1241234138721591296
1241570867806720005
1241660442084118533
1242435796264681472
1242591362320683008
1243338214854844421
1245030355683475457
1237961345208684544
1238080950392717313
1238267847941468163
1238939036481236992
1239457390946406400
1239645757151383552
1240308882414673926
1241698296579710977
1242214105454243840
1243021106497441793
1244713981056516096
1244943086033256448
1245051773032837121
1245075645975212032
1238174168811819011
1239000504899751936
1239209356589174784
1239216486906019842
1239573783289233408
1240386933517357064
1240691050361974784
1241580395948322818
1244032085289041925
1244788295512600577
1235412672688070657
1237192766809047042
1238105771931508737
1238512135417802753
1238949753649614849
1240727652811657217
1240733689371295750
1241040163389800448
1242583799067787265
1234838069767004160
1235570235815559168
1235990882198925316
1236829651479285760
1237862111016914947
1238147942860632072
1238651450428923905
1239615889550577664
1240254346429960198
1240809767242739712
1241045133430263814
1241434125497765891
1242884129731022849
1243225694181699584
1243283010255978498
1243487985674452992
1244936013140692996
1236095563029975040
1236406773248143364
1236830133450932225
1238983196064112640
1238985884046745600
1239348317990948864
1239572062286512128
1239729810978545664
1241733455177711618
1243685014492950528
1244841993597079552
1244870966510891009
1235313245566758917
1235606824692350979
1235753594508500993
1236428899673870338
1236637465173164033
1236836525553455104
1237609566587596806
1238850848425299968
1239009298761388032
1239287210181980160
1239375238389010434
1239763720332509186
1240677308467421184
1241523247545491457
1241761368254095362
1242887126112485380
1244543240377905153
1244700950398410754
1236035837109907459
1236751510261948416
1238816409024512000
1239016735552004096
1239566208023900163
1240100452928290816
1240311099578335234
1240420277290500100
1241264227312185344
1241625959100379136
1244636510185349121
1245029337595863042
1236080963622322176
1237111714837073920
1238430204114190336
1238792136566493185
1239055455000727552
1239159515678773248
1239567176828424198
1240272432411410432
1240811734904049664
1242468733433626625
1242796064232611841
1235568675542843392
1237499758979268608
1237707536033349632
1238478621221818369
1238507951494750208
1238974072916246528
1239309038405464069
1239317930967535616
1240605179025805313
1241029098627104770
1241067378709893120
1241469022648008704
1242014591380410368
1242307860891123713
1243944273336307713
1244138758481428480
1244802691651362817
1244882660234678272
1235790988804751361
1237390819595669509
1238654550028038144
1239050855225135104
1239053898905800704
1239202384326377476
1240584700298776577
1241097603158335489
1241346404263645192
1242035587659554817
1245107781125824513
1236592499893944320
1238283761772609536
1238538769009012736
1238570435526234112
1239210027656851457
1239933880431411200
1240040566177447938
1240052039435956224
1240848224572891140
1241916838532927490
1242822659567738887
1243252148957147137
1244575289163821057
1234853695046717440
1236091679674970112
1237104817316782084
1240351027456618497
1241330183694622725
1243275855939293185
1244800597230051330
1235197073940549634
1238507040630325250
1238668786305249280
1239020160721342470
1239180197561278468
1239300427490963457
1240162531437666304
1241331893905371136
1244305152531738626
1244422272452091904
1244665808002965507
1235326584523022336
1236906606186692608
1237108597487816707
1239144797681713152
1239429448958648320
1240433674774106118
1241127406452211714
1242209307329875968
1243609281217339392
1244676901328871428
1235568465844436992
1236736718734270467
1237847607252119555
1238257232778792960
1239747610254159873
1241107325269749760
1241667846675017728
1241792020223537152
1242269520758067200
1242936028748365824
1237368812116357120
1238645409628684289
1239119309084839937
1239235497802809346
1241318258537422850
1241794334292430849
1244784497209548807
1235968268273356800
1238163565586104321
1238944823090053122
1238991649440591872
1239154205681520640
1239372540491059200
1239540962453413896
1241216370399948807
1241350937983107072
1241525439828541440
1243583388545662977
1245191025636732930
1245381036558688262
1247639022631034891
1248829723150635009
1249251191424315395
1249437694201073665
1250443140479111169
1252225712167088129
1253424498742751234
1245203685300252673
1246074478292946951
1248337663653900288
1248493004051996674
1249395249002184706
1255134308206964742
1245888669581545473
1246582646286823424
1247547996620886018
1247621409431523328
1248136031829995521
1248608745703104513
1248743434891997185
1250410878752694273
1250888418491588612
1251395831367733248
1246144202918039554
1246294219695640576
1246749586691174400
1247537886381010945
1247638007324332032
1248361575666376707
1250500431337467904
1247554962193858565
1250159727193047042
1250656274884308994
1251256291038826497
1251524416133115905
1251959555375890435
1246124625081270274
1246617946056769537
1246968175733997575
1249375373772468224
1249419767112290304
1249660170650689538
1250094263339307009
1254289549192318977
1246169419342061570
1247343317806804992
1247950703986966528
1248376630201831428
1248797449071874049
1248953957852069893
1251582944973590528
1252334573633110017
1252801883498037248
1254825899611979777
1245847821888016384
1247176655132639239
1247614074805833728
1247692716865015808
1247990830390030343
1248593377190428672
1249682185478500352
1249749559070384133
1252596048201158656
1245575921039376394
1246062542348312578
1246143203075596292
1246614710662856705
1247666796733378561
1247708655073591298
1248069983164403713
1248718053443067907
1250382806267682821
1251838451848273920
1248675242181967874
1252621394854076416
1246120903408324613
1246406920673677313
1247144227341045761
1247641639121760258
1248173391254872064
1250090625115906049
1252061441315799043
1253496301037256705
1254628283154563079
1246205681662922752
1246474065432510466
1249730449376604160
1250503791700586496
1253834164283084800
1245356596236091392
1246902020373610496
1248255610468159493
1248306695761203200
1248623624950431744
1249076708210335744
1249241901141819392
1245422475573428227
1245845673133703169
1246130354970337288
1249790051103506432
1250290351228637185
1252217111843397634
1252375281286868996
1246986311438929920
1247221894249689089
1247234300040417281
1247603677222727680
1247630789480611840
1248135481814065152
1248298706371297281
1250756855321825280
1251475636373336064
1251687424981336065
1245631522276696069
1245765784305049602
1245985379074879488
1247728872570961921
1250147654044200962
1252806746676043777
1245950556004368385
1246106226200662018
1246808882955063301
1247591154339758083
1247618332326612992
1248103954577326080
1248423477972877313
1248724364977229826
1250179336369344513
1251731712985489413
1251892562719313921
1253490394211516416
1245387477600198657
1246095334075502592
1247264640557613056
1247634941577293824
1249567530043101184
1251768901651873792
1247101199595249664
1247452822121185280
1249389966683181056
1252437004425416704
1254493001889570816
1245425231235174401
1245572929368109061
1246223351493939202
1246692052483682305
1247593724118544384
1247800208861224960
1249155779061571585
1249155923341389825
1251634305207537664
1253411452041359363
1253806418169339908
1254024278573551618
1245397599160582144
1245968863369605121
1247659679574089729
1248426040013115399
1254369194419924994
1254464690345971720
1245943798204530688
1245956871195897856
1246078011734024192
1246430914239959041
1247308381460692992
1247338594685145090
1248184462510362625
1248440196812529664
1248607255165128704
1249148787500728322
1250819694694739973
1251832628602441728
1254848884389617666
1245890404685316100
1248723644500434945
1249134573251964928
1250141138150973446
1250978243680718848
1251098425833263104
1252997099521630210
1254082911474769922
1254209561290047493
1246167098730004480
1246553043463790592
1247411797080096769
1248339927823155200
1249926174769385472
1251138281242230784
1251284476736479235
1251701379334377474
1252331765806530560
1252923191711993856
1254421513475969024
1245471555641106439
1246783783082156033
1247202206824226816
1249051769050738691
1249265091385663490
1249616724892278784
1251582538491052039
1254035174540619776
1245711073031983104
1246172552310870017
1246777239146049538
1247356203061121031
1248849108695121920
1249279746392952834
1249381410517012481
1249729149175910407
1252054328745082880
1252958429301399552
1253959125823676417
1255533186043559948
1246875969710895109
1248815865543393282
1251193197872766976
1246264058673684480
1247324189704380416
1247639497757655047
1248332750920265728
1249029002393563138
1253886006404829185
1254047899647967237
1254869372339761154
1255260081396080640
1245301242009714688
1246042559169904644
1246491918336491525
1248444351249887232
1248974146387746822
1250183864460480513
1251222545208094722
1251363895916167169
1254384423262355460
1245171681221435393
1245890173457629186
1246131009214652416
1247256759380709377
1248741164083077120
1249776879311163393
1249895221023969280
1252683669040439297
1253383172299112449
1245874201401217028
1246162245920276480
1247220432119439360
1248659738104967173
1250462086989217795
1251600284725493761
1251617056388071426
1252654899017506825
1253347787296714753
1246173952847892480
1248424220125573121
1249440707980525571
1249788614394839042
1250036980559122433
1253806494321082370
1245794779478319110
1247385259437678592
1248707728916336647
1250819827599585281
1254019666042933248
1246811507595325440
1247316564539572226
1247509615400628224
1249373371449688065
1253625338904657920
1255434912561233923
1245609179986808833
1245665403231141889
1245681768403030016
1246677845851746309
1247520663545319424
1248355144535769090
1248588334047297538
1248990238636154882
1249836356920115200
1250109781840408579
1252124790590234625
1245873301219573760
1246112331022716932
1246297333219950592
1246630713920598017
1247333740512067586
1250474362865500161
1253484272410861569
1246133434935914496
1246733268478767105
1247566970859302913
1247648934148833282
1247710567483277312
1248338708039942145
1248637599029366784
1253800941737967618
1255339410738069504
1255508824292839426
1255848693233790976
1245458768474845185
1245489135558823937
1245664281380761602
1246188533930475520
1246985868838973441
1247038854575644672
1247650785812451338
1248106683102105600
1248438889922117632
1248687463209500672
1250243051714314241
1250360343638888448
1252585420979949568
1254951300548177923
1255894474070175744
1248109464156278784
1248575632159768576
1249060858115682304
1252382830782382081
1252774558345592834
1254748313368346629
1245456333656272897
1246416021579280392
1246544195004682241
1247351236921352192
1247517133359251456
1247654918523179017
1248339174647717888
1251270463587835906
1252161146343358470
1253330985170513921
1248814887737995264
1249003780164726784
1249842192006381568
1252011060250447874
1252235268867805184
1252780475975901184
1253770419779272707
1254277184002252801
1247162033348509697
1247279780518670336
1247792337977131009
1248692242778329091
1249156844691558400
1249752922478575616
1246515156747780097
1246661890761281544
1248349986066173952
1248672094306684928
1250673783351980032
1250889887353634816
1251798712965267458
1251937041656537088
1252377780248907780
1255456431777681410
1246917364744159232
1247167381539115008
1247331043255992323
1247555082025078786
1248337590853353472
1248655689624334338
1248965894899810306
1249415709551190016
1251000909003468800
1251568829630525440
1255247938051280899
1255885766674219008
1246497108624056327
1247267753872015361
1248358844889251841
1248802963604283393
1250425599799087104
1252419491700432896
1253328642140016641
1253694868867743750
1247182290201042946
1247278413431398401
1247487527809884161
1247515479398383616
1248389815877251074
1249894450853302274
1251442899813838848
1252691729263681536
1253278197246025729
1254354149480808448
1255271127359918080
1248686831069085697
1249138055996465152
1251173596141158401
1251236816893521921
1251934145066029056
1252039979993268227
1252965377920950272
1254683714484871169
1255392864667869189
1246197941464969217
1246229074403622912
1247288262173044737
1248528678432256003
1248669288266895363
1249660195434889216
1251503381690097664
1252256249036619779
1252367907427762176
1253060148400136192
1245316498094051331
1246792203453661185
1246965848188821505
1247192178239004672
1247719094729822209
1248149677830279168
1248505894385545216
1248671399490785280
1248750678211792902
1252552846878355456
1254785551342825473
1245117994243481601
1246045040297816065
1246449954324955138
1246949277718454275
1246987412313649152
1247325696491507713
1248365002114899971
1248395648778375168
1250160906601771008
1251666149034647553
1254125453641687040
1255747075670568962
1257725872641056768
1260357592947265536
1256984097840381953
1262487950371090433
1263292653770354689
1266770144241635331
1261947908649299968
1263089504165953536
1259633947706683392
1260652576388702209
1263200220906762241
1258426965452865536
1262933498261917696
1259985481196097537
1261597536328040450
1262027819837722624
1259631672687017988
1261416065550045184
1265550915249098753
1266701590167199745
1259602180669087744
1262507906597036034
1258622995800653824
1274357590521249793
1276243458664079360
1268361958815916032
1276622535895982081
1270051721327362052
1278069474067976194
1277868793402994688
1271371893522694146
1277183638816411648
1271763979044564992
1274119843998990338
1273061270732881921
1276672267536101376
1276942616857325569
1268299625649315841
1271839015017291785
1271481720366383105
1276821459743191042
1274702963064348672
1274790977077760000
1275745967468359680
1276617733753405441
1268042411566968834
1272315376056049665
1274094149625618432
1273175132207546368
1272976628533133314
1276691221327511552
1277266416601874433
1274944864400994305
1276836877182668802
1273476042611539969
1277542002628997120
1274713086809776128
1269697941100429319
1272097197644021760
1277016575003054080
1274437244561043456
1277631220533399553
1268545111492825088
1273970705495928835
1274569113495453696
1274684083562524672
1275444735214157824
1276592816806862850
1268218540261281793
1268782851983466497
1273764682399129601
1277964441963819009
1268528727522185219
1276323417009139719
1269036535308890112
1271479935849435142
1273313083683979265
1273347002043183105
1268512484002070533
1271268041037213696
1272638928357474304
1272642043106467846
1274076127565209600
1270423543965073408
1273399640268902400
1276225472670633985
1278068589099208704
1273860812998946816
1276952112723898368
1269281629232680969
1270749452412743680
1267654679879733253
1276684825303408641
1268193164504051717
1276881605244698624
1267966028878839811
1272372371949785089
1276134415173853186
1277898383240429569
1271400502006214656
1273209321166442496
1277761654189551616
1268425934543024128
1270903632624381952
1271439068740685829
1273029938132791298
1268627089990844420
1273265058236301314
1274425345333243904
1278052583635070978
1274856091592032256
1275233433200013312
1269329481455599622
1267904703091933184
1273742736076619776
1275448534163054593
1267469957153128448
1273445576886161409
1274430860905897992
1267566870565183495
1272955295480848384
1274069878069014528
1275495886911500288
1275832324626792449
1268484512163471360
1269550821684973569
1271774316829556744
1275093469149769735
1278079804009361408
1275557333460893696
1276030032067133440
1278067423053139968
1267969112430514178
1268163619671302144
1268323659581702146
1272426208232460288
1268476203272491008
1269673029992407040
1270222928651661312
1269224254127693824
1270085604060119047
1271822883157835781
1274659600462209028
1269549883746324481
1272528058919026689
1277094281577205761
1277968547105263628
1269224156727398400
1272714273148612611
1276258694657908737
1272807387251060736
1275199167518957570
1268516145633431553
1272560921068670983
1276617174979837953
1277042643827113985
1270091021922123777
1275934132934041600
1268288069276483584
1270054079474159620
1271305731027984384
1272648149438513153
1276579091060310017
1275900701726703625
1270340579931684864
1272609105832706051
1275672626699124736
1273721741177692166
1275056009288040448
1272136531860471808
1272575271271452673
1274286247327019009
1268298892740890626
1268329142560448518
1270330412775223297
1268189497411305472
1269782096861683712
1273763000063836160
1267478129863516160
1271876824755208198
1276414131751485441
1267992028778029056
1270418472816775170
1268549884594008066
1269142069974577152
1274437243000610816
1276321174948102144
1268510504286326786
1274379492052611072
1278084670048124928
1275131330565677058
1276755900120928257
1271938504747094017
1274450297851645964
1267333250059505664
1277494011599749120
1277649871739195394
1268582688425828354
1270642906672627712
1273278391991635975
1268286880828841987
1268623980233023493
1273367185658789888
1274052476572823553
1275475240265625601
1277430442115960840
1267507958512005122
1273191710663872512
1273249350529867782
1275826383445426176
1268312767154450432
1275450018002956288
1271509213534203904
1271658231908179968
1268344042963771394
1270216415799324672
1268101874194006017
1273834376879468545
1270123656899964928
1271918204324065281
1276343866120118272
1268042541594624000
1275759184320045057
1286047174527262723
1282536570088755201
1282502483886170113
1287017363179806720
1278698524914388992
1288909075397455872
1283513262710104066
1286656032261865473
1288824277026902016
1287388089321697282
1278098577881993216
1284613863376392193
1284872068941656068
1280902188894732288
1287394074287276032
1284924785252851718
1284056151005569024
1286352019784073219
1279083730812846081
1278713541466316800
1282513318150905856
1280346896503123968
1281966393760546816
1279631431858348032
1289239998756134913
1289263085799186432
1289288372020600832
1278300820371648514
1286863081092591617
1278538784867573760
1285986952706052096
1283161644353359874
1289171553884618752
1283899384686678016
1288176521979584514
1286472775520133120
1289061277046734850
1282459387857174529
1288251535445692421
1280268329803014144
1280148074694729728
1281548366552457216
1286451833657913344
1286809645630316544
1285022152597671936
1288358047673393154
1286923507205640192
1287392600710942720
1288921000999092225
1279610591380987904
1285626725448192001
1278473762694819840
1280688674888232960
1287769732553166848
1279183716334440448
1279934848853921792
1284158424909930496
1284897853639471104
1278128972111458305
1285407840937684992
1287117069616586754
1278805501648781316
1279530696780939265
1279932713915514880
1283993930086748160
1287410189105324035
1278148632697614336
1278195301128511491
1278213905786028034
1284857334485917696
1279801548613222400
1280215427231084544
1289249530571976704
1279091374306979840
1279760821858512896
1281536909169369089
1285598212481523712
1279096919168614402
1283922923707928577
1284511560111738880
1285588868700479488
1288916713568796672
1281141307390509056
1288956989675012098
1282665160402800641
1278493929260924929
1283857033213743104
1287393941038432257
1279113318905442314
1279962687007592455
1286314532034486280
1281554007752876032
1284173410982154241
1286851133638610946
1288776350971514881
1283931855520182273
1287815402874179586
1278352568805134337
1278413947683713025
1287414349309661187
1285442201598779393
1285025521764573191
1287401137772011521
1281733067141414912
1283878773864177665
1284258432183341063
1283995463616565248
1285175345939976195
1287573442217357315
1287599042344751105
1280223432563666948
1282480795568025601
1283953381527126019
1280450253309820928
1278115007465697281
1284277928986136577
1288584140099588101
1283866778175602688
1285315212246003712
1288528085877428225
1289283970157260800
1283152964732018690
1284089215303778304
1288781149666410496
1285409728387067904
1286849673177763841
1285581318726852610
1283735613867528193
1283938693695238144
1283485368424321025
1279655329962184704
1288200367495315464
1279470915957465088
1281234999216427009
1279423903287435264
1286766165927309312
1278325257112297472
1281702668302536704
1282479813299757056
1281926259908530177
1284741143729541120
1286785773019308033
1279771649580072960
1280267008001609731
1288745462527385600
1279922318257664000
1279077899874729985
1285627018516869120
1283053086592962567
1288318815269318656
1281002487500038146
1282880206571806724
1286639292803174400
1288581917177069568
1278552417362161670
1280067610487459841
1284808466515845120
1289262104319389697
1280545816340574213
1283882970638684165
1289241337670144001
1283849477242183681
1286385309538754560
1285725970482290692
1287386872637947905
1278156325550272514
1278394627414986752
1282419353196081152
1283967958344237057
1284628493121155072
1285298867077091328
1299316465745768455
1300372864101646337
1292813196445675520
1298728159991431171
1292601933941940224
1292602464798220290
1292866437531475969
1291199063061340160
1289831107186180096
1291905721907458050
1292837301656068097
1293083379513135105
1289692582524514306
1289830084539486208
1292926936193347592
1295600028577402880
1292465701127692289
1298962376759431168
1298384166346723328
1299350255020978182
1292774976525873153
1292822502003990528
1295439030650204161
1298287978112905217
1292618047958601728
1300458731755405314
1292796321355595778
1299427802039619585
1294478278858768384
1293280719549104133
1295720692546252805
1298530891216625664
1292822101829857281
1292885415842607104
1298327439135760384
1290633141330284545
1289408179474849792
1289841105006026752
1290312676808089601
1297392978030473216
1297879275849371650
1298455309875322881
1299114679617249280
1300507982455808002
1293255869073895431
1293869887035543553
1299303598661292032
1289623623993421824
1294646970267533312
1295062419635666951
1292790921709453314
1292814367965294592
1300540959013269504
1292784131819163648
1293985159092609028
1292673008822300673
1293699207627505664
1295506281210445835
1296882688796905475
1293838930660532225
1295887117160194049
1297687853233840130
1299480204830633985
1292834036847718406
1298836970576269318
1299551511375040512
1289556762413142018
1292630499526094854
1298611318749122562
1292818910299992064
1297299938498551808
1289938692929253379
1295420844177387521
1297022939032944640
1300548621461590016
1292642704023748608
1292795528644825091
1293739294054588416
1293200979957936128
1293424152414769153
1289789337907863554
1293242544961155074
1299472193705836545
1292802240114286592
1296450402896969741
1299471006721949696
1299702054143827969
1292143056880390145
1293456135710801920
1294117447432196097
1294343017105678336
1292263828881911809
1293141351652118529
1297256346686021632
1289935801850007552
1292625363059826693
1295841312005148676
1296001152681730048
1290763191228739584
1290677724671967232
1292797227535138818
1292851354818326528
1293018733519056896
1289764387155111936
1292621064519004162
1294571162060587010
1297393476359913473
1292940299220717569
1294007144912769024
1297934402459176964
1289337567352098816
1292606484640038913
1296177810168479746
1292258594369310721
1300539239063588868
1289350746744320000
1292894975718498304
1298390213190807552
1298726226312364032
1295510482728747010
1291359217731940352
1295050474547286018
1297329197950672897
1295776564655923202
1290758545789550601
1292873618209124354
1293696768329252864
1292636384151429120
1292863493117325319
1293337441085149184
1298400460940902401
1292819113195319296
1293233007114047488
1292377095792807936
1295529841106640896
1290389093084471296
1290999989192269824
1292669768433127424
1300497245142482945
1289590093347319808
1292815696204726272
1290746908504395776
1294007887354880000
1290281802532179968
1291381154545893378
1291439545741971456
1292780986376376326
1296837487134941184
1299658819585413120
1290364455511977984
1299115254480338945
1289331820077621248
1289886875256152065
1289905964242497537
1293628131950108676
1299863188276678656
1291355169444311040
1297026234979950592
1291925818743181312
1294776347659849728
1290753694536015875
1293231952783241217
1297364334373371905
1291920756188774400
1292662125270372354
1292633604867198977
1292635534884511744
1298356977945518085
1299516879799685120
1293604106565754881
1292789522405691398
1292998092531421184
1293148976426807296
1292587818321981446
1298681357699293191
1292682819874050048
1293547791642275842
1295305240036745220
1292803526897340416
1293225377666600964
1292887581030412288
1300424027861921792
1292867838445678593
1292695460935802881
1298864975671447552
1291805978040696833
1294595221775364097
1292956326323200008
1292968215941980160
1292616546897006592
1300959499898023936
1308081208203632640
1304747852208443392
1305107399301386241
1301480890204381190
1301810515350618113
1302045727682592768
1304012590708785152
1309539584548667395
1309892098733363202
1309309381809442816
1309720862271004672
1308387410275897351
1309543078319935488
1303102579862368258
1310553746183720966
1301493914793316352
1309547536881909761
1300985946905677826
1302623764350410752
1302760064617533443
1304007317277626375
1304433642777784320
1310989669870505985
1301187421762138113
1304174633428676608
1307641792909774849
1301563985385398276
1303307257871032322
1305613594273472515
1302981114945064960
1303479561166880768
1301163637193744384
1301464524457992196
1307842642248634368
1301617022372057089
1304170691072229377
1301748611118751746
1304209353893990401
1311329955322699777
1301545954068312065
1301751902485516288
1303042218199056387
1304147035457826824
1305647256847122432
1311188780607447040
1301691866249797633
1301725509752172544
1309640640570023938
1304026984272494593
1308507924088713220
1304451279704526856
1301314722944385025
1309158737505128449
1306199221931040768
1309529811723849730
1303995014867902464
1305477959168536576
1301685843694891020
1300598652508012545
1304159970162806784
1305542001727885313
1301503265528524800
1302593981377925122
1302619824225386496
1305969581622779904
1300914474623414272
1304182280177487874
1308141071726268416
1304397904610639875
1300591938656260097
1305303451895844865
1304220644951953408
1308205290085638145
1305868200731697157
1303334103299878917
1304573008540045312
1302902345840365568
1309095608792363009
1304119008355115008
1305469960316162049
1301296234175451136
1304075962456432641
1300577437491789826
1303318085273874433
1310141888486400002
1302807734941659136
1307116175017603073
1309640151291764736
1305281489303552000
1308933167789768704
1301075863295926272
1305739586962743299
1301039504040620032
1309595335719878658
1309400069343379456
1300913145603657731
1302559507617374208
1306310358295080963
1306705495210823682
1307031444376686595
1307692239305478151
1307909238098989057
1309632853974626304
1303282494616285186
1306339038694117376
1308518021078626304
1301029479649861635
1306314183332507651
1300712050944028674
1307602631301435394
1301341393986617344
1304172599212036096
1308629569528893440
1300594984593379329
1308075189373153281
1307347757921755137
1300784734931488771
1303105917337165824
1309692280425639937
1308584017168658432
1300898268424138752
1303712228881977350
1306227798160429056
1301093512050610176
1301893287620476929
1306431933790982146
1304667462344929282
1308460216179191809
1304624829627277312
1311212449585131521
1304007645607723009
1310275940572966920
1301572206669910016
1303702468057014272
1303949093111242752
1308414634379149313
1308486650591354880
1301658374967357446
1306992954083618818
1300774459519967232
1305183527118528514
1310232514359971842
1301252199847284736
1302688349820522496
1303855048439537664
1304246225903005698
1304528533495185408
1310013947324575744
1304179679205654529
1308417306150744070
1311397632053596162
1301266379128156160
1307463483680862216
1310601585945317377
1301842935961595905
1303095973703569409
1301858387983032321
1304721471487475712
1306008619079606283
1305624864980570112
1305196727851454469
1305596562421186560
1307150894774071296
1304437697080176640
1308041778227023873
1308124115933384704
1306229745915432973
1308850879748083712
1301481680541282305
1301528658406973440
1306905823759798277
1309432899557416966
1302603719968780288
1304466166946115584
1308033051981541376
1311195296332951553
1301142841104588800
1301182794455044099
1304267247620419584
1305015968897404928
1305388819613712384
1308805858097344513
1304760676943040513
1307074227086991361
1311161983199260678
1306818023135875079
1309782193082900481
1304893310646050816
1308105463838306304
1305578700189184002
1309837736577298437
1313441423312785409
1313905093381623813
1321085870015975427
1311752485044977664
1318269139681792006
1318201472350408710
1316762662001205249
1312159798582943744
1313584146120355844
1315695551057399808
1321676679706775552
1316599239825219587
1316278630440468486
1315653541671956480
1318718202222845952
1320860463962402822
1312096946769858560
1314360106000228352
1315816425819439104
1316839422457978882
1318125322466975750
1320500370368507905
1312779020556283904
1321747953522978816
1312923531672514561
1313147079175274496
1313743321412575232
1319953596721528832
1313483494451011585
1316880378167164929
1319363827222388739
1314200130472484866
1314131626964725761
1314232794118270976
1319234944653209602
1316593974715592704
1318191557128916994
1320184560597016590
1312138309078929409
1313134620255424515
1314964475917856773
1316748221520150529
1320331407009456129
1317297519844622336
1319494135879929856
1312896672884838400
1316468859893936129
1316665632604250119
1312117823112581120
1320462520944107527
1313667077039943680
1312212382182076416
1312538465154727936
1320953102443360258
1315881325044396032
1317357473901281280
1317167380854878212
1317574262807552000
1314649779264258054
1316892776957620228
1312527839527198720
1321203388000980992
1312828801374617603
1318210724699799554
1319852656500813825
1316948239250296832
1313725953026129920
1314341737016504321
1315294335685087233
1312867462707175425
1313855644991057920
1318165509855170560
1318180268742684672
1320864351134326787
1313472085579182083
1312404477786427393
1316125047136776194
1317575345533448192
1321068501872889856
1313648646731239425
1313705441877086208
1322542320735129602
1313506153154916352
1315047794755940352
1312887037779992578
1313494773303517190
1317839687625723904
1312778115647713291
1313183339696750597
1320623800342499328
1313138914295779328
1314067838538219520
1312122011305426944
1317737580218253312
1321240672310013952
1322315787424714755
1319186664019951616
1321619655027494915
1313651677430415360
1321031060227063810
1312575855495794690
1313112594002083843
1313673491582013440
1316039149246443522
1316693115084865538
1321315864688365568
1312087225111326720
1314624777013911557
1320565050596360192
1312169133765615616
1314000391252705280
1317115747387232258
1313289752846774272
1311930635460763648
1317186136196870145
1316935673316782081
1321552877509398528
1316634203543412737
1317969107879366656
1311756886493016064
1317604929066930178
1322609860089909251
1312851750223839238
1313948196436148225
1319367555950272518
1313405269787897856
1315536728644620288
1313175534323499008
1313803829524209665
1314167431347277826
1312304322869297152
1320114049779118080
1311970437233025024
1313243064941633538
1312868783975997441
1315866617268572161
1313103014824153090
1317745344784998407
1320058924729597954
1312528388582633472
1313203065571467270
1316019244207796224
1320830444313731072
1320980595175006210
1317506246015070209
1321222173269336071
1318281368321855489
1319044927792304132
1321123222352515072
1314949543465607169
1313695225609502721
1320037804336959491
1318208386119438336
1313214667184103424
1316377902200610818
1317078682427625481
1318926150152777728
1313091311621332992
1314400661514190848
1313962366267207681
1314548013398921216
1318526992795508737
1318931700651577345
1320419176905920517
1321093002287321093
1322609318089445380
1311740709305749505
1315687675253325833
1312025659569573889
1316058099640303616
1316899040278302723
1317068302334808074
1317174796443058183
1320758395549437959
1312813471537352705
1313930236405268480
1328569166861832194
1323295840442744833
1325179200379056129
1332787097397170176
1325156628891537409
1327971419855183872
1329137196188790788
1325072427425132545
1330230513928433675
1323384528984018947
1322888040805666816
1331339527194030083
1322916897474646016
1325636739327811584
1332059833076428802
1324768141784817665
1325977243168899074
1322676568171466758
1325472505637822467
1330903066376171520
1330588124490108929
1333134639628750849
1327206043248693256
1331620510006796288
1326975876475604993
1329846978381955073
1327362593829376001
1330234538216353793
1327488311519182849
1331427527584342023
1323369446258450433
1325973496829157376
1328622429166592001
1323032475874983937
1331727684255289345
1331300897440272384
1322942070177341450
1325374913469935616
1325481571948900352
1327258347620352003
1329063239095869445
1324494521762271234
1325438288782561280
1327254051705249796
1333169684787687426
1325372383516094464
1328722829412618240
1322979438905053184
1332738544146685954
1325199861491314688
1327313406001549312
1325441706062467075
1331332704051351558
1323416238287212546
1331498296704192512
1332423267488063491
1328892182821023746
1330224392756977664
1331030060699185155
1324135716226551809
1324867534441631746
1328121140032786433
1332469884299653120
1327034466854858752
1325385870128672768
1324679260309737472
1327405208176046080
1327799096669827072
1330295469193498625
1330324433970601986
1330519979620372481
1322683032902508546
1323720529874833408
1331293232605646854
1322887810131451904
1324094461090144257
1323438319003267073
1331523978565996545
1331606522464526339
1332307076064956416
1322959255910100992
1325076257839702017
1322965954209472512
1330529727187197963
1327156608137216000
1332454718342356992
1331428654618980355
1327284240019562496
1329011728861040640
1325268001193676806
1324435134297329670
1325909061229973506
1325420343494909956
1330919944264044553
1330340358174150658
1322764386658910214
1325840241702428674
1325453418253651968
1332092017124503552
1328426866705829894
1330413603447582720
1322749452109651969
1331658259451834369
1323871540002381827
1325523090655342593
1330199878710996994
1326886495563747329
1327041975162462211
1324094457810087936
1324928180180881408
1325503395650678784
1330360491194118146
1323982877588148228
1328028157690175489
1329919525068922880
1323006626907987968
1325989565065125888
1323124900748357632
1333439153300779010
1326331816203137036
1331920383948288000
1331357556946530304
1330587096856354816
1330690037659275264
1322761615922597890
1327007518116208641
1327418207033044992
1326594307017596928
1325453059695185920
1330356091369246722
1322919618260905986
1322924850038661122
1327312774087667712
1325835167643164675
1330075596081213441
1325027579510788096
1325545993392123904
1324827809253130244
1325276034237935617
1341696813057912832
1337782239745159169
1339318509533196288
1340642095627972608
1340501416465588224
1343930377241583617
1343724771197005825
1334556099639439363
1340965742997606401
1338477417350893568
1339717581637345282
1337111840036446212
1341383588466597889
1343990156911632386
1337128797640871936
1343990327485587457
1337041067900870668
1333724401028763648
1338917907334651904
1341115259747266561
1337033104582713345
1337563383583961089
1341396331802353667
1338824794524028928
1333854019262042124
1336249927375024128
1336425458976493568
1336352879469195264
1339812221065568256
1341151932082098178
1343842859510886400
1344670056823844865
1340388914960490497
1341837507852464130
1336814191278247936
1337150339552862212
1339977878855925761
1341210263597551617
1342881583343296513
1341090993614012422
1341027793950412801
1340372905859887104
1336510141978583042
1336337814867173377
1343966456854310912
1340625752925102083
1343990115123789832
1338326493697490950
1338595000834207746
1333932377257648128
1333960678361718786
1339742004201308161
1334435706056269825
1338616961849298944
1344648000166006785
1335521336853229568
1334320090620325888
1334764356211519488
1341860513605672960
1340724269186232320
1334510998263312384
1341214744296886272
1341959146833387520
1335777462085689347
1335971236812386308
1338822229711331328
1339958510688350211
1334270791727407104
1339311857362821121
1340189303008333826
1334208219841921024
1337145943918055424
1341198576941150208
1335832814294605824
1333890120571707394
1335309237916938243
1333790006830272512
1338639296388063232
1338972625033453568
1339140914883735557
1339582397893980160
1338178095044567040
1338738712981680128
1334878594116435968
1341068778478694401
1338656426063929345
1343629620688658433
1335822368409866242
1339841445415534593
1339919209363599363
1339986462809481220
1335714604144500736
1339227140718379009
1339669846192209923
1344026454225514498
1342084357578616833
1337495069406842880
1334126500254281730
1337938915492245505
1339993337491701760
1333849986753200129
1344670562942128128
1337433317117997057
1334254323669274625
1341379923156611075
1340400277850091520
1335940073141911558
1339990666424815618
1344103691511496705
1257725872641056768
1260357592947265536
1256984097840381953
1262487950371090433
1263292653770354689
1266770144241635331
1261947908649299968
1263089504165953536
1259633947706683392
1260652576388702209
1263200220906762241
1258426965452865536
1262933498261917696
1259985481196097537
1261597536328040450
1262027819837722624
1259631672687017988
1261416065550045184
1265550915249098753
1266701590167199745
1259602180669087744
1262507906597036034
1258622995800653824
1266272064983330817
1259808409748213763
1263687922877947904
1267031661839028226
1259138757133025280
1259576733235200000
1265742129437052932
1262319565964525569
1264202690105683968
1265311722535034880
1259107727818833920
1261191011788886016
1264380377327472641
1267094616278368256
1262106447984447490
1262488054117347328
1256900647175229441
1260400632651014152
1262861922052919297
1257307275011612673
1259439042946531328
1260962629792784387
1260983263696470017
1258896239556390912
1259147459848278016
1259668001269276672
1260394086516748290
1263336923038433280
1266922897303498752
1259866955353403392
1265786043774664705
1264561059937034240
1264966896203567104
1259144582987644935
1258527870269325312
1259897570572275713
1263163509078061059
1257855122433953798
1258758231624757251
1262746339399462917
1263041080225824768
1266910684383756295
1263247479018946560
1264225586538598400
1264865457070387201
1266949153759862784
1264145456898203651
1263208467038449664
1263687384736071681
1257619992960552960
1261050172198408192
1256981538488582144
1258565418027024386
1263705639915675648
1264589249485004800
1256327543755427846
1259622241420996608
1259832107599376384
1258477375240712192
1261271508133036033
1261827180243402752
1265781833381404678
1257202355524775936
1261258792005783552
1262948864518164481
1266845843757375492
1260996774455582720
1262913586340519936
1265680315457998848
1257392835512479744
1259754911459246080
1263135774834294784
1263194895994572801
1265050541815664642
1265222971070853120
1256266908392992779
1258039411767341060
1261592474444795905
1258798986716155906
1260323763935199234
1261125914303197184
1257297732965982211
1261778705044721664
1266295859701936133
1259860813436854273
1260683817901326343
1261717738948571139
1261916270427070465
1263478815864602625
1263851464088260608
1267197709695451143
1265708317793349632
1266739406540607488
1260367445656731656
1266727902609055745
1256189657173409794
1259483479424659459
1261082832299937792
1258113860642525185
1259961652688171011
1259188881729236994
1259884656050266112
1261065326755753984
1258241312861696001
1259254921368612864
1263511086856310794
1258596643064221696
1262604459697373185
1256211981188685832
1262296684857405440
1264313666905812992
1265810566247038979
1259679179081158657
1262589300908216320
1266428152353624064
1257117583418982401
1257141149602664455
1266768785979183105
1266897899226451969
1267072065485582337
1257981827181981698
1258054469318782976
1260595934779580418
1259163422949867521
1259780029594112000
1259868367378436096
1261819277889413127
1266823536783622146
1267130569856634889
1256634436671565824
1257837498572648448
1259926675451674627
1258455903923249156
1264226976547602433
1258789612136337415
1259613362071105536
1266758073168863234
1255989999343935488
1257052860816199681
1259312009822326784
1263128197224435713
1258391750885945350
1260976176886984704
1262261939888992257
1259099924932804608
1260862545906319360
1261547205254660097
1262011846506303488
1263094979305639937
1260837037692895233
1262895404951224320
1258500394822574086
1266170438729838592
1258146775535366145
1261075079661858817
1256019091028148226
1258031920740532229
1259623524878221323
1257880166434471937
1263177442543329280
1258154574780776450
1264307540713750531
1258821552969138176
1258748697908776961
1258865774527217665
1261211735672926209
1257323494410346500
1260330172831674373
1258861151414136832
1261341331428765696
1261597816876601344
1266857469336326145
1267118607726714881
1257853915208572929
1263267745329811463
1257409440619409408
1257952693265596416
1258943015818719232
1259228340575182849
1257790265995210754
1261654274150301697
1260242939696930817
1258062673301794817
1258755450226593795
1262520734850695173
1258056553887756288
1260277389562609664
1261826815510929408
1256266328467439616
1256863712327151616
1262054346843402247
1266380519257911296
1258541005227225089
1263625268377387008
1267084081382273024
1266767199936622593
1256683393292500993
1262400071167029250
1262847289288204291
1263090625362132992
1256183776922796036
1257428272306151424
1256204113869778944
1257494819129212930
1263104962487128067
1266130677155500033
1264584098917605382
1264079028341932033
1264660644915183620
1266460051256025089
1259893557718069255
1262962417358852097
1256859069404585984
1263151454627532801
1259118270613016576
1261239446998880256
1263818945280311296
1265300125292867585
1259665584222023680
1260868038037045249
1267126149081034755
1267143563827122176
1262905186034450432
1259060020316114944
1258832132102856710
1261855982294052864
1265370174393368577
1267072919177494528
1258880587806453765
1258745632313016321
1260294423079878656
1261336136766668800
1262369183783886848
1266492049228005377
1266774959851892736
1259058948226899968
1264428533876744192
1266990966314921989
1258848493659205633
1260699015739592706
1262741335607402499
1265811308852555776
1262429975619276800
1261896682641506304
1266836767279329280
1260204959523577857
1261296967692570625
1256996136386166785
1257668692076302337
1263706152610795523
1266753228449943552
1259611397803126785
1257200211744653313
1259430792763248645
1257183356837642241
1257642946763071491
1259638012708663296
1265221788264349697
