1187397336797827072
1185370846812000256
1184567176235311105
1201109351806722048
1219366554489491462
1226777909278343168
1232468569629134849
1232877123553153025
1243136932189818881
1240743597563162627
1240056824969265154
1238157584248512512
1253405906055946246
1252258221328199683
1255921401837559809
1250170715308990469
1253851468911857665
1250574683096965120
1249841995222310916
1253701473847951360
1271116881836027904
1268630102490918913
1267230010038943751
1268169707158454274
1274756468856590336
1282318755725377536
1283519992127004674
1280154683798061056
1283798570391535617
1284201710093774849
1288557406717390849
1280275332143210503
1285354871063969792
1293726555051405312
1296967716075601920
1299481890311733248
1296161608486531074
1305756056954351617
1304525121881862144
1309204809338228736
1308239597705531392
1301311276526829573
1310766720387371008
1311425592244547586
1312042317264678913
1316629635497635845
1320914677296254976
1316382327182888961
1320775951328833537
1316246632577425408
1316084825657405442
1318713784215752706
1323129292994322434
1324520640091738112
1324528461956997120
1328873056794710018
1334222051230453763
1338704261685915648
1336520950679015430
1341567954828357632
1256552111757721602
1265665491089195009
1261132948297805824
1256267351114362883
1263647014031507456
1256996359657459715
1258623661260468224
1262730014937800705
1256414356138590211
1260361027344105472
1256574693672452097
1256441952368832512
