1187012728772349953
1184514465317949442
1187692041762852864
1192497795598602245
1191264759590440960
1204017673828552704
1201929647082094594
1218073891588988928
1232354647505063940
1233145441572786176
1223675884109889538
1225909565805469698
1240641765910118400
1242122680695951362
1244544029657837568
1242012011489366016
1243599157073514498
1243450418673434625
1252939507181240320
1248687693594152960
1246537836708462592
1254820837099790336
1254032411056193538
1255530173581099010
1252251929427603458
1245402649102561282
1250387816963543043
1247122557012189186
1249787722631393280
1252155126908846080
1255085349027614720
1251231706541154307
1253086025154519040
1246657438046011392
1251533224158859265
1251202514185154560
1250778470163943431
1248507390330171402
1266792291521478656
1261961155481919489
1274682982758899714
1271350077454528515
1270012845237981187
1269307195537186825
1268238021335199745
1270014663481319427
1288330901722738690
1278665005911683073
1293048682250678272
1302871726209064962
1300645819545268227
1301459926821138432
1307273234233032704
1332875833933930496
1342387104291168257
1334848931742756864
1266792291521478656
1261961155481919489
1257041926576095235
1262074905094430720
1266449983558975488
1260932885923500034
1261682244491624450
1260420316796522499
