1242214941815459840
1240608578152673280
1243524077849108482
1240962076530610177
1243906003021824002
1244759138535702528
1252562799391313920
1253890660551311361
1254422069992964097
1255832901331140612
1255539313720295431
1249019489192235008
1249902730434482182
1246929568700784640
1253678965614673920
1248383511951626242
1248345628633174016
1250933484937502722
1268554277573857280
1267422962539528194
1276385758815776768
1270408653925998592
1267857740791263235
1267995565377421314
1268677127202918402
1268265151930785801
1276858833793683459
1278325637120512008
1283206397912645632
1289942782707216384
1297860126062387205
1294400487014445059
1294396604741558272
1299015100012146694
1298423766930853888
1300452918437515265
1296544987937755136
1300877057539420161
1312052727552376833
1321643364677226498
1318961271375564807
1314712180504358914
1330918063252918275
1341480518387429379
1341112946622132230
1340307891295805441
1340006310100742146
1336390075496722433
1256644944896372737
1259457790902448128
1259452688569376770
1261608214988234752
1256819579495550976
1260195653092806662
1266146767827066885
1259541970764156930
1258860192575430657
1265062272424202246
