1189520676383789056
1182476208568713216
1198686220953407488
1199402219449118720
1197192120395694080
1200536915574951936
1206351731161882624
1208076598555086849
1217762424209670145
1228433759181168644
1237848342404595721
1242547043438153735
1243600683799994368
1242881459934957568
1242895530860126209
1242912916250202112
1238536624792694785
1239628751815806984
1242587688093372416
1240379592545730560
1240710825578385409
1244672256543985664
1240035944834580481
1239573006856474629
1240737307952648192
1242848722729545732
1251099653006901255
1252346303507390465
1245288471729766402
1250411104041414657
1250895799115902976
1252497100413251584
1255972723257376769
1249452238378020865
1249484553061675008
1251216604550979584
1253651943286812672
1248292646180794368
1252737278809567232
1249731544303968258
1251301103666372608
1249049320046964737
1252250937185492994
1255538069253484544
1248657755113689089
1248049905014210561
1245143983514202113
1253361106027872256
1251136958891425793
1247290653098143745
1256935328474112001
1273703277662597120
1268987262437556226
1273199290723241985
1273634514980483073
1276126950646579206
1277995316353003524
1275070199931101191
1271517656659775489
1267263606086926341
1285152474941345793
1278770749130620930
1288156180930596865
1278845529766588416
1286693655160422402
1285303612483096576
1285977885937934338
1290719098406674432
1294677230614962177
1297262288316051456
1297995103286394881
1300249949981077504
1292554995968032768
1296107403990257665
1304222558624063490
1307817816968622080
1304177328554233858
1302054811353915392
1310579480239407110
1309246239045750786
1305723172575117314
1313841599907074048
1313529114171715585
1315630449755148288
1315036611772637184
1315994464318611458
1311641122133942272
1312008191694245888
1313085569522597888
1314233344880672779
1332690965212098560
1332321865197641728
1331744475610296320
1323103034826776576
1330586941683798019
1326372488243159040
1336342271780745217
1341400939522121729
1341421608918011907
1337519197925019649
1340366038299455490
1334937017940135946
1256935328474112001
1262812804937113601
1264969491605270535
1258982370885042177
1264906589359742976
1263144368300527617
1263850605631725568
1260964661966639106
1257782043104161792
1263605492925952002
1260277341378555905
1256296330319839232
1266481692564480000
1256320432849866754
1265705332770254855
1258532063206150144
1257067411448233985
1260325153055137793
1260487850061180936
1260218914732113920
