1188947258538156033
1191063009050943488
1194078905596022784
1210745089963618304
1227762404710285312
1226305353316433920
1243679217981616130
1242960096142987264
1255967501097238528
1245146506681815041
1249423438940430338
1272997356774932480
1276287079438143488
1270046659737579520
1283906540181782529
1299524672678060032
1294660144228380672
1305234517280595970
1316847207090454532
1321619385493184512
1316916543096225792
1314904977010237440
1342591081649758208
1338197443381514248
1264927083869777920
1261820849432166400
