1188116338234912769
1181550068182052865
1183802277783658505
1187373509514801155
1179527870323912704
1182382553350590464
1189613765748244480
1182302268852523009
1178806868342267904
1183146073134632962
1186037750849515521
1187456669510295552
1181331190856351745
1188426917361442816
1183781737786232832
1186942120248205314
1188784127987900416
1186291135829938176
1182130764348981249
1182710508731981825
1185949076505841664
1183950008204181504
1179206504458723328
1183344263691669504
1183798885606510593
1183945479370854400
1186867118605778944
1181331853686562821
1185572448034422789
1186904187868766208
1185156746127405057
1179448220885209088
1182715624813760512
1184463020446994432
1184682776089505797
1185210944135270401
1187072457791954944
1189750941714722820
1184969078223581184
1189521920917671936
1179371893184446466
1181268209342664704
1181699546696388608
1182770607856873473
1186293330780536832
1189395994536009728
1190033344190459911
1181016175481720832
1181573900079161344
1182386649826758657
1181231592833835008
1181208945534193664
1181940512946708480
1184804165630881792
1187946065577689089
1184600514014482432
1187712325391773702
1181397187005018113
1182613703977422848
1183454384329547783
1183734246919344129
1183791511533568000
1183838545401630720
1184115722328260608
1185570436962082817
1181794900666470401
1186297858875691009
1182382115796729858
1187826376180715521
1183938058980229121
1184083514515320832
1184994278013112320
1180618982677712896
1183478612755931138
1183797252571070464
1183799482397409283
1184250359344054272
1182683563029778435
1182827244550414336
1184925673527431172
1185545144633909248
1182696276737089568
1182814381966528512
1189610785464573952
1183016177301446663
1185309597390856197
1183081657990926341
1183798645503614976
1186601981541904384
1188312716412379137
1179774124006215685
1181188293758578688
1181292913428443136
1178887255378804737
1186288543557009409
1187817269671407616
1182364815936774145
1183826235656429569
1186838540526571520
1187061625267933186
1182526332749565952
1186989026626031616
1180848447517118464
1181063380225810433
1182378400826003457
1187606709373681664
1182330594597859328
1178844619586453504
1179437144550428673
1184215253153992705
1182388078373146630
1183865294802051073
1186835701087604736
1187541551456706560
1181575735699558401
1181946731111632898
1187416455932993539
1195066167221772293
1197599309526638592
1192284316010602496
1194762396797198341
1195190054374838274
1196241405691203584
1196559425340952577
1196895549510709248
1198025970923405312
1199796330110930946
1193337747194429442
1200471631283527680
1191193163865546754
1191413978431406081
1192478589117059075
1192637896920051712
1196839416142139394
1190707108787953664
1191043060521721857
1194747083368075266
1192516414118096896
1194777509897920513
1198818133571559425
1195173055732912129
1196528501085614080
1197758434273157121
1197351744595886080
1198970604889747461
1200705039142150144
1192617673001181185
1190673826121736192
1198806263460593664
1200175669973409792
1200859751208214528
1192896372867051521
1194620734179557378
1198675162733793281
1197240605501468673
1190637574101983232
1194008797787951106
1196154867955490816
1200495937321177093
1200397261487984641
1196085259298910211
1195482982422855681
1196480326538686464
1197971936753725441
1199102923915091980
1193630969548267520
1198209598764785665
1190655568924463104
1190829583265746944
1192402950683086849
1193930409085669378
1195371767155445761
1192606083338162177
1192657361703301120
1198505784168071168
1195782243643514880
1190660431934840833
1193882347915169794
1194603727308636160
1192085336526077953
1194657562274103296
1193921852986593280
1192495627130822657
1199365381191872512
1195858909497565189
1197602136110063616
1198831379187826688
1192184897135239168
1193972139260407808
1195557302796988416
1195791359916929024
1193705127716233216
1196602094020636672
1190272771839811585
1198949752299229184
1191786618144772096
1195825546808029184
1196897129748451329
1192553122641543168
1198015412937478144
1196476311017009152
1194402003813715969
1199860982752956416
1195378892380336128
1195939691759128578
1195148042057453568
1195317766284333057
1196508990986809346
1198199721560395777
1200139178702278656
1194712481442091008
1195440402351869952
1197894015141720064
1202048636823072768
1207452103968534535
1212070196417925121
1201256040441868288
1201227556269297670
1202397942683975680
1206534373874552833
1206562626509168640
1205265584490827776
1206415036651950080
1202775794927448065
1209179163451674630
1212087210113216513
1211728276151926784
1204237841875771392
1202220490577862658
1209085546217250816
1207388694090571777
1202263934650212352
1209527645093937152
1212086431889313792
1204545217791049728
1211761176926982150
1201194517774225408
1211366657257422848
1203414194261020672
1204694443321909248
1206754273272328192
1201711795875926016
1202150561790840832
1202231358929752065
1204786532885745665
1211339022481678336
1212004365407358979
1212030497326555137
1204726506989199360
1211432771274584066
1201217772039991296
1201899509455949824
1207934390380089349
1211370964006645761
1204555880278048768
1209125018996744194
1206733922882605056
1208541054133317632
1201608591439990791
1203805799690252288
1211365409980420102
1211875466556006401
1207271784019628032
1207446391506771968
1211357611116892164
1201676311887937537
1203312683245813762
1206715544902258688
1211679559923519488
1211643934952361987
1201500403554308104
1207441788606152705
1210699334737514496
1202025729963069440
1207693271587180545
1207834936109142018
1201281859356942336
1201513133258358784
1204221479510036481
1204349068413198337
1205687651577274368
1211644495818715136
1211716302101979136
1210930311321837568
1203422696140394503
1204542964774518784
1205830540076748801
1201158245940965378
1204965766443028481
1209198499105067021
1202381579063980036
1211632973944102912
1211649377485381634
1202574388652101632
1204568402041430017
1210652204400398337
1202748592319918080
1204501022078590977
1204201346259456001
1206999460934385665
1206554590201536512
1201202870139400193
1204612178235424768
1204879997548318720
1215248894000541696
1217146273255559170
1221195425580896256
1221816904634916864
1213084758466584576
1217627667844853763
1212738364782317571
1218345964756439041
1220701081140891649
1222780493533339648
1219372400007163904
1220196981475176448
1212410685960929283
1214039149784768512
1214960843160346624
1215408187009945600
1221178431460823043
1215779328501391360
1217484910249816065
1222004756878479361
1222006643946188800
1218181819486498817
1218204714963218433
1222335425596936192
1218614346655334400
1220763671225237507
1214258076963856387
1214930798438207489
1216429056142364672
1217549400299298816
1217994215369539584
1221138079748173825
1221714008622845952
1216030607890898944
1222558047504986113
1212742648236130304
1214680552181243905
1215733687855153153
1219923535667265537
1220385560553979904
1222338456224845824
1212443809503678465
1220202410817224709
1216092645887340546
1216752126002716675
1218293010804269056
1220428868273745921
1215355081765183489
1218929154328072194
1220344115189207040
1214300970093404161
1218684901572141056
1223086499886981120
1221187503979253760
1212448941414895617
1212796868868157442
1216941396269191168
1221464042180501505
1217996760842493952
1221262211588526082
1222940554901651456
1215352924529819648
1221899516133224454
1220170051170365440
1220405574397022208
1219670956467200007
1222982282505408512
1221210121734426624
1217068537954566144
1218272737023623169
1218766099153670144
1223022670993940481
1213630844130058242
1220007451820351488
1220167691706617857
1220519598069448704
1215430291499536384
1212178166216896513
1214915171879194624
1220364454149283840
1222706670977134592
1217565287064784901
1212545420179709953
1213712271131774977
1221199510921187330
1215377900850954240
1217991505224192000
1220417683654696961
1222869364744978433
1217993194605928448
1222308349875773441
1212252200023388163
1214917124021465088
1218594287262126080
1221966734887964672
1212358530264698880
1215744871782395904
1214915298454728705
1213322095905521665
1215288896931737603
1221219878851567624
1220769569385504769
1220503296194072576
1215311428527235075
1227008653569355776
1229576655108050946
1233444977792798720
1224385075350925313
1223384976026025984
1227993466099113984
1233371943086297089
1226591667915907073
1227753423430275072
1233810057349009409
1228519565711118338
1233226072864501760
1232449555527897088
1226547526284849152
1227344967082725378
1226925605435924481
1228088578967789568
1232661458351251456
1228414287980515330
1232830477825822720
1233312875353169920
1233204103091752960
1233379398188859393
1233512254433366018
1228026689185169408
1227402431664881664
1231712264291381248
1233844447126990850
1224481712329019397
1231320999741788162
1233248805983645697
1226525527672000512
1230861478904975362
1232315925698879489
1233642365916631040
1225592293610184705
1232406046729068544
1233100508010700800
1226618506034188290
1231741167907131392
1227046730044100608
1227787153603620869
1232383588206665728
1233834275889405957
1233039854335741952
1233198251278569474
1229685168912445440
1232032218748420096
1233369568891957249
1233774186373320705
1233808618035777537
1228167430293221378
1229521823009837058
1230927694961020929
1233502898140696576
1226398598721523713
1227601078629404672
1231988391346044929
1226670270875918336
1233428520212107271
1233482159748472832
1226779530339074048
1228055519111208960
1233410580540776459
1227974196623478784
1228024751026655232
1233595232547065856
1231712728055595009
1226590222894288896
1226778922467065856
1233564867782529026
1225789002931986432
1228124314186084352
1231723238973231105
1231744481134874629
1232146695452024832
1232693198226677764
1233805151057698817
1223386181141794817
1229698898765189120
1232449967245017089
1233143350657789958
1233192867075485697
1233812140919861252
1223447493691658241
1227296878955352064
1233501362924793858
1233549679461195776
1227788758986018816
1233422454376153089
1224705556050595842
1225538796265013248
1233553442498543617
1227456514115457024
1233191356274638848
1233218895625912320
1233787265366790144
1227048742714404864
1227056695454597121
1227793241589866496
1228022041523023873
1229576701232984064
1223512919079391232
1226588791474774016
1228358261339914240
1232619376911749121
1233428913365213184
1233841618895167489
1226719394908102656
1233144325900505088
1233843649584254976
1233851465623576587
1226484018583044097
1228513323148288001
1230876218456588288
1233098264033071105
1233196874577928194
1235756400019738624
1236420136032059392
1236879319353327616
1237032810579460096
1237258736764211200
1239309487200022528
1239936036521689088
1240655784775577601
1241090368214429696
1242439714424213505
1242487242641362944
1242960989559103488
1243223130778341376
1243290452683558914
1243449957287370752
1243617769909878785
1244610223006011392
1234657312834543616
1234917588750209025
1236795468035674112
1237487907222351872
1238931437803302913
1240977658223022080
1240989711952470018
1241466626068885506
1241859212692475905
1242499247943139328
1242997819704778753
1243666872509165568
1244220153157443590
1244450833376227328
1238561009457135616
1239591696763105282
1240365493774516224
1240844669447217154
1241012338381078528
1241869694111371269
1243540533286449154
1243614143531253760
1244676149357105152
1244729249401122823
1238535738767093762
1240640920116252672
1240765480702541831
1242119951915368450
1242455903577804802
1242787521534349322
1243077865471479809
1243566638642933764
1244297673727004672
1244310818386104321
1244671022391009287
1245053692509704192
1234635191248916480
1235981104189812738
1237481236215414784
1237664698478161921
1239624278120615938
1240133468769734658
1240366577804967936
1240688767540686849
1241055290436366336
1242493605668765696
1243613645147234304
1244495500839092224
1244702005962178568
1239294907795283972
1239962800362938368
1240019573119881217
1240171340654456832
1240647566276079619
1241351867365330945
1241740245751738368
1242187835282767872
1242546670061195265
1243146047955832833
1243213508067471361
1244290734901116929
1244335864102006784
1244946543695855619
1234843543279165440
1235943101375459328
1237547802353258497
1239217174511620096
1239221125776904194
1240615266326724608
1241763077097312256
1242280105344258048
1243191076476911618
1234856124299476999
1234868843488665602
1236320765886291968
1238821152786505729
1239190721292206080
1239888444593246208
1239974667311431681
1240657771382673410
1242074755806539776
1242141081128464388
1242907132745244672
1243142510635073537
1243247007466127361
1243271657436909580
1243716701772005380
1236202998860308480
1238000197457915904
1240578426454622209
1240617903365320704
1240711173126799361
1241384094824628225
1242184854558695431
1242523284526075904
1244973015462547456
1234290335158636544
1236667714917347329
1237395777485451264
1237913293617942528
1238192975664070657
1240645544747261958
1241451650952257537
1242451973779185665
1242846086802182145
1243307047590006788
1243367819963559939
1244105631717416960
1236668382818103296
1237382217094934530
1238547466624159745
1239166067186044928
1239986877240770560
1240444000307482633
1240679573185941504
1240731733722456064
1241040195421474817
1241376595501350914
1241402527301558272
1241424475934978050
1242146434717110274
1242209281421672448
1242486383081488384
1242816562890977280
1243149829708165122
1244121238873628674
1244635630061023232
1244702481659150338
1235635859904319489
1237043615123288064
1239645136360894464
1240262826452713472
1240316052908593152
1240434657151213568
1240452439385362432
1240731280741826561
1241147423151587330
1241534365869338629
1241846755395657729
1242515659558289409
1243040823928926209
1243217592682188801
1243408236574728192
1243607751231565824
1243684609360949248
1244365796161306624
1244367364822462464
1244411632522072066
1235642155064049664
1238314369227714563
1239393541039755264
1239897180502196226
1239982346796814337
1240099614000164864
1240144789800132610
1240291008161570817
1240647987811897344
1243258673528479744
1243870357599277062
1244485837162721282
1244486558557691904
1244644251826348032
1244740671631699968
1237454192551198722
1238630290983190534
1240049417794641920
1240640797734772736
1240788661941104640
1241913353720692743
1242089795037388800
1242195273197240322
1242210222216601600
1242510574144999425
1244281915156430853
1244379061167652864
1244969761353719809
1234852665911398400
1236483414426939392
1238079558185881600
1238511026569506818
1241231734315745280
1241746524633280522
1241766476182241281
1241877583844655104
1242594403190882304
1242909655132602374
1243203466719145984
1243987752682545153
1244454203721998336
1245071018072387584
1234857394217390082
1237913224755867648
1240985308969263104
1241928655225249793
1242519938637557760
1242570342918479873
1243307791370137600
1244458399703502848
1244481090192060416
1244616465053028353
1244962733721862144
1233962872360914944
1237024322444763140
1238467485399048192
1239934165862076416
1239951519790690304
1240021235439935491
1240100078506967043
1240439319468347399
1240663857728835585
1241370681448726528
1241910814015131649
1242515663517671425
1242847725701357572
1242923091929399296
1243335331690184704
1244647810408108032
1236993274277015554
1237171192164843521
1238940573874229248
1239218592429879296
1239242424490307585
1240019209561747457
1240105253028139008
1240386129016156160
1240460123182641153
1240817763104350208
1241862946734723072
1242142261405679624
1242575189084258304
1242670178699116545
1242832585123926018
1243032563343446016
1243281828640890884
1243292648653213696
1244053679595913216
1244360341418577921
1244472222451933186
1244677204627337218
1237169400827928576
1240194321963520001
1240418714974957569
1240784867199197192
1241236761423908864
1241750111954272256
1241861228072329216
1242227654830493696
1242799677222903809
1243026898831183873
1243676908413308929
1244418696019230720
1244826763449880577
1235702402550034432
1236724051306926081
1242097662704234500
1242790349971410944
1242877430626476034
1243220446939504640
1243597034021478400
1244290990766051328
1244331506580897792
1244714636420747264
1244987697376063488
1234889054908342272
1234986750776242176
1235208935587696640
1237219260243435520
1240495189996666880
1240979317363847168
1243526067152801794
1243585235033321472
1233908909762654208
1236751931067871232
1237004214745825281
1237170310064902145
1237473812284944384
1238114550941020161
1238914031441678336
1239742944376053762
1240456180566306816
1240529325016920065
1240639943489122304
1241881161774727168
1242110768688123912
1242516920097632256
1243675204934602758
1244506165154889728
1235570670609850368
1236798305352507397
1238681339861360641
1239135518824312832
1240034984360062977
1240707142530686977
1240995894851325952
1242814722342293506
1242942873756143616
1243243969158328320
1243261897312366593
1243868431390330881
1244121632630640640
1244309499399168000
1245061308254310400
1233968299999973378
1234831406754226176
1235408780696879104
1237496326637715459
1240018896255463424
1241880677542440962
1242585809032638464
1242918365502504962
1243023025705893888
1243651924961964040
1244280015664992261
1244282931104759808
1244316509389893632
1244366679297208321
1244679804533624833
1244797252503248898
1234841548862476288
1237068138212216835
1237080804796313601
1237718801942118400
1238800558728843265
1239735980820742144
1240455782086443008
1240476557916938242
1240708265031262211
1240716013496344576
1241739543067459584
1242043004036296704
1242494415303659522
1243164659391307777
1243508668970283010
1243597670301589504
1243907529723252736
1234832428801257473
1235973605390835713
1238554103552380933
1238913566356299778
1241137067091988487
1241415979562930176
1242462558889508870
1242470360823414784
1242863567201652736
1243544942728736768
1243989964297252864
1244285076055130117
1234385284525109250
1234924652733943808
1236442371405070338
1237121911202578432
1240742252206379009
1242670816526888960
1243574406506524672
1243702894114689024
1243977929710653440
1244469840078876672
1245033499028942848
1238164235672104960
1238538955789754368
1238654968778784768
1241498825769897985
1241751504853200897
1242178638583418887
1242545996040523777
1242563239487188999
1242869247870722049
1243672484727017472
1244967943034875910
1238280251936931840
1238589542694715392
1239671855214030848
1242038750236102656
1242196418254835712
1242511763494416384
1242528503414865920
1242843684032438272
1243037164960505858
1243363129209131014
1244823346698530816
1236463034018582529
1237009946677567490
1237204411044130816
1238740605074800641
1238899032606441473
1239605944801247241
1240121009539289088
1240378560759705603
1240473217447464961
1241053260926025729
1241901265807966209
1242147539333382145
1242278959825539074
1242906618418696193
1243307181316833280
1243321164472045568
1244314130733043713
1244617827878866946
1244968675448324096
1245003596137144322
1234912575302795266
1236007412324126720
1236774695594156032
1237072703519174657
1237914602223988738
1240088304847994880
1241837948661665792
1244897718687825927
1235719422951727106
1237539374100692994
1239164490090008583
1240631817016954880
1240644295092326401
1241903573669163008
1242149619066339338
1242868482770755585
1243250616022908928
1243970763062775809
1244079992113266688
1244438080418770944
1245052122732859394
1235235620483629059
1237163002261954560
1238164236678778880
1240148562534694913
1240651232240336898
1241202927513018368
1242871977616060422
1243201331113975809
1243239005711486977
1243630398149705734
1243638615277592576
1244518142413623297
1237510101411311617
1238467895673466881
1238874164578131968
1239664496592863232
1240686320575320064
1241105416291078145
1242187498471604224
1242216315949125632
1242427620870049792
1242451239473942530
1242547679529439234
1242858541440000000
1243212802963017728
1244306306300854272
1233909845083987969
1234844980876922880
1234890457634791424
1236509486648446982
1238121455650369536
1240623940533452800
1240711426328514561
1241741692161544195
1242210967972241408
1243205576202518530
1243638944060698624
1244094238289047552
1244909654804697090
1238475899621773312
1238930036888965120
1239680523582070784
1239988441930027008
1240057837692366850
1240972629294477313
1241147027368493057
1241381622554869762
1241892241834160129
1242682659718844416
1242869996675420165
1242892198279962625
1243238870621106176
1243958604732006400
1244349878773280768
1234977604861513729
1236832210860138498
1237152797822500864
1238540850247819264
1238648174283075589
1238735064680132608
1238851767497940992
1240799589189500929
1241835506658402304
1241902047106121729
1244962167708741633
1245037785896980481
1237248800483241986
1241383903614640128
1241877115638665216
1241912240539721728
1242217268152590337
1242436978358079488
1243369192881094657
1244602817232453633
1244676147092176898
1244727485645959169
1244796823899758594
1238106025745661952
1238442985928491015
1238608414323781633
1238655438532444161
1240908074845601792
1241215973387956224
1241925820886798337
1242695117972144129
1242790358951415810
1242865170344534017
1236532998742233089
1239703004187471872
1240086136271319040
1240295529294123008
1240393249208111105
1241167983294251009
1241451764081188869
1241748474976034816
1242066967227482112
1244410771540328449
1235401182409093120
1237025037519118336
1238510451069198338
1239364270963314691
1240770152360116227
1241818466354487296
1242793863305220097
1244776287136362497
1244962743297458176
1236408995067260934
1238524892317974533
1238838657714458624
1240307249035132930
1240354278490980354
1240740715153383424
1241770423752232963
1242091171704266757
1242281391678578688
1242562123819110402
1242982354588766208
1243031088328347650
1243364763507109889
1243684611516846080
1244697540286545921
1236322363530260480
1237996884041453568
1238206291379699738
1239836680179396608
1240012415443451905
1240027100897103875
1240283753013841920
1240791579213758464
1242523217459163136
1242644538008600576
1243504902703321089
1244468030123298817
1245037785519538176
1234869509451911169
1234979967173218304
1238587978827599877
1241655980993073152
1242353089689956354
1242501696468574208
1243013690963537921
1243213898053869569
1243227600727748608
1243516629960536064
1244103974950547456
1244238208042446848
1237024644302962688
1237738559538331648
1238949049698418688
1239994064847671306
1240047647227932672
1240794269234888709
1241044935018774528
1241938840903979008
1242585725146517505
1242682438020710401
1243065746227253248
1243194567354130436
1243926959123394560
1244336590664667137
1244454375667437568
1237070904145911808
1237419460606095362
1238564476296798210
1240011030115143681
1240121014723530754
1240644016770867203
1241827849964748800
1243031084830355457
1243757342165848064
1243915293602091009
1244333130971922433
1240454449669083136
1240933114840584192
1241058780298829830
1241357876200865792
1241375932687900673
1241395159763488768
1241774057944727556
1241899724967276544
1242738390963048453
1242754433424842752
1243335533482278912
1243474145846931456
1243632123141066752
1244491604007608320
1244597152636166144
1234859798539227136
1236340257941073920
1236991004516986886
1237538308202196992
1238978492961705984
1239298588712165377
1242642255984328704
1243171246264778753
1235013780511297536
1235644919584178181
1239308923766804488
1239400885907685385
1239883349419794432
1240424050935189505
1240437592442597377
1242493009821745154
1242898182150819840
1243096773708713984
1243170089379270657
1243265063990984707
1243364631222964229
1243575975176097793
1244338405615386624
1244584467412537345
1237202649688076290
1240885668911480832
1241467548865974272
1241546652868956161
1241788748800507916
1242883333366808576
1243244099240472577
1243295043495948288
1244342029490032641
1244628060873220098
1246105058288095234
1246404056295395330
1247125926678335488
1247354040968601601
1247823241818841090
1248275077235384320
1248380198090760193
1249019762337673216
1251209312850063360
1251541475009220609
1251582031814746113
1252466272262148098
1252687324497887237
1253010346538909697
1253521228473733120
1253795933332135937
1255553950473846786
1246041259682258946
1247258539145359360
1247273530967748609
1248790135518318598
1249826469338951680
1250255378136199168
1250274897529434114
1251445363766067202
1252582907484438529
1253502709963149314
1253750439712940033
1255170799222140928
1245687689803902979
1246538319812493321
1246937551920742400
1247745436313513987
1248610988460367873
1250121230964805633
1250627543545372673
1251760417019494402
1251879356101570563
1252033839528108032
1253671021313482756
1246865353642250246
1247143151157907457
1247245295970160640
1248254524168581123
1248275203840528384
1248343735819284482
1248508598319230976
1248951350525911041
1248979038443646976
1249160613839896576
1249823424731480064
1253843414170447875
1254050919487959048
1254327492225060868
1254727629359337472
1254749773539577856
1255044343364063232
1255407108461338624
1255544174188912647
1245501739526057986
1245620511331086337
1246135146685665280
1246498907301044225
1247309836863377408
1248099451844964353
1248301642673532929
1248648499308179457
1248720931922391040
1249702330762702851
1250778140399599617
1251913021007552517
1253164967110381568
1253784391005790209
1253790237882494977
1254734819138736128
1255905763718885377
1245357871958757376
1246183337749663744
1247705739583320064
1249027618428481537
1249233690804150272
1250189394344136704
1250456862039904257
1250570358266068992
1251561231418351618
1252361200748224515
1252558079583010816
1253658482219327488
1253714690300973057
1253917425948557317
1254066524303822849
1254392596736114688
1254965079386324992
1255071421581217798
1255199217833914370
1245415211215003648
1245706069914972164
1247231952614195205
1247607589895950336
1248652851901071360
1249132587064471555
1249504867133128713
1251007484921368578
1252215454908608513
1252426638249222144
1254617921269137409
1254772429433405441
1255308085524148224
1255625042169217025
1245942174992281600
1246195773877784576
1246938802154684416
1246979191482048513
1247158001540030469
1248304057040560128
1248626512762269696
1248948496893267970
1249899951854886912
1249912906264612864
1250580120034840577
1250773883172552705
1252575589308829702
1253675945287921664
1253697791202861056
1253818263340896256
1254049160057155586
1254985702804058112
1255130900997668870
1255944020393635852
1247715423803650050
1248235261315682305
1248250851988135939
1248380432741044224
1249362466339000328
1251768127651590144
1252632681290125312
1253664236766670849
1254401444444340230
1246104708453781504
1246176926001053696
1246239950556680197
1247372147602923521
1248589181531467782
1248706815388340224
1250083532954730496
1250454927341649921
1250953825713893377
1251963907893125120
1252416864166150152
1253721386192965635
1253757304215920640
1255832461247942658
1255867139791126528
1245342372755460096
1245597097891528706
1246844118115983360
1248254164066381824
1249674698700529664
1250403331681509376
1250605033080664064
1251308216841048067
1253671870433558531
1253701520941514760
1254412127684755456
1254466269866127361
1245378661844312065
1245414514767450112
1245529855757881347
1246818511944445953
1247010024200835072
1247701318581485568
1248102723133685761
1249347806726221826
1249367000360468481
1249778205415751680
1252944496402280448
1254050848327569410
1254165894328025090
1254212863889039360
1254377813735546881
1254768017814122498
1245524984358998016
1246433825460310016
1247120955870240769
1247498419175858176
1247968091201396737
1248227802093989889
1248319244783190016
1248512346974273539
1248622426298048513
1249967670826381312
1251358552406384641
1252342041171816450
1252425218393403393
1253653182737199104
1254364014483845120
1254750256991997952
1254769037038452737
1245352231517302789
1245373629384118272
1245756331379875842
1246202491408019456
1246467197678964737
1246746979964784641
1247083126339313668
1247141643628589056
1247534368022605824
1247611470231343115
1248036105787781123
1248276967503196163
1248303264803753984
1252756528571887616
1253525862512840704
1253663982730260481
1253881589819412481
1254407811402027008
1254761611748798465
1254879390170615808
1255126711424790528
1245140249220653056
1245348219590074368
1245540651195871234
1247363099893497856
1247577459450667008
1248230463476568064
1248635018278318080
1249449993045499905
1250402503650205696
1250563112983506945
1250828151019712518
1251247889843699713
1251283683543101440
1251400207918665729
1251957293911957504
1252975973563281408
1253171875108118529
1253690178541101056
1253782814320967681
1254049428949749761
1254205260962377734
1255369502050717696
1245210331871313924
1245411503538405379
1245689183026311169
1246153157283057671
1246897075947597824
1246959301006184450
1247126348642033664
1247490627069259777
1247722747972571136
1249422180619898882
1249745050793213954
1250113853855170560
1251070531878522881
1251616640384589825
1251797960238628864
1251858223344177159
1252615142170398720
1252641858427088896
1253352631734538241
1253818075108962305
1253835523757654016
1254479582562078720
1255116548106260481
1255467144441147392
1245490409725296640
1246101289009737733
1246655726749192193
1247170328062640130
1248646814690988032
1249749466787151877
1250036520330973185
1251005755257286659
1251375818347089920
1252642643080699909
1253126196373655554
1254319438817452033
1254628979748646915
1254643589679771650
1254839015188152323
1255246298573389826
1245175687700340736
1246176921794170885
1246197930882555904
1246480627043573761
1246550494262300672
1247916619252318210
1248277274245414912
1248326825559961602
1249672458812026881
1250054501811306497
1250766313527693312
1251097658279759872
1251221649703092226
1252205510272512000
1252246166399406080
1252342046599176192
1253644469041352704
1253695224314056705
1245856993228623873
1246414459280777217
1246605230927523840
1246935995674550272
1248373894047600641
1248628091443761157
1248661585536712711
1249471370221633536
1250189893453492224
1250849964382580737
1251828552229666818
1252954676477165570
1254944027994013696
1255133639697764354
1246999160378851328
1247563276155666433
1247627267154599937
1247893466190766081
1248392305423208448
1248476197316526082
1248535383115063297
1248634359751430146
1248934813098221568
1249786453841731584
1250462522689253376
1251880621120475137
1252425343828287488
1252840320481427456
1255092647351459840
1255540482823708673
1245147627240534017
1246640372886847489
1247851699492065281
1248053747005231104
1248321670760157184
1248335412327825409
1248533836931031043
1248769618430181376
1249333651365490690
1251215628507086848
1252214694011523072
1252264288351207425
1252760546623045632
1253039595886968837
1253066445065510912
1253679527693357056
1253760962038886401
1254354265096679425
1254443776543621120
1245339179149656065
1245385217575018497
1246699502733537280
1246833535882846208
1247737949040467970
1248358911259709440
1248663551142776844
1249014609316417536
1249735554498883584
1250099252149305344
1250139274139193345
1250402595002351617
1250805181060538368
1251228985780043780
1251360072250228736
1252198093090512896
1252256834163027968
1252270633154760707
1252727443170963463
1254271299389710338
1255510170949554180
1245151740267290625
1246905266953687040
1247206208643239936
1247269215033122816
1247664836932071424
1248002404433330176
1248442718054830080
1249043573833715714
1249047780301000704
1249834155610865667
1250855745387552768
1251342324036022272
1252319526126940160
1252487568140058625
1252940977200906240
1253361416859336704
1253469969989292033
1254395462884474887
1254516850857295877
1255512931942445063
1246201433315315712
1246569040044126208
1246812691236302848
1246822035931586564
1247528778575695873
1247764293912678400
1247906241722056709
1249065949254291459
1249426698229010432
1249496792841912321
1250400992077570048
1252972370245169153
1253475089397489666
1254050917311057924
1254458604188385280
1254527694164774912
1254614176598839296
1254799709908004864
1255110709647683584
1255340254736908288
1245552570271059968
1246090120694030338
1246105064986390533
1246547646149320704
1246864759816892423
1247206099788447746
1248241932859576322
1250048021116727297
1250183194323771392
1251045078476480517
1251214855421390848
1251359435366076416
1251460016776916993
1251664273580765184
1251857958478196737
1251862183442558978
1252208405046980610
1252681623876915209
1252869869168586757
1252988343182221314
1253386943116820481
1253681215346966528
1253700291003891712
1254393332664590336
1254551199199756288
1254816336615743488
1255548766934925312
1245366628411305986
1247137112287109121
1247981922518740992
1248211967661260800
1248300182279557121
1248718765404991488
1249012971751145472
1249033729370132480
1249500538611400711
1249872866985869321
1250077108589625347
1253010177026031616
1253310219469434883
1245160599237136384
1245403313115299844
1245493782935515138
1247968548124852225
1248417572871012353
1248974885885370369
1250114483353092097
1251651688727011334
1251862950970830849
1252552937533931521
1254494969022169088
1254554792753496069
1254768019496034307
1245403318119043072
1245532118874087424
1246509773492834305
1246509773492834305
1246522885948076034
1246560331746414599
1246664728904118272
1247129780585103360
1248060689584922624
1248451888472715267
1248646783120654342
1249755116112097281
1250785909672476673
1252249534987550720
1253774835232071680
1254734560232947712
1245444248213893120
1247137273159843842
1248077578612572160
1249180513232924672
1251914345706999811
1252229624886591489
1252664182417305602
1253834198994935808
1254052792899039233
1254829543065554944
1255340804962504704
1246099452819116035
1246561819688177664
1247115254716338176
1248625262872260609
1249158179793129473
1250401001720299520
1250559997051719681
1251308849866235904
1253345021337559040
1253780513409638401
1254431086286962689
1254541043250454528
1255148724264644612
1255240703703220225
1255680111560536065
1255833041559269381
1246590741830221824
1247109427204730880
1247140331298185217
1247256762140340225
1247303542525886464
1248223286854475781
1248625018256281600
1249185381796458497
1250181545253654529
1251148622743269383
1253418846922215433
1253651130334101505
1253717474752655363
1254050994847191042
1254243592954163200
1254681925962219520
1255104613566447625
1255146265442086916
1245139119438585856
1246573358872920075
1247270561501216769
1247306186334121985
1247690889050214400
1249899868820209669
1250879101663141894
1252024816791511041
1254128431681302528
1245357753389830145
1245435775686066176
1245513846275461120
1245566642920157185
1245694098675240960
1246583934483345410
1249079774452109318
1249106852840976386
1250648512674492416
1250789952511754240
1251508733613617152
1251986569319403522
1252025826205294592
1252046960619515906
1252099941276606464
1252213188130508801
1252268552809140225
1253418073802985474
1253418073802985474
1253690242340720641
1254445870491160576
1254460684798222337
1254805720819658752
1245118941883535361
1245783809993216001
1245807132487741440
1247891837970350088
1248618160665677833
1248671293592961036
1252060649183576065
1253743662053429253
1254284223428558850
1254357827952406529
1254858990443327488
1254924968783081474
1255145379554660352
1247576743038169088
1248107709578305538
1248253238979244039
1248685589613940736
1249012968219537408
1250139899006607360
1250931943149121536
1252263545376395265
1252271944046526470
1252953071555973121
1253674747721891841
1253693475289272321
1254488801977593857
1254530912198504448
1254772433296359427
1255736881469251585
1245333129667252225
1245641552468176896
1245686569895227393
1246821164737069056
1247333155964473344
1247531375650988035
1248402826419560448
1248439191328833537
1248972414626586630
1249064714723831819
1249686765734170628
1250756958463889408
1251966185244995584
1252200193325502464
1252756407260086272
1253694027939151872
1253905224844169216
1254253558695751681
1254439636669272065
1255347061274349568
1255922249699213315
1245411734434639877
1245561619897364480
1247920900369874945
1249508545541869568
1249705569834930187
1250390113198264330
1250616036635734016
1251245230663270402
1253749765302444032
1253820092942516226
1254140432906403843
1254199651269394432
1254271890761416704
1255189684168413184
1255246425149014020
1245484595044220928
1246935663519444992
1248151422492979200
1248591624550088710
1248605891437277185
1248813531601854466
1249942924441333761
1250397789206360064
1251199382659256325
1251420334466580480
1252021583763439616
1252081446958723072
1252606571726565376
1252983110582452224
1253444455274885120
1253695083838308354
1253737112832290817
1253795119372709889
1253809357222887424
1254403960036896769
1254735483579629570
1246080150229282823
1246486078053203970
1246939484031275010
1248258406735060992
1249539365279318017
1250067226822168577
1250639562985992192
1251875461820567553
1253724300663808003
1253725796583092225
1254398453213474817
1254795325702725634
1245751280603193344
1246980470753107969
1247965297518182403
1249801597376438274
1250108519958958080
1250275381061378049
1251645434260606977
1252012366910287872
1253176592450367488
1253234826339069952
1253479151647875072
1253683916294234112
1253693700535967744
1253747951232565249
1254808367404482561
1255429065672134657
1255702639154655233
1245781996451872769
1246898425418756096
1247170792024129537
1247280468342509569
1249866647072059393
1250591757915451392
1251850427844493314
1251950305744424960
1252255969058287621
1252679007004323842
1253016101119619073
1253651789607362563
1254769213580800002
1255806739271708673
1247099051398639617
1247634018830450688
1247844715468394502
1248767860492492801
1249683018182062081
1249704099051786240
1250084549301846017
1250917429674459144
1251632732137897984
1251752524823949313
1252084474495434752
1252635090519117830
1252747290646888449
1254743125005910016
1255110140988186626
1245730391983558657
1246105059588313088
1246125700051955712
1246198668895465472
1247246689120985092
1248717526843797505
1250814983153188864
1251141999547150337
1251287081428480000
1252628130994388992
1253377368040726528
1253733542879653888
1254490391535144960
1255544669091573762
1245411276940922881
1245575457073856514
1248008733726134272
1248440312034406400
1249535685012393990
1249693719873404933
1249776444152016896
1251618519302561792
1252644685354582017
1253805941335764992
1254051373097852929
1254216756647714817
1255933447790489600
1255941513185497088
1245855093154402304
1246879414333263872
1247134790328832001
1247258546497925122
1247891585523527687
1247914080897085442
1248223272166019074
1248476851623743488
1248593059002159109
1248600385914372097
1249427956830572544
1249464811525734403
1250173421108867072
1251153705396658176
1251970092595732480
1252713860219301888
1252952304480686086
1253502965547139077
1253510317339897857
1253666837184884737
1253702488034816003
1254138281228472320
1254473056531120129
1245286479993040896
1245459688306638853
1245696829188120576
1246164338337087488
1246545345686970371
1248251290347397124
1248721153192898560
1250741778019385345
1251134312285642752
1251865773150072833
1252182862670913537
1252610708057075712
1252957102521245696
1253547689649856512
1253664396750082049
1254442285929914368
1254541441923153923
1254785550390714370
1245158325810954240
1245346650954104837
1245424774035066881
1245564271666159616
1246068462700711936
1246229804791345152
1246370152125476869
1248242608314425346
1249128258546864129
1250033591503015936
1250160411678101504
1252841743306768389
1253489759751753732
1253494094829162503
1245350266414784512
1246755735796625408
1247245374588440576
1247259918366728192
1247597523297955840
1248081739777441797
1248301034990006279
1248592583862800384
1248813061663649792
1249268104640761856
1250189150155935750
1251225103372660736
1252945469401182210
1253367850477158400
1253715598070013953
1254609897334988800
1254719574227824640
1255460500701396992
1245290517690269696
1246461040767852545
1247890344185741313
1247917297903304704
1248607425332015105
1248821703091933185
1250149816870539266
1250948718536228866
1252846882469974017
1253720734796578818
1254071541467316224
1254541202822533121
1245401718021591041
1245530841314279427
1245872364711104512
1247176252550713345
1247730651018571776
1247943934220754945
1248189162651627520
1248269969982476288
1248274428825178113
1248311806327762944
1249117745448456194
1249233835104989186
1250077721037864961
1250569928123355141
1250804541211021317
1251168399666884610
1252342053737922560
1252618733366833159
1254526955686428673
1254530879545733120
1254593657400893441
1254670124377874433
1255133899610402818
1256620890609070082
1260022566309097473
1260304159753957377
1263877899691585538
1256452177440067585
1256688733744742402
1257364633226280960
1260030241776349190
1260647030508023808
1260922953341919234
1261272045746339841
1263446020412727307
1263537656278867968
1265715667199840259
1260902955353403393
1262058115735961602
1263456208591056898
1264935013759344640
1265422594372583424
1258440848590553088
1260274952005173252
1265428332562182148
1256220464852144129
1257025215063748608
1257027037602013185
1257662553523617792
1257668001022656513
1260023976052445187
1261038578727112706
1261298176750845954
1263443444904550400
1263472776091967492
1259241739514114048
1260030193051164672
1260057498066628609
1261001495195107328
1262160545379164162
1263201861802192896
1263641512191107072
1256316671997992960
1257751519312707586
1258770695229788163
1260025014394318850
1260071115826835459
1260171214099644418
1263171079805169664
1263345889986383873
1258446456362598401
1262395264314347520
1258292298930159616
1258861939159117826
1260021996345126915
1260336548010168321
1263276685081767937
1264954015495979013
1273319976208924672
1277665272124502019
1277173565998030849
1270865497249083392
1268142315677331457
1268969738522296326
1269412514502258689
1269455439403589632
1269696925177184256
1273027680431157252
1268150416203755522
1276117768199458816
1276144503238258688
1276222973687595011
1272182642591494144
1273743263997009922
1277351467956015107
1277137176484970497
1270824715691720711
1275289432384581637
1276929926499667968
1275490802785910789
1268452567320719360
1270776000050167808
1269515270768472064
1275476307871219712
1275826679534018561
1276239541213552646
1277085194260897792
1269856959873683456
1271933196838592513
1278047800500957184
1269811870980071425
1271115835311038465
1272164695164645377
1277252801505095681
1276108637992177665
1267482168298598401
1267914020524191745
1273356125707005952
1274343975822950401
1273065941627285504
1273598094362329091
1277981143153827841
1269639967413800960
1271962116703113219
1267810268995653632
1269254916838764549
1269726898592133125
1277256433424367618
1268532742469320708
1269851381323763713
1271503296025341954
1271995811514195969
1277269745251880965
1269036026850349056
1277173026434322432
1270780277049241603
1271103922543849472
1273684442494763014
1275865438648500224
1274384876473475073
1270188189320269824
1270403829876563970
1270500571489792001
1272201516955254784
1277620853052768258
1273052851623714817
1272959066969722883
1273355748731260928
1274850225740345345
1275565879934083073
1273038533935185922
1269432726861623299
1271830824074088448
1276936470939328512
1274543167229046784
1271646358877831168
1273332214617391104
1277793498461175809
1270336600673783809
1275577071792783360
1271776688498708481
1267421448362061826
1268171461912600578
1270357491193389056
1272871582193549312
1272995138000703489
1269608062274469896
1276244719253716992
1276244719253716992
1268309200146321408
1272763470199414784
1273337211933556737
1275609097530773504
1276214207176818688
1273321312522399744
1275035398696288256
1269425107065135104
1270685932363165700
1278049303668256769
1272611850589536262
1269425114044608514
1270442304222846976
1274381821057413121
1273379403360342020
1277917188775706625
1269416977287634944
1272677964749176832
1274471744280150016
1275489180819181568
1277793865550856192
1269158467706556417
1271521568531734528
1271535091425120257
1273633611716190209
1275098757617668096
1277284732380819459
1268938821116125184
1268225825423241216
1268233311115190272
1268683883391922179
1270377102647463938
1275887744821219332
1268309663499661312
1268264213727686656
1275576952322064385
1277282032113065985
1271868823474495488
1277848199403896832
1267598463102902272
1267690041721196544
1270873482348257280
1273246150775185408
1275684756412342272
1268297948598804489
1272894223029805058
1277262011840299008
1281644749749776384
1283407992709210113
1284430077397291008
1286579643445780480
1278865647708131329
1280686064433168384
1284106466228486146
1288829995746390016
1287422703268331520
1288296374216400896
1289283344044191744
1285929726360551426
1289164923772088321
1279278289199288321
1280936633894748160
1284405683606052864
1283203275404214272
1286275693886623744
1280238340202041344
1280847944548311040
1281645117183414273
1287173170105991168
1287811053317890048
1288632346384760834
1278316057199964160
1286902416235888642
1288302080134918144
1279196008816144384
1287358860685127681
1287563100204331008
1289149059458953217
1284999853831933952
1278532831417958400
1280166999365054466
1286557487802376193
1288486327739023360
1284176083898601472
1288981709761855488
1289305459371814913
1287012772627136512
1280889160622985217
1282532843873169409
1288147052799688705
1280004306486231040
1285715673482776577
1286591070873116672
1287118096923348992
1287540338345881600
1282413435066568704
1278295050623922177
1280146564464414727
1286393537219633159
1287720349484765186
1284307400837574657
1285894941999235072
1288340611553095682
1284972275045994497
1286995115349876737
1288317212042735616
1278826750059982850
1281367543395958784
1283792174077947905
1286694032249360384
1279801654532018177
1289240288834105352
1287876264351522816
1282332412123295744
1286075154708099072
1280811500525895680
1288762014303571976
1285740731114627073
1282334035696443397
1286640880556871683
1289256146805469185
1285239813361160192
1285928669593194497
1278289021941108739
1279557143323119618
1283018933289668610
1285492850340196353
1287424323444121602
1287463725180493824
1279083617101070338
1283602478286741505
1285995178449342464
1289272226198556677
1286429874698297345
1287032455598309382
1288858780306833408
1278853302688591872
1278493469518884865
1286972349149933569
1285637953834942464
1287090973487427584
1288498091562340359
1289288104294019072
1286332086065025025
1280538969097342977
1288582832147832832
1283131931920662533
1281790284855226368
1282948077091819520
1286256315854131200
1288165209547276288
1284281951352913929
1286346229790715907
1278722655189782528
1285776881086693378
1285908387008376833
1287175794628784128
1285243453606002689
1285590078019055618
1287462143948988417
1279906340152979456
1283016626648911872
1289134840743366657
1283173071822614529
1283947804973363201
1287449232350289920
1283785558624354304
1286798148573126657
1288066790589902848
1281278505192435712
1284205616873877505
1286351639406936072
1288988336825090049
1288876532824334336
1281581296645480449
1283057175657504768
1285581090334236672
1287766088390860800
1278377461554704384
1279866402011099137
1281368336123588608
1283203136090497024
1285854857019064320
1278487689860268032
1279878349989412864
1282551610988728325
1287551792658526214
1283094181141860352
1285951015905198080
1286319817658572802
1287748052862799873
1288688883069329408
1288871365919961089
1287729409194172416
1280758601779343361
1280773899538464769
1283378485046763522
1284144605076893698
1288501121032556545
1280615072662839296
1278999560346460162
1285183309404749826
1283264183149174787
1284155408496484353
1286336031965487111
1287453151986032640
1284100155558359040
1288520569982394369
1285239807635935233
1287486672226209794
1280534757369974784
1281974488536678402
1283036935120982018
1288484701091422208
1281009857366286336
1281573319960125456
1283906393817247744
1287454645573451782
1287900106503536640
1288703583962243072
1281522837518454784
1287436161237962753
1282478988787499009
1287199874094530562
1287428740507721728
1278301037267349509
1278529352565547009
1283031834830479364
1283783836556570624
1288889440065204224
1279001528112726017
1285449811953582081
1287805354747863044
1288117769309806600
1283407086622257154
1285245846020255745
1285553744956948482
1288816528641658880
1283739542726389762
1288875020387672064
1280595645104115712
1284009841673990145
1285597429425897473
1287749206422126594
1283018938968715265
1283811834387103744
1288092791759867907
1288471712896491520
1288523803514077184
1283738725860556800
1288485004645826560
1287666671134470145
1289284581661663232
1282852754457845762
1286044371805036549
1286722295998881793
1288690668886319104
1288884691798556674
1288276188008345600
1283268647864213504
1287039160965042177
1288414231704899584
1288436670421852160
1283749256130510856
1285765266765307905
1280600591585161216
1284012722397392896
1285375826972667904
1285615274461483015
1286247320577650693
1287813801014853634
1289041035750977537
1280998083954868226
1288811290085994496
1280522926467551235
1286736292043059200
1288288827451363331
1286670883822731264
1289170855331676162
1287500429551480832
1283226970654990338
1283478881287073792
1284646427986145280
1285584383408209921
1278337490114371585
1278349726207918083
1287026773511868416
1288791586399072257
1289056835102806016
1282122388084154368
1288609151875244032
1286457333602820098
1287371689593053185
1282672164869677059
1281689812752306178
1287914098785751043
1278661587012694016
1285668266699116545
1288475194185719808
1278738597743452160
1286697494794010633
1280007305443057669
1279112818739105792
1279952056594432004
1280159308630519808
1282107452201336833
1282585694712369153
1284450621102288896
1285602347482259456
1280826212055756800
1283042577248378883
1280206127741927424
1280822085883846657
1283845745913679872
1287251571537936386
1280235685300056064
1280728456242683905
1283421334677028865
1286014727387308033
1289078475173724161
1278984463456669697
1280111063028113411
1281267391138115584
1280992639739977733
1284863509797302275
1285738931615600641
1285898906023256065
1289257989107404800
1278469259451138048
1278758233327325184
1282712562069573632
1284043299808919552
1286631212426067970
1288480695342575617
1278146263435837440
1288281991977160704
1280799287174103040
1283043847342358530
1285932191084675073
1287416153401425920
1288610030506389504
1285942968076120068
1289270616705490944
1279253132220891136
1280838305689395201
1286311377846579201
1287834030096826368
1288521931315007488
1283973963584925696
1288145714137063424
1284622826633404416
1287212939628253185
1288978581964468224
1282512593257525249
1285555610482814978
1288499537582206976
1283766281804451844
1285990236816838658
1289283079786229760
1283855810963992576
1285945979418509313
1283896485936062468
1284622001408225281
1288512918301048832
1286820465751871488
1287410344176934913
1289265168795545600
1282918014619246592
1286658108429864961
1295710807821627393
1294341721195794434
1290287778677194752
1292440228247023616
1293922714277773312
1292537864127942656
1292801769760792577
1294792098080792576
1295504822137786369
1297392263861952513
1293886125640224769
1297157826318540801
1294227401610690560
1296533043558199297
1290349062630195200
1290615594778103808
1289617251297968129
1293805121202135040
1297632748119654400
1292857868274679810
1293520249828995079
1294059654113263616
1295367336577433600
1297599997886726145
1299497376571297792
1300395471589052420
1290721028931325954
1296871271313977344
1292515257823268864
1293004874750230533
1294841845680406530
1289651248187154432
1292147940686012416
1297398081005268992
1291119270416355328
1293294629853569034
1296032470173917185
1297575437174939649
1297635246888964097
1294483399823032321
1298033613628248064
1289581353793548295
1289713733502214144
1296526554973913093
1293692662092980224
1292234152570310656
1289878753120665607
1291114137032912897
1292472337506287616
1293313596475285510
1294657108672036871
1296856852223819776
1299497383638654976
1292474012229132288
1298320990351523849
1299714129545039873
1289676487847632897
1296041785723150337
1296857879098474496
1291049213392953344
1295730677393100801
1298020743167406080
1296083010194898945
1291100555851464704
1297566020610260993
1292900277180407808
1295392624870744064
1292127908690092038
1292972737980497921
1295039225411248129
1296885314770829312
1299815978742632449
1289583794857492486
1291861339216982019
1296203361952260097
1297186898914484224
1300062260958834688
1292783391780175872
1289550861803216897
1290641913230499840
1294013995524005895
1296570984640593920
1299386282200543232
1296165991613947904
1299790390376239104
1289987465726459904
1290443708819746819
1291712206766092288
1292835735234461699
1293255987726450688
1296159653902954496
1291587434849824769
1289752752059346944
1298468479968911360
1289533143087583234
1298917615918821377
1291917475043581962
1290110679307948039
1290823559179382784
1291905508673085442
1296802544354766849
1297870710044602368
1290394353043726341
1293750140008828928
1293587232448811008
1290277083948527616
1292937996564443136
1290283415359483904
1298664010045415431
1291210524978483201
1296253322375188480
1289944629249417216
1297599327913811973
1290677283477495808
1290678466262663168
1294054504082661378
1296918273330515968
1297583817390198784
1298413766904705024
1294899130775384069
1289362079749611520
1290116815394230272
1290252589611667462
1289590249899745280
1289610349977591808
1289922081165987843
1294673096214040579
1298138302692827136
1293311298504073216
1296191214945832960
1297625475188174849
1293941757785374720
1299520387294924800
1295409372751773696
1296060500246134790
1297874059833815041
1289964764278468609
1291718876003069952
1291010688706641926
1294251550639099905
1289603113851076613
1291912115914018821
1295028556989370368
1295466946079547392
1289643004186124288
1293020607584415745
1293933604209188865
1299816927750217728
1300445333076418560
1292347512771076096
1293696606911361026
1292377713039167488
1297593921443266560
1292165565939716097
1297934840977915905
1297960248649461760
1290715902380367874
1300132678642081792
1289519223295729665
1289753097951014912
1295789572731756544
1289553685505142784
1289705178006867968
1290113443194961921
1297970974675988480
1293240981345538048
1297323091052367872
1296183339255308291
1298994950302863363
1296190690943262727
1297788316469739520
1290323472976150528
1298996079728312325
1289558410443337728
1294248666241196034
1296159761189150720
1297937966090854401
1297992684318138368
1290528158735675393
1292518020913430528
1294029991978635270
1291886854527021056
1295050319769014279
1295435750708842497
1297537235537936385
1290401726093242369
1290664025295069187
1299713827576176641
1290532651976126464
1291873757787824128
1299560925343543296
1291408493262434305
1292094278760574982
1293505241753821185
1297569130179178497
1289910996702842882
1291852919650713600
1291096908794957824
1294684272750559232
1291854139673042944
1292865054203711488
1300450909307064320
1289688218212933633
1290611038648492032
1291384346641932289
1289961677790748678
1290293877971152897
1293557770382274560
1294693473400938496
1298464063144394753
1292710761735880704
1294141833094688768
1289576540716453888
1292053073913757696
1296255429098344448
1292987661322420224
1295511902488010753
1298743889327730688
1289986980730863616
1290390243179261953
1295770489726488577
1296371532789211137
1296296164711493633
1289563326809284608
1299996939883294721
1289652259547045889
1293735669341323264
1298315445632733193
1292265058244976640
1295794504423931905
1298458149402247170
1300476461090996225
1292291214075723776
1289926648721154049
1294683368722968583
1294699443535699969
1297962403640926208
1289801093979897856
1298043369004834816
1299868568008482818
1290042231462621184
1296263880214286336
1289928332008513537
1290001975367446528
1293218372734324736
1294642393921269762
1295508065790365697
1296488172885626886
1295413927761739776
1296845687766880256
1297653170387275778
1289586698280505345
1289643346638430208
1291906734936621056
1292494210181079047
1289593366846504960
1292030425833943045
1297354257641779200
1291015818323664897
1297559513579626499
1297745028916404224
1297570529256374273
1300233521492094981
1294153127713738753
1297546744155312128
1289678871336570885
1289780602372120576
1294598276679958528
1295451554628227075
1296156762329014283
1289516369155776513
1294799039574282242
1293015574390476800
1290104648653709312
1295734334855372800
1291969787866816514
1292289409031823360
1297627316517044227
1290584437374308352
1290747191120801793
1297865883642077184
1303764014225264640
1306307382515990530
1309123313428561921
1304067799577292801
1306468334737608705
1302666639255633920
1308707819651133440
1305572687255728128
1307907543885250562
1310905504454057984
1304123358053896192
1310945311792214016
1308099309611528192
1309158146083033088
1300954985102934016
1301570670149603335
1301830000509739010
1304082993389150209
1307459924285419521
1308180843500695552
1304186281027489792
1300915454446239744
1302412148392558593
1310764160674824192
1304799029910548482
1306770678238994433
1311412878008754176
1311323611911856128
1306978072672063490
1307775468418945024
1303741574405210117
1311398482406760449
1305505719920197632
1305943783083778049
1306920866576568320
1311397744141983744
1311128598921658372
1300962610272186368
1305928028682252288
1306641173579141121
1302184838766555136
1301090964707049472
1301221997725138945
1304266178311999490
1304344199781736449
1306052262083489792
1306957412348297217
1309157533760786440
1310756168944373760
1311389427701293057
1302636185097875456
1304227137717768192
1306780397146120194
1301285161946869760
1302409869094420480
1306975482253062152
1311285299209674752
1310753550318800896
1303804130968760320
1310778441147527169
1308240889374896128
1310897387259351040
1307857713376886784
1304212487051464704
1308177317131247616
1308928415467069440
1310575911092105216
1310958283281362947
1310581961283510272
1311350238666514436
1306990485584609280
1308917681165398016
1309623994841092096
1311020161047109634
1311065530971893766
1306373090465779714
1306679451824975872
1306827929335209984
1300774942867423232
1306757787846930432
1306738213973712897
1303451460575866880
1305722396905623553
1306748530988638210
1304245584748920832
1311291919230668801
1308737217301340166
1308776774021664769
1301333282320130049
1305897241924849666
1311371488671477766
1303714304953262080
1301166273083002885
1304096053151621120
1304148405212639245
1308820378777772032
1300964961942872064
1304576112207560704
1305870630974349318
1300915608482054145
1303342161707110402
1300851117287329793
1307741991145332738
1305847584372662273
1306748023414775809
1311286991330435072
1301105222614310913
1303689285657391104
1306969630339104774
1303830083937931265
1306566847324540930
1304186668375707649
1305870136390365187
1306393667700228096
1311038162416828418
1310329882988036096
1311263989796659201
1311399096113082368
1303943926953291777
1306701524681318402
1301177119561703424
1301137737811218433
1307707975620935681
1302683478220320769
1302348124581748737
1310756185079939073
1301240900060770304
1304575604730351616
1306831053923942401
1311088269036122113
1309179569828626432
1311164424603013120
1302694245459877888
1310754483169710086
1300854458436386817
1301474378388066306
1302270399321763844
1308667756418564096
1310332682417639425
1310612087387774978
1308759076449521665
1310790510085312514
1304252586548252683
1308437175952842752
1310391253301972992
1302966174750142464
1303483978360516610
1304017789322031108
1302369895733223425
1303396340618100737
1301327391315369984
1302288433012850688
1300813104301748229
1308758362138513408
1303473189914378244
1306196267878416385
1303514907187453953
1304144628787027970
1303197780022681600
1306600283330555905
1303770928380219392
1303686592620568576
1308550914496540673
1304102728000438275
1304329468584980480
1304779858338353153
1304801206682877955
1305882844317720577
1308764518655426562
1303799008343871490
1308670207263604736
1302894513623498752
1304169453492592640
1303582048917970946
1304109014905532416
1300969006581587968
1303981678289772545
1304216706513018881
1306629969355759617
1308461523942154241
1311349224517242880
1302641882619502594
1309771467844878336
1300991760210915328
1302421929219981312
1306923755923476481
1306620284900794368
1306871721891332097
1304079150022635520
1303808788269379585
1306575199345823744
1304268753635545088
1306748151655575552
1310898955501416449
1304235475947778048
1311247048394461184
1302674691681693697
1304075928893497346
1304255050810880000
1300955358811303936
1301054335330197511
1301345453750050816
1304407857694113792
1302805239326629889
1303852288579121153
1300852937590071296
1306926097280442369
1302573365601931265
1304198860810498048
1304414082062147584
1308048752675037187
1305955146774405122
1306960339167252482
1310671882950148097
1310787179371667457
1310164920248315907
1315006956206252033
1313828432955006976
1313981294850699264
1314702190129287168
1316118895221108737
1311992089077452800
1314715625239920640
1318882176704733186
1316522970588774400
1318666419341504519
1312248774232731649
1312317224552554497
1316048933659967489
1316829036400709633
1313482782916698112
1317110812591353856
1311982395365617665
1313600232786194434
1317932875942080512
1317131946481299458
1318185399307698177
1319658628148703232
1321470613521899520
1312447586389778432
1316638116816580608
1315590773937639424
1319267904777449472
1315431662251986944
1313438659782287365
1320902758820683777
1315077631524712448
1316354648991690752
1313529858501283850
1317892033386668032
1313302718853701632
1315449862205341697
1318231771989803010
1318339666433646592
1319803056821727232
1311643662653157377
1312767495359598593
1313136990058024961
1320037934368784391
1313074471276666880
1314777081545469954
1320736325708861440
1316157690268311554
1316522307632812032
1321631771272876032
1314703326869512192
1315662143526588419
1321862516423708672
1322608268108308486
1313549551119134720
1317842689690378241
1317692422239944705
1318295378593255428
1320975346649292802
1321112919766040577
1320813978487050243
1316693286367768576
1320391653514006528
1312611035971379200
1316048193474363397
1321087741778690049
1313502256667521024
1314129172944441344
1315832877553250306
1317544606603579394
1319259330340859905
1313434464500903938
1321853092216885248
1321873760870432774
1313097390233182208
1314978309088968704
1317922745385054209
1312755403516710913
1321182606554259459
1317921779277393920
1317924885851787265
1315404534273904641
1312119429547737089
1312450454211588096
1320844907561603073
1312701633373954048
1313232996275757057
1316054120332169216
1322146780121767936
1316212073525907456
1321459901290467335
1314113440533757952
1313448701780807680
1313495444979359749
1315796508730679298
1319038322765869058
1321340690555641856
1313060123217141760
1313236279652478976
1313455773381472258
1317849721218781184
1318968935144771585
1320841893211615233
1321847399451516929
1312812302421368843
1313151475372023808
1315555438113378304
1316031490787102720
1319634619885625344
1321345761704087553
1312389832610471936
1318893797254758402
1313129304692322304
1313569196903669766
1317880386878271489
1312516033559707648
1316944844619681793
1318339154363641856
1320103060740472837
1320991886887141376
1312169756984709120
1313081519305523201
1313989338502488066
1320059288958586882
1320537460611244033
1313484746807226370
1317134438204116993
1319249916246413312
1311635684105486336
1313944069211484161
1315500176983851008
1315570668558139392
1311512748627496960
1315098929243975681
1321075623352217600
1312219333691490305
1313589545527631872
1314447462942339072
1318552437507194880
1313325153523294208
1313878519957450754
1314704976808079361
1320034201513594881
1321863690753351692
1312123150784552960
1316587248306061312
1319100571714908161
1317090812241584128
1320011613345374210
1321853004727812096
1315149549950959618
1316014746001317894
1320816821507862529
1316835754555760640
1314917198109040646
1315762459404365825
1317915599478161410
1316769576068149248
1322266158012092418
1311650653169766402
1312477175661043712
1316365654841266177
1312765318570409987
1313815853549465601
1312932231216799746
1312948083165077504
1316001348832374789
1317131198351564803
1318281391096942595
1321161132619563014
1321315123798122496
1319093879686086657
1311899982996238339
1312045312366657538
1316780790261317634
1318049114232287232
1314772022535188485
1316013418936033282
1318276415817621504
1321876454376906763
1313317713528250368
1316323379713114112
1316720312613064704
1312548846984212480
1311983500774473730
1311991854943137792
1311999111734927360
1313135403243761664
1314214426522783747
1314670069713170432
1317545705502920704
1312557323265609729
1316013079906283528
1320726409485008896
1315980367891816450
1312155535664275456
1312664017983303680
1316057898108153856
1316234623525896193
1316242464903053314
1317655344617725952
1311691772985135104
1318712942532190208
1311879344411668480
1313713300639633409
1313718808129888256
1314680033622003713
1318448181290635264
1311478631173152768
1312502980101304320
1315415328483024896
1317141416510894081
1311636247140544512
1316199477724807169
1319701107988418561
1317636778463961089
1318867456493031424
1321518277605101568
1321657775194210305
1314691732509011973
1316395543627788288
1312519339266854913
1312860431589888000
1314790994869719040
1316391596598996993
1322406308222398466
1312074717952708608
1315435144644190209
1321308856014852096
1321512823415918592
1314589582369976326
1318966618249187331
1314169123358859267
1319057622604091394
1312589649999810560
1317922705572651008
1317934043921600512
1312801444332924931
1314030099201753091
1318279285862469632
1321056562727677953
1312688353393942528
1316280214540804097
1317461212355948544
1321870612181049344
1321303063634870277
1312431633509867520
1312256196707934208
1312162076828155906
1316174769490817025
1317701200918147072
1320040284575682560
1320465733789327369
1313543035028942848
1321175070299992064
1313848111249285120
1322310700463722502
1316528911912628225
1320807682467450881
1319336786838081541
1313471585177808898
1315585308776423424
1316350289411108867
1317152387014914052
1318208099543511053
1313698328509444098
1318343145570983936
1317042739335233536
1318764518781014016
1319117924859260930
1320166880477278208
1321212164724658179
1321563449772703745
1312830263781732352
1318669595746594816
1322324515100262400
1311606924773740544
1316039677728743424
1313463179222093825
1318374011982598144
1319459541977739265
1313026406020870144
1319030954661416964
1315377250087231488
1317560732892975105
1316325515301535744
1317880391953362944
1312271300547633153
1314189044088266754
1315397144698744832
1319086029203124224
1314266823416717312
1317053092383346688
1313956026652057600
1314979370277060609
1321564358057578496
1313595979732602880
1316083998918017024
1318157834794786819
1319244058871681024
1324733917790810112
1323143438355714049
1329638095944364040
1330636124079976452
1329434925272076290
1329420171371446272
1330352006666579969
1331657423744995328
1324823717315301376
1326094888501309440
1330997471774994434
1331558345363296257
1325668067620220928
1329356376666120195
1329475385252311042
1326186235983847424
1326643886345777152
1330554824467902470
1323620417907560449
1326297057859137536
1324500759094984707
1327369025505136642
1329827462272860166
1333068901752586242
1324712818923495425
1326613823307051023
1326645631666978816
1327252709079199746
1329734490558631938
1332741945693757440
1327747524195622912
1329908389061685250
1327765118797701124
1330273976355065857
1325773135287889922
1329249298635132928
1333424695815729152
1325831553042313216
1331659042033381376
1331452309465751558
1324675536975654912
1323645066565488641
1326333832161681408
1332139662836686848
1327462075124346881
1329923868333510656
1332378538301825025
1331405630461112323
1326202534373945344
1326971056955994117
1326355985301008385
1328837325523197952
1329220970121465861
1326031303209328642
1326481124344803330
1327181274151333888
1328469325624315909
1329222495820541956
1331302545692700677
1326047606645137409
1329577783819792385
1323493253715431425
1323687517120565250
1329103459719659520
1329401436065595392
1325913944750317568
1327227722377031681
1329527126345748481
1329519541618159616
1330603454654537729
1325809787322462209
1326334556815945732
1326495293848875011
1330248424042729481
1323362630510223362
1328703197230166017
1330991998564593664
1325980190233726976
1328315036381573121
1329823332544303106
1331486036002709504
1324034109216350208
1331025372532465666
1322932066221203458
1323573810096865280
1326193876206460928
1327269368376532992
1328884140771483648
1329422814193991681
1329161479052935168
1329448822444056583
1331965447126740995
1329761420649480193
1323602090304811009
1327454475989241856
1329225418352848902
1330335257749499905
1330760760998334465
1324267973083758594
1325740048411578368
1330350064154386432
1331398275237285891
1333065819136245762
1325821720209444864
1328434161980481537
1329576200348471297
1330853236924813313
1330243347945025536
1326333366178701313
1324029668148813824
1331053633903882241
1332379620092604419
1333426084277149698
1326201343871246337
1327582186841640963
1329042685479403522
1329889105971343360
1329926877625147397
1330344385578487810
1329143854033825792
1330080966518452224
1323324615050100736
1325542622312591360
1325530872884375563
1331582958633955328
1327222944708382721
1322982731421241346
1326892612675117060
1329932924599189505
1330934368454516742
1331108421832118272
1331914219793498114
1327503314959826944
1325951111681945600
1324157178501042178
1328496461504335872
1329401943047901189
1329303526783152129
1329489696049795076
1332714882324590592
1329896182932410368
1323397556173475841
1326681676509016065
1330094778898329601
1330850844497960962
1331659052200366088
1323940562198810625
1327590866446389251
1329467570013999105
1332443278378196995
1322963636508217346
1327404890042159105
1327343847437967363
1330390766838018048
1325830269606170633
1329930021423763459
1328736942486417409
1329719393865977858
1329355437171466242
1333109105557323776
1326159014158356482
1327464462698246145
1329749098442887173
1329609922292588545
1330672841004515328
1328695671294021633
1330862364846137348
1332339200339939329
1327094723572424704
1329145490760351744
1332023906811654146
1330226730661982210
1326153524133072896
1329394126094155776
1325851662146105344
1325873500272390145
1329625462339985408
1333357874458750976
1332690624185774080
1326196935473025025
1327272676906446849
1329696115197833216
1330128787544166407
1323647134340653059
1330012393322151936
1324383614184747011
1327310780383969280
1329437938325843969
1329603040287002625
1329946635015770118
1332495434351222791
1328420004887408640
1329130748092297224
1332323929247993857
1327223572096458752
1327574971183316992
1325635105591717888
1328291998646767616
1330070534776819712
1330893201352355843
1326187123951558661
1329371601649819648
1333028081385172995
1333087539578630144
1328179035734765570
1328841955934146560
1329500159491846146
1326719250828914689
1323337718156333056
1326049709421596675
1329295244798676992
1329691059329241088
1332409307866992641
1327521916677103618
1331347391044325376
1332833786178973701
1323438769723346944
1329764693137784834
1327229486702546945
1328823880916611072
1328012830201712640
1329415602843361281
1330542943015464966
1323348604786896901
1330964566218584075
1333182900754321415
1325879586232688640
1323309182515367937
1330308142094282752
1331031886236315648
1331397306390810630
1332230890735497217
1326526287180001281
1329426660924518406
1330291783922819075
1330550879825510405
1332394682198994952
1329766622488375296
1331691765124849664
1329032134036647937
1329485291246264320
1333426368030322688
1326396878557163525
1326605181199347712
1327446773409968130
1332765466859872257
1325608025990770689
1327096109836111874
1330725143237201920
1331043617499189250
1325774272606793728
1326186191545307136
1328933715498700800
1329568275043282946
1332809877048143873
1328524145215242240
1325948655665254401
1327340265745465344
1329539207686025217
1331051676128616449
1331080359023284226
1325339911348658176
1325451770529681409
1326737236092571650
1329213873350557696
1332865375239872515
1324374046071353346
1324973331339235328
1327294163943968768
1328177105914404865
1330358972872855552
1329216583600803840
1333426474414534656
1328366511329775618
1340667908838473733
1340929705273245696
1342017305442578432
1343472430233178112
1338975258049536000
1334513865925779467
1336631293635792899
1338191600040751109
1341357954872864770
1341431717819789319
1336870957143744512
1343507131882999810
1337767032285261824
1335849158305931264
1336762935247433729
1337226829661315072
1344067689505964032
1335950943737815048
1337078856054960135
1335030880457412608
1336502470596587520
1338215755205275652
1338501384652525568
1341111295207063552
1344731939849179136
1334014570315223041
1335266700011294720
1339378104373030912
1343279387576135681
1333836772313239552
1339000551472697345
1339210980169924609
1339929052984045568
1337405629854490625
1334911857967054849
1335640247527301121
1340975438533808128
1343550518325612545
1342530556932702208
1344591903296159746
1333560428438450178
1337889985446350848
1343244373874466819
1344234258496434177
1334262075376353280
1336333347874729986
1336826470233042945
1341549646636699648
1341047489718317058
1334629669321265156
1341503539613487104
1339370891415748608
1334007143695933441
1335438122230771712
1338609466640515072
1341108819070316546
1344124183538589696
1341842531873476608
1342894589309562881
1339749361303973889
1336696878348390401
1336136891066970113
1338910501229764609
1336858184665890817
1337344009589538816
1343399328220663810
1343973641688592386
1336458598545846274
1337084853905403906
1340035155222794241
1334627553794011138
1343804346996293632
1343958461848170498
1344221828735090688
1336080318097481730
1338869560708005893
1338196723139825670
1340991697010962432
1337268509923975169
1338663198908530688
1340097366595006469
1333755993180684290
1335971876837920770
1338258214643769346
1340881896432144384
1341565549046849537
1333944858046853121
1337077042878107649
1341546453534007296
1335261787457900546
1336701542607581187
1337494526173143040
1343956207447334912
1333760409233367040
1337085184479518721
1337416011755233280
1339276683640238081
1340766689462374402
1341685113734623237
1334650718918205447
1343283018769727489
1334856400791613446
1342640809313759233
1336119593568493576
1340105957804654592
1340989506464432129
1335573590796726272
1337120156804214784
1341359466772484096
1336349706453061632
1337602464896303104
1337787305939988486
1338576783843745796
1340698032904560640
1343645909985345536
1334979962550546436
1338884956920008706
1340810725460123648
1334785288963579905
1336296016333574145
1337228879925145602
1341218420180865026
1341788690339618818
1338187206641389569
1338588483279933440
1336824006528303104
1341404137058152451
1342955126290587653
1338501864011272192
1343002771205795846
1341774198507638791
1336701275954499586
1337321359450361859
1338428356585385986
1343920030103306245
1336755164812898306
1338551085330386945
1337947364619767808
1334554132418502656
1334755484272881665
1337067918664888321
1335351628254343169
1337420512734015491
1341258110875234304
1336943872010686464
1342498899240480776
1337403713292546053
1340449931404972033
1344682746241683463
1338126871310065664
1343806591565381632
1341404142200377351
1341580841588117504
1343211141556682753
1338323588353384449
1339550925971619842
1341928495295827969
1335830709437607936
1339846612546449409
1344424974384324608
1335582915590283266
1338999663966396416
1340983489471021056
1336745911339413504
1344087718402301959
1334979932439515136
1341569918513266690
1336034495485669378
1336296522514898947
1338667159271174145
1344245104488267776
1338337418366377984
1344752477824974848
1337116885813317632
1339625041823211520
1339206154497355776
1340718450772205568
1335711878559854593
1340160073449017344
1341617295030771712
1343424572268269568
1336486109946114048
1338661046001627136
1340030458965331968
1336329207157145600
1339936971989295105
1344482992417345544
1340053431285936128
1338552260498952195
1339562127267401729
1340653138332831744
1341255411760943104
1342402339525644288
1343898193453412353
1338530736559837185
1340876157961396224
1342276702274260993
1343028496143056896
1343887107560001538
1337555274454818817
1337983973645938692
1341570607490637824
1343215695471980544
1343591819515461634
1344374286073655302
1338336261413761024
1343945003618295809
1338287980662775809
1334472337652023298
1339600679841660933
1339248577881706501
1341553534886703106
1335920378707775488
1338305342573187072
1336952836475809792
1344374210257321985
1335987466814300165
1338604978877788160
1340015485392285698
1340892392874942464
1341112191714516993
1338867930344255492
1335882166585217024
1336691247847763972
1338305822116380676
1340792357134856193
1343962367160274944
1339594299218874370
1335364954380242944
1336928771383816195
1339450386835415041
1342598503218905088
1333940831896498179
1335946075216220161
1343625963276525568
1344153880146264064
1334904446434893828
1341587267312226304
1336785033533669377
1337367287628644353
1338527554831990786
1335589300113727492
1336856327398825985
1337055357533900802
1334848514845790208
1336279494668111872
1336420321533046785
1336634410892988416
1338285087637422080
1338581411662503936
1339012203681341440
1333896100370059266
1336123020293808130
1338231749030109186
1338274137144344576
1336770478845943809
1343369335604068352
1343409387851960322
1337075868628209668
1339705822486482944
1334289883406340097
1335012578318225408
1336430332766203905
1339072374977810432
1343071386718384129
1343361495598465025
1339058269940117507
1337989963720245250
1338843267647959042
1335921753118416897
1336297929976541186
1338882803438669826
1341824724821794816
1336105254832787460
1337078287827431426
1338487799419265024
1338801113009594369
1341183054233014272
1341559622633549824
1338230803365572613
1339185823439319041
1339689800983478272
1334155835363221504
1339411671278874624
1341463654244311046
1341424770517090305
1342180125828206592
1344701730106257415
1334579545786105856
1335263263282638854
1337145935533629443
1337446570661449732
1343282258858414080
1334869246371893248
1335266191107977216
1337068065687621632
1339868744139427841
1335584129514156035
1335004409298907138
1335258768985079808
1336989172465160193
1337124083222405122
1337960065484013568
1341841144309641216
1336675802960760834
1338778460316073984
1344081649236123649
1335217938626973697
1340086831421956097
1343580114966044673
1343973015969800197
1341067797028167681
1333811481142390784
1335024807243436033
1337638449344434177
1343851892422537216
1343975017290244098
1343251747742109696
1343906640203022338
1336304642888699905
1337616225929576448
1339329722665160706
1340930139014615040
1343636346158555136
1333692768808439810
1337480515180515329
1334669760793989121
1336526243928309761
1337005686417461257
1343604400351309824
1256620890609070082
1260022566309097473
1260304159753957377
1263877899691585538
1256452177440067585
1256688733744742402
1257364633226280960
1260030241776349190
1260647030508023808
1260922953341919234
1261272045746339841
1263446020412727307
1263537656278867968
1265715667199840259
1260902955353403393
1262058115735961602
1263456208591056898
1264935013759344640
1265422594372583424
1258440848590553088
1260274952005173252
1265428332562182148
1256220464852144129
1257025215063748608
1257027037602013185
1257662553523617792
1257668001022656513
1260023976052445187
1261038578727112706
1261298176750845954
1263443444904550400
1263472776091967492
1259241739514114048
1260030193051164672
1260057498066628609
1261001495195107328
1262160545379164162
1263201861802192896
1263641512191107072
1256316671997992960
1257751519312707586
1258770695229788163
1260025014394318850
1260071115826835459
1260171214099644418
1263171079805169664
1263345889986383873
1258446456362598401
1262395264314347520
1258292298930159616
1258861939159117826
1260021996345126915
1260336548010168321
1263276685081767937
1264954015495979013
1262082478233149447
1263128142698500096
1263466670577852417
1259167636094500864
1259311804779380736
1266889393199026178
1257169321530322944
1260025223283269637
1264228870691139585
1259396335557414912
1259625389766307845
1260016363935944705
1260035680652021760
1261683251975983109
1262715070875918340
1264040521250545664
1262357018012246016
1263462680402243587
1256920899917357056
1257446794331664385
1256350608816082945
1259070184612134913
1259286320721125377
1260054716869836803
1265731681392214019
1258802279165108229
1264960567002853376
1257252576216711168
1258146366414454784
1265888011486715905
1256029538481397760
1256606641811677184
1256649915138289665
1257715988994248704
1260052270064041985
1261620043294507008
1262102330289164288
1262414707425771521
1256984381354323970
1257621581045604354
1259516180278022147
1256931012396924928
1260029039533674497
1266789862906032128
1256972285589807104
1258940359025057792
1261168891012747265
1261709445995786240
1262361516801765377
1258146160667025408
1259670706599669760
1261914487877033986
1262404555779633157
1257677493646942209
1258813994846076934
1259296582413008897
1259488718953558016
1260031448368599042
1260727915152457728
1261664041308696576
1256042126116347906
1256994933602422791
1258772408149987330
1261487431699755008
1263436444993048576
1263465389465440264
1263885441075470338
1264762490296164352
1261772262786695168
1262051812963565569
1263477595590529025
1264813588889300996
1260023089984724992
1260031774899400709
1260039926713892865
1260163082233319425
1257087820616749056
1257412207001972738
1257857755689304064
1259576580583481344
1263661172139667463
1264967248520888321
1258571168233054208
1258578845407555585
1261665115545493504
1262106334759194626
1262329724396662784
1262767364044718081
1261460549415530497
1258123541116932096
1258126372268060673
1259594779861663748
1260072516829220865
1260298790256312320
1262344565849116672
1256017264018460673
1260684247582425089
1265611908876509184
1260024076736724993
1262613883283480579
1262800462517989378
1265733963106091008
1260026322622902275
1260190193690316800
1260194903788683264
1261101631174672385
1261643543627603969
1265436301379006465
1256112342959521796
1258391997972348928
1260031747804155910
1260810118658048001
1262860986484211712
1263439957969928192
1265283115108499456
1260474059734888450
1260556047036661760
1261306766178103296
1262097679863160840
1263450316533567489
1256709074617434112
1257446119182864384
1258639658621132800
1258772638547222528
1259810382366961664
1261485496695431170
1264570178345611265
1256415629910740993
1256742664025718784
1257362235539828738
1257367421805113346
1258370168180346880
1261147946013167617
1261330296219131904
1263452399617925120
1264211627873669121
1265310875260301317
1259842131394547714
1260024125411581960
1260035090278580228
1263142581510107137
1263572648400953344
1263670910780952576
1256146477589512192
1261678415591153664
1262458313205317633
1263804829282865153
1264827624330858497
1257450510497599490
1259858644985921538
1260025960247615495
1260082188386795521
1261229010937352193
1261276592334147584
1259291324752281602
1264619967330181121
1256915917100986370
1260021912136118277
1257446794478354434
1260053299463548929
1263303384251027463
1257364417689378827
1258298800088608768
1261697453008486406
1259541850446127104
1259641422564777984
1260024987156574211
1263572936016842752
1258124401821675522
1259808232316399616
1259829073506795521
1259906129317883916
1260177947274678273
1260199356701052928
1261444058238652416
1262240602617503744
1262299522379640832
1258088149571395584
1260025426421809153
1261181135851270144
1261786594576461829
1263228333472444416
1257479855702228992
1257529162153234435
1258115656416886786
1260027926256336897
1260027926256336897
1260032792437506050
1260905299990458374
1265646953607512064
1266538837448298497
1257042039419678720
1258871561668358144
1260022023587106819
1260033456928468994
1260198824020258816
1263215307184726016
1264173380422578176
1264222086899232768
1260055321285783552
1260178466432901121
1265784231843688448
1258929125399711744
1260326270614663169
1258343441072902144
1259793138387832832
1261274351363637248
1261510479345676290
1262616995461246976
1263167925650952197
1264172183015886849
1256637968376160258
1258369922389819392
1261170874914230272
1261766273173803008
1259298979763888131
1262412627973718017
1265609100282351616
1256618537851826177
1258473200695967744
1258867703797997569
1257063145043980288
1258122504859574273
1258758706214256641
1260231682168221696
1261055273906704387
1261839217237217280
1262754354731184128
1263485813171593216
1257556703303790592
1262392356134883328
1262428630648360967
1256398105106358272
1256670385170505728
1258923231307862017
1259818088461189126
1260030222818177024
1265425495434412032
1260036215027294210
1261633359844978688
1263100712201990144
1264351664569495553
1265045333874216960
1266572178104791040
1256909003990290433
1256927284751216640
1258409211580604419
1258604556876787717
1260021267345752070
1260029282115391488
1260039791573258244
1263513494378422273
1266058429690376192
1256190114948055044
1257632639785328640
1258002025574535168
1261305860455792641
1265041786977677312
1266174461482393600
1257256296320864257
1257676658984828929
1259862845694472192
1261372838524551168
1263803092681863169
1264999942352809985
1259852626168025090
1260022786346545156
1256139070368972807
1256362227042447360
1260277983102873600
1262756826178744325
1257780936952823808
1260188708403326981
1261146142374596609
1261158218497175555
1262358653711069185
1265440440016424963
1256623645411115009
1260294436572917765
1262343057254395904
1264537831487275009
1256270844319289345
1257919473283207168
1259306298010550272
1263700295491686400
1263948433070723072
1265704631247745027
1266156814023843841
1257664405153685507
1260120935773999106
1262756162476191752
1264255644258963457
1257777873936678914
1259151300765331456
1260126154591211521
1262181584746221568
1262782276703670272
1263319877433114624
1264648928630394880
1257329558224855041
1259841968437329920
1260025311455936513
1262752646596669442
1262883313313701888
1265458968874418176
1260031600089198597
1260062303619342337
1261522085395996673
1265039943782600705
1259934940054958081
1261265914403659778
1264587743717470209
1265423228538777600
1265448684981899264
1258123055081172994
1260028438775128065
1260653213910364160
1260720614471421953
1260024134546845726
1260982194169880576
1263164923481337856
1263562298041524224
1263803309548171264
1263999111033794560
1258082181093654528
1258130336237490177
1260623530066149378
1262734481472884737
1263463046149701636
1265977661714657280
1256447006475784193
1260027696408432641
1264071332611973126
1260078082557272064
1262875992277880834
1256218104532815872
1257233641073074176
1258108720476798976
1259687310997647360
1260675791425286152
1256273059087962112
1256274701065674757
1258590078382698498
1258827559233560577
1260029941451681793
1260033726114697217
1263140382944014336
1256579979200000001
1260036244374827008
1260572641800454150
1262535982966026241
1262697675473989633
1265075700660350976
1257422259058356224
1260326270535000064
1260550470243954689
1261188394551439361
1258168982210662400
1258764756833284097
1259223634670784512
1262350738501455873
1263983005456044043
1264747036542267394
1258801705694748673
1260166716589514757
1260172234557194240
1262125523196502016
1256666875456618499
1259890021026447361
1260017667810848768
1259586262685683715
1260026018699415560
1262365890873622528
1262819194816479232
1266748979762524161
1263109315415674880
1263227631589343232
1266444727483691008
1256414995706830849
1261792870467604481
1262742066355814401
1256660190373404672
1260109293170208768
1260204545038340096
1261675341262749697
1261680327392559104
1262432294280839168
1262646934889619462
1263887488059191297
1265424675376705536
1257045935890153473
1258745265546121216
1260028605230313476
1260172297803051018
1263136285343899648
1263197101263126530
1256579429058347010
1256715412592607232
1259341364652683264
1256246807723728898
1256526922273742848
1260893596485660672
1256026212931039237
1256375367797014528
1258605051397894144
1260025548899680258
1260033556320903170
1261023166316580865
1261260925824188416
1260056428007415813
1262386962700414976
1263614801789378560
1263828628846018561
1265918348887379969
1257326499968897025
1257757846877265924
1262070330832621572
1262224025180229633
1262361939818147841
1264990954735321088
1256609003427237888
1259435409697845248
1256679081539764225
1263797522570625025
1264713887552864256
1264901863536648192
1256281214052257792
1257467938954637317
1260583911425441793
1262026202719666182
1263468871194939394
1266080467113005056
1256250666697146369
1257366693573263374
1257473902147702786
1258079970682757122
1260020349267132417
1260020356917551104
1261418087259099136
1262096254282002432
1266754001632100352
1259577770394488832
1260027656130580487
1261697258795552768
1265328870137319430
1258771836550156288
1257996414426083329
1259682102536294400
1260953907854864387
1264587345250209792
1256309248780189696
1260125843222695936
1260597110908391424
1262388736010194944
1266888514509008896
1266910507304398848
1260189462321078274
1261261532060475392
1258146421955538944
1259227570010087424
1260024076828987392
1260024399685509122
1260196849069314049
1263156160661610496
1263827727569674240
1260019566425456641
1260024950045372416
1260033706837684229
1260039218144915456
1260212342266134536
1256347933961646081
1256668799090081793
1257677564996235264
1257770934565392384
1259842579253755904
1260060724640075776
1261762474086260736
1257223969582616582
1258940277831671808
1260919527078014977
1263451020211912704
1263477033302134790
1257542933110304776
1258608696260562945
1260026793328701445
1260664152655196162
1265663362416943104
1256604775396839426
1259234134096052227
1260079659212890112
1262390119505543168
1263571719689814030
1264925568967102464
1266263139126894592
1258036821511946242
1258399010395652103
1258751351972081665
1262593406691348481
1264645310535491584
1266530646920441856
1256638814703026177
1258697099602001921
1260738991621627906
1260935914609491970
1261344751485194240
1262039302382342146
1263258830504411141
1264149216344956929
1257834672865738754
1260938561043550208
1261318683764260864
1261633190562877441
1262601508719333377
1265859120130916353
1266075903752171521
1266850889488191488
1257452473859612673
1257550731000688641
1260918356984487936
1261514348381433857
1262367105099239424
1263806308689473537
1256398444983390208
1257480398415597569
1258528140441210880
1260667201071300608
1260683373086818309
1262398939900399617
1263318734959071232
1256350087174897664
1259169301807980545
1259362546898948099
1260933213498703873
1261692646923198464
1256042416664018945
1256352838986248192
1260045682297069568
1262748760154628096
1264119008942452736
1265662628967387136
1265669293070594048
1266705814225641477
1256000493471629314
1257543303052042245
1257725317067743233
1260043374691844098
1264560914109476864
1264988155473801221
1256409924671729664
1258119504439246848
1259654386575306753
1262159163926253568
1256415524788961281
1256425857171599361
1256433944905617408
1257840735950258176
1258833506748284935
1260021362401280001
1260951300231094274
1262037924117278722
1264217403438833664
1256018635316854785
1260031927815266304
1260593352828846080
1260994801920434178
1265798974813777920
1259143862963982339
1260022207838711810
1262555062360039424
1265175978579382273
1257318582112751623
1258113244801241089
1259339115121840131
1260036115802632198
1260071191315804164
1261683599247650817
1264593761964716032
1265437960960454658
1257873841612820480
1258171696470790146
1259539868994043904
1260994806542503936
1262177679853400064
1256075457461547013
1256210584065933313
1259179370306027524
1260322618244321282
1264902551872376832
1257400109907787779
1257479206289600512
1260982542297190401
1261679735295401987
1263188778606346240
1264620580898328585
1265277459353743360
1257331336878141440
1260765483609067526
1261052196600217600
1262857708685975555
1257866032078823424
1259573507165507590
1260061217206476805
1261823168903340032
1262096543764504578
