1186844871631474688
1182110414634549248
1178883072219062272
1197414154686140416
1197350764680597504
1199186223211909120
1207078255179812864
1205626311030427649
1208915895285891072
1221899397186719744
1217175638664237058
1233047690168225793
1231734832130072576
1233552665252106240
1232465210620833793
1227659479849873409
1233411333191716864
1233103433395298305
1232686521783746560
1242512744286478338
1241172777375354884
1244630540650610690
1239570934937391107
1243963483038892032
1241081024056037378
1244674008504774656
1238630949820104705
1237355384316321792
1243539135077453825
1245104308246515714
1240958943037448193
1242672429824180224
1244647508627898368
1244720562963800064
1235371732011077633
1241146294518906881
1244988714545287168
1239597501658861575
1240059314582228993
1243181408589189120
1240726297904656384
1236670941259800577
1241933673131315201
1239593047396093954
1242611163617206272
1242945512568786944
1243052837904490496
1243995321761480704
1242858789696495617
1238465202598727687
1241396343572066305
1245063669148454914
1239348783265320961
1239577947834445824
1244641493219979264
1233922630312513536
1235019934759096321
1238219001718661120
1239673963808198656
1244262297532391425
1238552161648287751
1250791490521088003
1253390787498455042
1249137077058506753
1248260559771963393
1248993220756791296
1251650765359382529
1251934146429157377
1246769807485292546
1246765522173083648
1245442364350631938
1255111189433999361
1247892174034710528
1251243159360856065
1254870447310508033
1248303559306870785
1248167165171302400
1247560761091584000
1255508399518822407
1251671629102538753
1248977534907224064
1246084412359376901
1247276592793034752
1246796747667468288
1254542700185038850
1248022465898516481
1249431767339106305
1249733804849324036
1247912927463501826
1253147855063302144
1252208532289511425
1249449644695777280
1261429227288768514
1262831206934237185
1262753400996782081
1265460419000283136
1276986531622854663
1274003893270315011
1275876763634196484
1276298002571898880
1267820937451204611
1275979698921713666
1275859143967100929
1276716249024794629
1277796726800179202
1275605606209126401
1276292351678283776
1276690148860755968
1267888869896097793
1277803562240745473
1275884661147762688
1276026156324552705
1270855342998470656
1276206899604701184
1273209328502276096
1288844560626528257
1279865832559054848
1280650479119273991
1285944028169670656
1286406515381936135
1283212698247770118
1288938110802374661
1280921197241413634
1284371084477775872
1284381230532788224
1279086708622077953
1286312107709837313
1300418680409518087
1295418302492286983
1296512717948411908
1292145814165479424
1292095103469682688
1300380264493875201
1296814362850516992
1292977678656577538
1292966520222441473
1294423759403786241
1290947782509985797
1300485883213180928
1290451119433490433
1298327555125067776
1292171974710407168
1291789255468109830
1292877120423653378
1291530576881745925
1305845971323162626
1310282194355658752
1305897722596081664
1307497847617728513
1305633548586672128
1307339022402871299
1302665917235695619
1313425795851972608
1322608946604052495
1315140925258113025
1322611707517276161
1319303110771286021
1311438706608230401
1316829930722791425
1318444227307601921
1318590674397265921
1322894781660471296
1330267134363103233
1325919142709440512
1327295360931405824
1322870575363182592
1322817015204048896
1338981434284007427
1339272701177966593
1334693815416803329
1338244285355978752
1336819814619344904
1344032533936128001
1340702065035755521
1261429227288768514
1262831206934237185
1262753400996782081
1265460419000283136
1258870321765126153
1263478774106112000
1258924439246303232
1256952528689864706
1262764928546430976
1264951490512216064
1262507647745449986
1257123684327686145
1259250173089202177
1262385407536304130
1256943549049966593
1260986115818795008
1263906785871659008
1265006284912410627
1257546383919325185
1257678764542242816
1259950835682820096
1263909223970283523
1258791509169713157
1263553162989858816
1265714209939238920
1265624902817714176
1256996609545494528
1261091300608053250
1265284059254730758
1263174141634441221
1261304520480559108
1257430809851674631
1257716567795777536
