1179411785218166786
1185446335329099777
1210240010282250242
1233483558355902464
1228060138982039566
1227395884549230592
1233159228958945281
1227534473316536321
1233745995097309184
1242145173808824322
1243351266849406978
1234604407280537602
1235429009413959680
1239299044595453952
1242795542763143168
1242862415022350336
1238439308908023808
1240305194451324929
1243514084039032832
1235256149408124930
1238050358854922240
1250943034981670913
1245439768659443714
1248359364966088709
1249669373276696579
1255864027596668930
1255898005674352641
1247204852020715522
1252274567869063170
1250119377606848513
1249736874949857280
1255956302305599491
1255188477249028099
1250519297308360709
1248205498106642433
1278010160225685504
1271110778335232003
1267903408457080832
1277230533609693184
1273018470905442305
1273695694587658240
1270820013205839872
1288563061695995905
1284152506722004998
1282836847987580928
1288635135378718720
1283809479784448000
1280943860936400896
1278757704853585926
1295823837108543488
1298282011099049985
1298587978328047616
1306950478371196928
1306313008612806656
1308078124278648832
1306734022924566529
1308798270571978753
1309110779774464004
1301744697077977088
1308081996720148481
1306638544287551488
1322513397221625858
1313151304852811778
1322249898444550144
1314374685824614400
1312108358862684162
1314709571663994881
1315645209443741699
1312150326028374017
1328435174242181122
1330017027386462209
1339565805696995329
1335996750767792131
1337763712950648832
1336000346024513540
1333831978211303425
1335276287989067779
1339584382223282176
1337068445779677185
1257424787871326210
1265443151033929728
1260236592326733825
1256583399835414530
1264212211033092096
1258059876577640455
1258463736341377026
1257317723035414528
