1216025697715654656
1215031476066160640
1242946313177751552
1241432211791982597
1244695309705515011
1239212064121503744
1239221658176675842
1245425302513188864
1248234144024408071
1247380494112743424
1250423197998014475
1252972969724436482
1245704104195829760
1248005606641819649
1252588070672752640
1249775529756110854
1283378088496246784
1280058538878857217
1286058691666509824
1291108172028141572
1296586530635440128
1293253633111465988
1297433204102770688
1311504928632905729
1324900425951162368
1326946354753626112
1257523273291554816
