1193013011289661440
1220156773362958336
1232843807827189760
1233231895183446024
1232712611537530880
1243866823432560640
1243959827639885824
1243580172739186696
1238231594067849216
1238532664358883328
1240721598266478592
1238608119820763138
1240697200830607361
1238530163916173312
1241479089262903296
1234993504150945792
1236698869808971776
1247332669723197441
1252525853361213440
1251308669532160000
1252383954851651590
1247314921676824576
1274123074443583493
1284139227563819010
1289315724335357952
1284246102624161793
1298671057235111936
1289953560520585218
1289323329145303041
1294448928751067137
1294041815730065408
1291364081014890496
1307920348239679488
1306294364554039298
1312093861079064578
1318660777734230017
1314742831769096197
1318335635535597568
1329979849738338309
1329473619513266179
1257692878345629696
1261133532467847168
1262938270188679171
1256336788592836608
1258185172211478529
1264827779041943553
