1187750569299120129
1185767877762338821
1182695054575656960
1183253600623104001
1181789244190162945
1184168641304113152
1185166979621163008
1179116375987675136
1184357171611557888
1183117753319874560
1187534351422164995
1187738251190251520
1182385493314588672
1183691527429726208
1187566153909952518
1183782348334260229
1179237165257183232
1182150432820477952
1184152324224229376
1185073256350568450
1187594956615143424
1181547354689851392
1182702607309119489
1182884059816562691
1185648512492433409
1187394233570922496
1179795902019592194
1183431825592586241
1187537532587823106
1182015462319804417
1185058114212696065
1187405503678169088
1180535723230924800
1181494697337991168
1183435071283515392
1187715436596494337
1187310049896620033
1181071798672252928
1181785076155260928
1182845937485582336
1178844491983331328
1184051594352050176
1184235311058112519
1184287615652126725
1185977176723808256
1181177546899148802
1181932511598919680
1184325889967951872
1184718491850592256
1179071041332764672
1183631116936323075
1183215911068717056
1184197842589683712
1186839744128393216
1185367831107510275
1189165143533539335
1179705243543756800
1181539743248654336
1182898775754465280
1179848825122512897
1184165402575884288
1183985912033824773
1187760773440983045
1187685338422136838
1184824223132467200
1185964187371085824
1184176912538705920
1181924864321568768
1183591437008592897
1180120634959024129
1185624384788205568
1182302428433129472
1183759424160174081
1184084262179495937
1184567270678372352
1186847337743863809
1200663535946289152
1199474376296587264
1194329138196353024
1195952447312797697
1194797290881458176
1197953915326783488
1192434154891296775
1200318115009191936
1192826772515110912
1195695742926643201
1196458358557073409
1197128727530016768
1190818499733708802
1192177662367862785
1190660000219316224
1193928205973020673
1200445283563388929
1195348339161796608
1192472043196993537
1195371109551681542
1197113840174952448
1199765207389736960
1193883764511907840
1192630542132563968
1198187707488448516
1191633833831075840
1200045229543448582
1197625764079792128
1193211872004247552
1195711718787145728
1198828948412600320
1190961969509126144
1194311729389416449
1192722582283247617
1192191545715200000
1192797632403521537
1194925479465275393
1190697691585622016
1192057095052550146
1192962982856183808
1191452637713092608
1191785005103620097
1195582460966457344
1195620069763698690
1197165233686614018
1192857038273097731
1190342887927664641
1197261483438198784
1191717100827664385
1202652681011126272
1206609497847975937
1208432925441757184
1201585088540098563
1205069433313669126
1208651846686035968
1202642364990394368
1207013806934769665
1206455779252813824
1206590778610454536
1201056087962738688
1204400991241674752
1203321800467320832
1208408401920823296
1209119937920479235
1205529254806593536
1201479606613807105
1211430179110883329
1201614849266061314
1203540039918948353
1206900318405103616
1206922939339333634
1210901285383344130
1203993605054124033
1203600395651702789
1206583234898857984
1208591447898939393
1206601318032379910
1207027885632114694
1211881392495374336
1211996435551543296
1206709481947750400
1204257104716029952
1208093191494361088
1208473569010864128
1209391008934514688
1204722633855688706
1201380779328184321
1204491847315415041
1207163926930239489
1205344274679816192
1205995963447250945
1208583967114498048
1207307979353214976
1207684815555891201
1208002603948412933
1206040808954245121
1215610930366767104
1221282591694868480
1223131370232467457
1213128929369874432
1213106339309903872
1214958119656329220
1216127294827139072
1212366359260205057
1214620257580670977
1219221582138236928
1223101935634378753
1218692324802355201
1214608065904939008
1220987453739278336
1221471338042482689
1222113048313450497
1219183094764310631
1219229087195107328
1212826899430486016
1217764431620399106
1216189022659211264
1212459534083444736
1213438412868476928
1214586025621803009
1218683632379887616
1222460243533271040
1222860531213787139
1212368454457741312
1213121412849946626
1217168007392374784
1215277213001625601
1213206026520059905
1220323697078173696
1220331231654662144
1222920736718958593
1220655874479403009
1220399181434585088
1215001021182857216
1219692173744054272
1221086372829847554
1221863930500468736
1220663445495873541
1216405310207750145
1221388307235590144
1216795668942995456
1224173340719489024
1232259861368442881
1231257937718521857
1232395053013913603
1224751303810801664
1227431576679731201
1228216584851714049
1232869615686037509
1232905212727349251
1233765728337133568
1232867454432534528
1232879054707187713
1231331373731983364
1233411163301515268
1232493871910641666
1232712968753876992
1233727573202538496
1233878971139469312
1223599790132531201
1223668188195540993
1232610786545106944
1229394462599720962
1233580996538327041
1226706722598813702
1233188535043284992
1226892064698314754
1232877219103592449
1233097956741566466
1233403352236658688
1233058496330887168
1233561876832882690
1232701353992105985
1233023997719334913
1233143231816380416
1226087580581711872
1229439812794494978
1231580449543204864
1232718564173455366
1232749608561971200
1226008816665407488
1232706104351694848
1233218697675886592
1227095885600972800
1226501583430660103
1229519306699964420
1233098192247500800
1233358025773211648
1230934689604669442
1227397854488080384
1231840701224235008
1231716348084019200
1224660752457519108
1224671640627400704
1226064933806387201
1230787686346059776
1233041019345743872
1224806334731816960
1232067024270102528
1231636837795586048
1232826174562340869
1233188305312894978
1233539223736791041
1225936772418490369
1231161213066915840
1232429434076123140
1233034797192269824
1233592131685699584
1236106051767939072
1238455796263870467
1244622367898382336
1237272927604740102
1237295628948066305
1240036141031739393
1241043721220694017
1242866441533169665
1234943462782447618
1240885213728825344
1241306945820164098
1234751220046336001
1238020178602012672
1239186475041906688
1239933248983248897
1240829410946711560
1243127337157300225
1243217918445445123
1244860322466402310
1235577802474180609
1241983947967533059
1244282601076121600
1244599718312886272
1240056832321671168
1244969905952296961
1244974897178304514
1240712796477644800
1242285830091223043
1242674392955527169
1243912608958341120
1239375221372727296
1239616251938439169
1240462266409127945
1242955414939013121
1243931641040560128
1244448668469661696
1235693576262168577
1238529707492151296
1238732979314266112
1241134317541130240
1235014634630819840
1235206342219984896
1238511142382772225
1238745077842948096
1239095873516310528
1239163851934842885
1240522721110503424
1241359965253554179
1242742342089613314
1237081720492642304
1241878249984135171
1242097079054487561
1244497916754100230
1241428791601364993
1242094320812986368
1244316755578834944
1237623745763774472
1238133525477556224
1238517219832795138
1240681522195247112
1241010047519506432
1241077945910910979
1244180879733403649
1244644993098297345
1244962094740656132
1242458461608259584
1242708637883273216
1242869759252676610
1243036732821590017
1243965440684163073
1244230750326722561
1244577068416983047
1244646671432048640
1238911136193556481
1239220719202041857
1240473843711516673
1241117194261614592
1241677920101453824
1237002408854720513
1238121496926662659
1238439565578338309
1239571454259273735
1239628303297888256
1242108168915877888
1242515841477902341
1242527508236509186
1243444414644715521
1243670919790411776
1244158213148348416
1244646959115362305
1236551490262708224
1240024558842847234
1242477125946482689
1243166195873976320
1244413527344828416
1244554350678204418
1244821862577836032
1239225238761754627
1241922899281358848
1243128870867435520
1243553826533228549
1242792700094668800
1244075161160163337
1241123284588077058
1241739226531516419
1241836481968312320
1242119780649381888
1242763990012321792
1243025648425349121
1244976868501094400
1240579559185158145
1242029308106944512
1243897412969791494
1240658758793134081
1240862562796875778
1241395094328139783
1241923524731822080
1242542892935077891
1242867126014263298
1243603060548612096
1244010777243275264
1244973608033812481
1241175712909987846
1241768503255990273
1242085552633057281
1244112913436114949
1244689683818438660
1245018884203261952
1237238705108238336
1240824821308633096
1241791412959498240
1244543292240519168
1244894044196651008
1237102847940005893
1240346534815977479
1242415341457768449
1242504769991774208
1242685964083961856
1243130980472414208
1245005758896300035
1242357306286903298
1243285889868054528
1244758147799093251
1234908991207170048
1236051686118039553
1237499426568093700
1237658004872409090
1239503487492292609
1242187676217982976
1242312018465640448
1244497951017271296
1235392878375034880
1239202786127966209
1240160702712762369
1242244128920023040
1242447921167192066
1243240626994495488
1243501307459252225
1244056044655054850
1241891169241456641
1237352049815236609
1242765027972657152
1242776568310661120
1244871394099331075
1234955048284753920
1235208560839135233
1236868372903723009
1240602335652581376
1243478669789626368
1237550165398925313
1240077402782523394
1240964726823272452
1242051783637250048
1244950954455285761
1235192588677844993
1238858779288129537
1240776696678289412
1241259160693506049
1241485663322681344
1243701126312099842
1244472511858794496
1236955662913015808
1239311350544957442
1240013483690819588
1241427594957869056
1243923016083521536
1244573076739809281
1238325799213830144
1239922945595772930
1240969625292156929
1244271553384271875
1244984715934863360
1235982842288578561
1239583005267701760
1240930542964662272
1241995078530486273
1243138940187574272
1243567982544138240
1243784156305375233
1244788345915559936
1236540454855999488
1238592551004717056
1239797963569991686
1242662561830625280
1243036330424184832
1243523987101167616
1243637213075816448
1235939982524796929
1238490299107667970
1238634616086573056
1241187165373181953
1241632116292694016
1235381319091265536
1241250317494374400
1241655255831588864
1242515841360572418
1244919617631502336
1235136361029603328
1236491093065302019
1237200955373953024
1237861751233761287
1238490046027587585
1239594158928678915
1241145894118002690
1242334688418693121
1242398570604617731
1238650443187642368
1238894653149192192
1239201169278488576
1239737543094124544
1242074239496314882
1242092355324456969
1243093615271911424
1243276858361286674
1245004624991379461
1240953169984790531
1242414211084496896
1242535617759608832
1243377972138164224
1244075612945494016
1244647131970973697
1235014375859081216
1237057508071682052
1238512955781779456
1238639376055382017
1241519388622311424
1241700579178614785
1242520217194049536
1243795732521418755
1244974704269590529
1239605691788247042
1240341494122364930
1241884265312325632
1242304260785790976
1242515034367918081
1243886075682193409
1244305203546984448
1234830241492799489
1235249479227498496
1239488500355010560
1242198763864838144
1243195310480019457
1243806805039419392
1244418427189633024
1244667762372419587
1245070486679232517
1236166449422573568
1240194536518885376
1240670334438780929
1241587305644724225
1241923311472435200
1243274858978578435
1244966060337631234
1236084720301215747
1238439055597154307
1239384068447485953
1241372417743781889
1242946174589558786
1243388041982431235
1244594684346982402
1240058783654699009
1243128766001545216
1244799922324549639
1236075850266800129
1238586513228812288
1238880990468112386
1239001751908425729
1240942091741659137
1241900874924003333
1243320090969473030
1244515113379323904
1240088994223980546
1241156965881053186
1241745852240191488
1242165028565979136
1242787669110915072
1244636409249570817
1244837671370981382
1248699246624243713
1248756078705364992
1249571497972285441
1252606517561430018
1252713966880555008
1253485785933889548
1248835101515034625
1249189416343658497
1250268771882684421
1253433011971874818
1254305153995472896
1246503212988981253
1249153865188085762
1251655043985608704
1253709254231388161
1247498804976377859
1248585951452049408
1248682754268696576
1248719825355935744
1251881672448053249
1253353887068835847
1255120527901024257
1245346506133012481
1245887085887848451
1246106194453954566
1246151468777902081
1246219373473402881
1248110352111415296
1248283213199331328
1248874776069730305
1249650437319467008
1250025404997537792
1250373936984006656
1250420443451777032
1250802631569596416
1251243842067746821
1245449173052375048
1246887299780087808
1247981357529206791
1248114608709066753
1248914639817265154
1248982612900806657
1249265706820145152
1249933778056818698
1254169262199050244
1245777356805083145
1246830936400039944
1247336568316219394
1247963411880849413
1250375100068777985
1251122507266109447
1245199343264677890
1245800040507080705
1246377928532865024
1246774067149053952
1251292634615885824
1253465415453487104
1246207797311799297
1247464969442070529
1248133016276348929
1250762274932998144
1250896159226376195
1251601662743121922
1255358013034070017
1246570188541231110
1246841505257607168
1247736705395941377
1249001422018011136
1249118475269931008
1249435600287141889
1250148700858482692
1252900858267865088
1254973182639050753
1255320229690904577
1246808305785360384
1247374317136068608
1247577184308539393
1248382106499026945
1248823359841976320
1248944806425792512
1249278247852015617
1249873341936275467
1250057993019940874
1250760313479335938
1253474474676105216
1254384153547681792
1247193137694543872
1248796845985406976
1252605149840838657
1252615123929186304
1245296501154287616
1245381301374459906
1245856904120684545
1246343715813298176
1247397002041790465
1248303181949538309
1249095836124024838
1251119292470476802
1251960682754510850
1251972291925286912
1252372662522798080
1252746066476359682
1253274306710208512
1246015443342630912
1246824983726358534
1247054017894596608
1252271207786962946
1255563589605380104
1245618818828759042
1246162048779681794
1246287320569053184
1248393682509651970
1248767141295390720
1249763645028007936
1250413810508271617
1253557730356453376
1253639987431694336
1255029988337876993
1255890435123425281
1255979459058032640
1246683435495800832
1247611490317799426
1248785438296416256
1248987451042848770
1249134881310982144
1250307147881041920
1251484909669097472
1254894099028742144
1255903471846469634
1245399882757812227
1247027352309125120
1247770457895366656
1248109879388254209
1251156800344166403
1253070374369210368
1253688106600894465
1254124006648754177
1246619406572060675
1246623036574445568
1248257815044665346
1248518012866609152
1248959956436516866
1249028839507976193
1255607234098278400
1245471821819977730
1247272182432104448
1248899316351148032
1253546211199651843
1253659459542495233
1246272222177767424
1248167305537884160
1248283545182908418
1250329545615396865
1250669845655490561
1253302136215146497
1249197082042421255
1250960587900805120
1251745640813596672
1252629212252553217
1252783694085083140
1253399200450203655
1253670878547709953
1253816909063245824
1254267909649518592
1246388992246939648
1247872812590796801
1248031368518516739
1250386460353662977
1251756716846432256
1253721063189553152
1254361523578863617
1255437597897306112
1255911913965248512
1245546564044677121
1248823371187527681
1249662005629288448
1255244760782077955
1246611964933165057
1246827508621852673
1248408873225965568
1249410958105206785
1249412949179015171
1249469364929277953
1249697532910788608
1250869437219180546
1251847441680347136
1253693584605417479
1255946777699770376
1245302787061223425
1245854584146284546
1246411638137331712
1247721605662474242
1247759443426607104
1250971660246753280
1253047754470948864
1245414946139185152
1246489133591265282
1248325640375468032
1255224882083901445
1255493948535123974
1245173428845494272
1245664102661468161
1245958555468996609
1246279867580252161
1246592837929631746
1247261078796611590
1249231760757608448
1251983334164639747
1252034138695221248
1253976499092434944
1246878376553406464
1247451925773238272
1248808926642143234
1249752545985277953
1250790324865245185
1255176826105802756
1246083474169237515
1251567222264344578
1252390943677837312
1254644918682898434
1254746520676708352
1245279118163349506
1245347068362850304
1245875517909327873
1246142719694532614
1247148022934450177
1248976554140610561
1251249900106498048
1253591184653594624
1249533791741390848
1245185027476008960
1246819339560517632
1248583795604946947
1251620817923977216
1252997371824230400
1254589579291656193
1245358634843897857
1245573501831921665
1251031918746972161
1254531650085621765
1255154217054076928
1245947483685085185
1247113793336938496
1247349648232026112
1249027864076451841
1246048801049231360
1247034947270873091
1247657191382945794
1248733429690175490
1249031193326215169
1249480851399860225
1251496518370103299
1253151130810490884
1245828464495611906
1246321043725266944
1246332619761082370
1247849063682379776
1248733526251524098
1249582529314725888
1250160178407837696
1250569033381969920
1252662884401905666
1253145873065836545
1253500201764970496
1253806831878766594
1254483376616112128
1255811076891070464
1246611120326148097
1248235187760238593
1248925723701714944
1251142666085154816
1255211006986465287
1245143224559206400
1247471602800918528
1248710858567569414
1248954462330400770
1249741055655845888
1249775218563993608
1250918848817217537
1252795260708716544
1254327768730476544
1246071896573124608
1246162547822202880
1247012128889933824
1247679833431252993
1249922158270218245
1250103326294892546
1252246160951181314
1252255102049701888
1252776600434810891
1255652604237004804
1246026537524232193
1246117217483264002
1251043472389345280
1251938027808702466
1254406833403551744
1245641469618094080
1249491923930419200
1249594108173340674
1249616767594479616
1249721795218939904
1245132159498833926
1248408782620614668
1248574876769824773
1249322346323771394
1249909213783941122
1245494475000098820
1246706116307881984
1249316225496293376
1250296146418741255
1246434290298126337
1249038963223990273
1250041644243615745
1252572139179343875
1253908500926869504
1254958011455623168
1255901496526413825
1246400583356973056
1247347641408802822
1249209077403713538
1250035364984770560
1250941449396465667
1251439628038610945
1252431965963186181
1252888853586817024
1253059301456912388
1255732040248496128
1246425141980073984
1246987777226551298
1252475277311123456
1253732215202230275
1255085910456180736
1246987731089141763
1250205477167915010
1251235771140505602
1252583734345379840
1247125396518305792
1247419635168878592
1248786363278917633
1249797845919596544
1252209956499136515
1252685545739878410
1254441019044700163
1254463698992795649
1256886981830770688
1259193919801307136
1260148634735304704
1260420434270576649
1260754412206686208
1261371583282774021
1257054610163855360
1259099487047385089
1260756149424533516
1258036140206104576
1256678188949950464
1257143675307597824
1263002203624783872
1264122911629205506
1256993152889581568
1259732828457037824
1269544252863889408
1273514029575700480
1274537806694690816
1274779255042433026
1275572261303529472
1278068422312693760
1268286474983804930
1269338128541552640
1276412484161875968
1276398632787415041
1275458886212993029
1267701449896665089
1276126939468750853
1275209760120463361
1277984087723126787
1275888917821247490
1272593642885177345
1275402132133490689
1275503407273558017
1277712270089490438
1274654771983630337
1277746336662724615
1268675250151137281
1277699665132216321
1268630032676802560
1274801977801740296
1278020136595787776
1276383150252232705
1271717428016427010
1269581265541398528
1274169870289158144
1271914088264880133
1276168320736264192
1267588196780695552
1276173532234383361
1268188280832606211
1269649293557805056
1275153052064976896
1268236499977408512
1269264185222926339
1272638928345071617
1276874201400594439
1269955001134219265
1275161519467180034
1277995368165380102
1267638081831596032
1274233534551654400
1275624862657187841
1269366136572973065
1275881533937782794
1270759199501402112
1274888743166541825
1275103073950740484
1271008346158530561
1273088320059383811
1274644546811342848
1269637919188410370
1271696497919373313
1272703095827509248
1275987181337817088
1269411559371091975
1274086537848778752
1274971878956941317
1268697894820945923
1274190400450936832
1276104227601952768
1271144154194640898
1274258410310156290
1268309142512431104
1275538133048836099
1276149598940278788
1268234366049824769
1270892013873958913
1271948107002122241
1275988098351063041
1276127133971165189
1268652611340828672
1270388685763158022
1273397717427990534
1270821129821851649
1269128335310946306
1277994487877263362
1275670941406806016
1271200858764705792
1271276425367228417
1276812833078960128
1278040678006751232
1273307259246915588
1274024398874390528
1277655673078251520
1270815773615894529
1276315662319857665
1277922711197671424
1275239910367207432
1268750212194918401
1276659114307923974
1274413421329444865
1275441111121584129
1276625057658408960
1270691160533729282
1268596019815763969
1267667493184778240
1267576815763275776
1269853273076436992
1278073068758470658
1269683205344542721
1268097772416380938
1271461118070984704
1273035436395552770
1277776476386004994
1279875257478905865
1281211649349869573
1284212702907432960
1278138848757919746
1287923247913357312
1279554546671419392
1286122773715324934
1289286185597071361
1278652421770809344
1289093630205009921
1284673112945172485
1282931104815575041
1284869389012160513
1288346113884528641
1282763100882718721
1284883925035253760
1288403358710140928
1278649076981121024
1278369234817626114
1279263975100887040
1279184661600776199
1283091513208115200
1278457237485293569
1285968007370547207
1278618420842565634
1284684478229753860
1282140799220752385
1283758321841905665
1287179746233782272
1280464295655026688
1281372146128826368
1286590950131798021
1286685223539924992
1288673819654324224
1282027058391134213
1282411987369103361
1284631577134338050
1285923088404709377
1281506425185996803
1280113283782062081
1289278433642590209
1284178662204596224
1280067954688827395
1281460911400726528
1288176217259216896
1280928528171581440
1287573632726847488
1281168762746650625
1281936334400172032
1282457426760028161
1285749254888329216
1280335994361954304
1280917263256862720
1287825215968415745
1281846092187996161
1280860439480422401
1280894558465908736
1279559307697238016
1285163908706246658
1285447040286306304
1288810284828823552
1281811797318733827
1282662211790557184
1285395936508870657
1279195516178325505
1285628344797728773
1289082207605264390
1278448643750744064
1280952225196584960
1286760806466625539
1287417579926106113
1288833072469880840
1289263618647822336
1284470495484796929
1278663893804634115
1280871936294338560
1284903402804318208
1278531615153586176
1281166352313712643
1282774453047500800
1282125254597513220
1283499162257051649
1278097332979011585
1280951199781527552
1286024693632335872
1280724775422382081
1281698531162587138
1283442489425309696
1279467625123328000
1281038140120150016
1282298727105953792
1282685696743018496
1280919577279565825
1287666629460074497
1285771883754016769
1281392633567498240
1282038255261814785
1288085568858009601
1282661468928868352
1286688744871845894
1287440057553559552
1284450377048391681
1285465552144797697
1278875139753627648
1279003542997565441
1282368224659738630
1286662577062371329
1282887750832869376
1285589374613295105
1287462810419683329
1279162143708008449
1292774324563312640
1296873600675385351
1292513153545371649
1290973769452986369
1300267240194007041
1292392237930881024
1298444027390578691
1291505818228207616
1292400521521790976
1291132014020759554
1292242447297282048
1292645787860598785
1297858963250335744
1290135689909030913
1292094733846745095
1290490739353194499
1291811643295510528
1290128146197405697
1293442299729448962
1292921379399045122
1293872602386243585
1292384293654691840
1292474027487961089
1292182908573233152
1292122179857977346
1298764872537251842
1298708342559236096
1292524991620292609
1293283802534510593
1293699271133466629
1298114263874060288
1299168654412713984
1293170506909331457
1299138505776476161
1292170627646988293
1294031089237925889
1295288195270225921
1292343794986356736
1289995818120880128
1295354028902305792
1295695768393850880
1299852044333977602
1289589736923750401
1299127154693804039
1291064137225777153
1293861211604475905
1295106967812345861
1291915243032018945
1299285873754865666
1294767216248987652
1298651573057458176
1299040312212549637
1292887386301566976
1300531420176224257
1294382230136139777
1299263122432237568
1295843085818253312
1293815983963078659
1299508509705465856
1291788952970690565
1293759369008619520
1298458448129142792
1289922036106555393
1292634492050571267
1292168368481607680
1299365163976581120
1290396084045586438
1297179400421679104
1292070461082423309
1293500440122982405
1292955332629663746
1293193289160626176
1291245209171435520
1291698395049078785
1294083977570025477
1298795217227837441
1290769608144760833
1291800209748643845
1297707931992051714
1299410345468063744
1292762984008355840
1292323765897093121
1295918525446594561
1298979974070906880
1292056439599640576
1297394618129096705
1290905447340421120
1295276848990035969
1289758077768671233
1293027241056768000
1295344710563831809
1296533869857067011
1295820428720705538
1297165964920971266
1293514684226850818
1295446686681255936
1289682559614570499
1294370839174025216
1293510125043449856
1290418817076793344
1304528994096816129
1302535951873388546
1305244873130295297
1308118897556631553
1306053985388949506
1310784187516022785
1302643876306456576
1305865293848350720
1310531219927465984
1307045237307641857
1306323727706185728
1308205680420171776
1305819980861239296
1304121532780871680
1304623370902831104
1310893519163228162
1304834762230714370
1306918541237649410
1301301651710640133
1301165760593747972
1306427970500919297
1302162185611874304
1300814537072017413
1303305771036413952
1308175447293820931
1310744050149068806
1302705742445772800
1306416577756180483
1307492270132822016
1303752982220214273
1305220270207184897
1300735452023062532
1302467877157638144
1302751048315084805
1305525617966952450
1304615811538190337
1307220595730526208
1308368175516602368
1305532683221598209
1305763530185084928
1310765312858611712
1307129890823712770
1302921074661830658
1306442981206093824
1301584794443227137
1305049943883886592
1311414495063965696
1308328442740563973
1303238116153663489
1310262585606967296
1304008192742039554
1305197185261330433
1304944229416873991
1309138358174707714
1304800741786374146
1310552847524786176
1303083522924650497
1301007058800648197
1310554504295784448
1302184777269882881
1307813084363456512
1304862004386160643
1307835703846481920
1310620050240475138
1305355666362634242
1305491541272801282
1310293524806590465
1303166482805907457
1303317313643589633
1311085986902925317
1301210894383357955
1302646865247309826
1309104320638595073
1311006712267264000
1305691629018320899
1305718040609292289
1309466671116099584
1301641545414848514
1306221477914726405
1306080398766678016
1305514396630777861
1317973820532195328
1318394353493118977
1313586445043425282
1317661956627521536
1312762169805754370
1318559695372750855
1320549762907688960
1314894313965473792
1319330402167828480
1312950900101611520
1319439872780886016
1314282230802505739
1315084830833508352
1318271503230795781
1313279167602012161
1315672662421786625
1315514032330285056
1312898150898774018
1320370133014106117
1313577594151931910
1318107409165017090
1311652515964911617
1313894728535093250
1318632932010041345
1318764245421522946
1314615711420092417
1322229563989123073
1314084360325410816
1315709157216079875
1317110774381293569
1322557900435431424
1317625103501254656
1316511428279496705
1317008979210403842
1318832327942918145
1319088916293652481
1319409675033600001
1312616405947355137
1313905936097050624
1318152439493758978
1320417576829308931
1313466786810138624
1312958464478584832
1316743372871172096
1320159239227150336
1320900814848860161
1318208283883102210
1321700457203617792
1313532282200784897
1320043860161159174
1312769326563446784
1319228445075869696
1313543521484374019
1315310186043760640
1320270483435249666
1318726526075084802
1320440339396743169
1321753895832616961
1311576187798421505
1322478664462880769
1322308780256829440
1313577570928074752
1315729227380133893
1318186645536071683
1311776894308712458
1313928607832698882
1316034965491023872
1312916916135133184
1322410794122924034
1314109912025194498
1319653934630375424
1312886736322785286
1317969472808996870
1318613570087772161
1313498138087436288
1318934133612122113
1322381404366319618
1315815980224962561
1312720657420091392
1313595961462063107
1314891280787406855
1313430119579561986
1318548823615131648
1313545622952132608
1314741741958750209
1318458451916431361
1312660219042947073
1316430461560909825
1320187354544558082
1315344220597743617
1313633850099077120
1318132811593846787
1320293129216512003
1313373685043077122
1314324917069008900
1312787854666465281
1318979436046417920
1320059049891823617
1318492512257007617
1322380600884502528
1317971536813322241
1314132221306040320
1314716676819218433
1311969469976244225
1313653017556717568
1313792620989218820
1316435294749626369
1320134472055115777
1321199040978178050
1321300904289705984
1316431308273393665
1313751671466590222
1317495809957629953
1332742338410635267
1330115029618855936
1333413986449154051
1333431955774468098
1328484402624655360
1325616572807995393
1325761537525633025
1332292584761384960
1333195324341542914
1325287142659133440
1330817130422525952
1325528806791196672
1323682666231799808
1324634233286086656
1325722175102353409
1333222765126578177
1327352033519800321
1325253105395654657
1325970330238791680
1327000939744681990
1333478433670754309
1322935444313722880
1332311980082917377
1325086978187153408
1333467116335476737
1329175283660886024
1328081512353456138
1330443442535665665
1328031466597601282
1323090327553662976
1333342546517483521
1332292386131640321
1326196831454367746
1323120465611837440
1331870334153318401
1331213515168870402
1323332814339678208
1325797054887682054
1333217952703852544
1325626912660738048
1330906430195572742
1324936842018512898
1329964035324981250
1326129373120876545
1324951179755970562
1333219716542828550
1326785715007610885
1326169408440569866
1326169408440569866
1326117789027938304
1328371286901452801
1328337384711327744
1327136946662105088
1329186531244957696
1332413914475327489
1326083658193702913
1325200276983308289
1326491322698637312
1329847854995808257
1333274599807660032
1326202275006738433
1328318158940332032
1328495729824980992
1332300742577819650
1323943159458660353
1331032322259509256
1333048119030853632
1325743255099682816
1323739244066689024
1328325990125363201
1328450429756329986
1327329381161824262
1329585702590423040
1328609144258125825
1325408700098600961
1332266691502411777
1333025441553256450
1328227862680367104
1328227862680367104
1325358840758595586
1325825015330332672
1326927134624018433
1331661316403195916
1335200701253816320
1342356911723851778
1336298259820781571
1333704903420760066
1334916672134713344
1336071868009295873
1336071868009295873
1342326714383405056
1344667164545056769
1337442141790998533
1337464744467460098
1340907382097010695
1337396981812039682
1334724119317852160
1336173678145523720
1339525780087447553
1339254025812840451
1341941038710095872
1335652745215418373
1334384379381026816
1340110894236389377
1337917685103988737
1337944179083784192
1337944179083784192
1338339567368368128
1338339567368368128
1335411142714331142
1336708184338092034
1339965970933309442
1339592968538243078
1335867899940990976
1334735459965161472
1335154465272438784
1340085991642718211
1340431738229678080
1336135954210414592
1341436218408660996
1336332286237655043
1338672647052333057
1339706981947457536
1343768729109340161
1338695317722701824
1343863115277094912
1335613595116318729
1335613595116318729
1336751221525401600
1339582410527272961
1338472575446495232
1336796543354015750
1339072785650507777
1342458863048679425
1344204448789356544
1338164870483685378
1343727197782159366
1338359331193057282
1333599204204273664
1336509632978808832
1340046696819122176
1340103342874370050
1336069366782324737
1340484579635945474
1336846919423897601
1336846919423897601
1343421452868079616
1333636972838068229
1341252729868607491
1334112606936850432
1338310284629389312
1334716566689210369
1338110188889497601
1339649456891899906
1341530219698671616
1343194971239804928
1337192887780585474
1340738750192742401
1256886981830770688
1259193919801307136
1260148634735304704
1260420434270576649
1260754412206686208
1261371583282774021
1257054610163855360
1259099487047385089
1260756149424533516
1258036140206104576
1256678188949950464
1257143675307597824
1263002203624783872
1264122911629205506
1256993152889581568
1259732828457037824
1262175353969225733
1256150673944707072
1259499275924488192
1261314676551450627
1262073698846232580
1257679933658353665
1258098711906914305
1263828511573389313
1256962474013687809
1261462605555658754
1266583668593696770
1256932179910758401
1261869828811489281
1259502068299161600
1256626261922848768
1262481666964107266
1264674624534728705
1262798655817424896
1260261891303182342
1258053349976477696
1264553254878425097
1260822237923258369
1257611847995457536
1258087573680984064
1265606318578192386
1256579492430168066
1266365141701939200
1256116940789161987
1262039079895662594
1256962320690843648
1259514373531369479
1256195923320934400
1257494574571958272
1257705743526002688
1260031226095611904
1256988653697540099
1256682663462735872
1259353566369796097
1264439311484633089
1261065704670990337
1262809684492324866
1257090827261804546
1258030656250052612
1256456642331389952
1260816565676707845
1262787035003224064
1264503595707314176
1264949818499235840
1260966888944709633
1262775368668372992
1257804235107962884
1257022880128385030
1258449870651785218
1262170809595908096
1259278920488226818
1260062420300697600
1256998983605669889
1257108701183242241
1257747898818838528
1259205736313376770
1262141638371139584
1262586947475853320
1257825795042615300
1262280541656813570
1265583698742829056
1265795812321345537
1261041812757602304
1262265956304289792
1256309170728550402
1257121182589075456
1256943355545686017
1259174738779389954
1266523612321910785
1258076004792373250
1261235845589348353
1263666195791777793
1259483593618964480
1260941366059728899
1264054944056905728
1257622917157969920
1260986682519715841
1261088354998923270
1256252818907975681
1259582350452817920
1260133256260878336
1262647650094141440
1261531136913801218
1259657841423659008
1262436298821943296
1264224906910281728
1265445294314905600
1256539313782820864
1263715243815055362
1259648660549308422
1264575877972623360
1256671058398150664
1263836896167448576
1256819033917337600
1263600459962560513
1260945266624073728
1261427936382443523
1259165357555802120
1260636912899035136
1263653393119064064
1261281033418391552
1261507440908124164
1256970740751974400
1260775809465200640
1267208952598667265
1256927938517352459
1262194473586634758
1257691022047555584
1262832334555971601
1265504278736748550
1257755819678076930
1257059198703005696
1257181424605704192
1256781284115992576
1256875437801775104
1263190871022931969
1264098029302407168
1258766947816288258
1261836885728641027
1256056505125744641
1257951702176665601
1265979963322372096
1257147810149007362
1262669512169738240
1266079412564439045
1256354504989122560
1256920717238697985
1261009346084909057
1262402059200090112
1263353186972250113
1266045388307476480
1257169383773831168
1263239936989376513
1262489380842811392
1265806286328905735
1260340961420496899
1258115178727649280
1258676460480577541
1263331067307667456
1263953113582575617
1256218584411443200
1257940120105254913
1260975162968678400
1261781452347359244
1263025126410420224
1257204137650991105
1261201626452447232
1258812251563266048
1260363558015119360
1265255177507999746
1256535663840825344
1257029696971128832
1259751945079791618
1260767726081060865
1256739072665681922
1263500032029974534
1265798736606908416
1260929835276238849
1260570440709410823
1260793906121375744
1262711955741118464
1265278066307153924
1259887827271090183
1260511034529497088
1266784083171999745
1258393086838931459
1259615637997002753
1264994899235082241
1256909668296921090
1260269817858347009
1256698094307115008
1256830127230550021
1263503084111757313
1257237790519156743
1257294762266308608
1261167860749160450
1259842517106929669
1260212620000403458
1264066345018241030
1256541229464027137
1257317295229071370
1257679271780384771
