1179221604708048896
1185453017430142976
1185453017430142976
1185537996524797952
1185338693294399488
1181438913786847232
1184910092539518978
1185179048760238080
1186546986507472896
1184480437638447106
1184412096492199936
1184857852319588353
1184974891910492160
1185257684477583366
1186063621497016320
1180023375365885952
1184817163456204800
1185224440272961536
1185187463444209664
1185566965290754048
1185566965290754048
1186077217803165696
1186077217803165696
1186924240869740546
1184752155749683201
1185000464603066369
1185042497040461824
1187621665435455489
1181347683220492288
1185044781157748736
1185169708938682368
1186046603691319296
1186046603691319296
1186330147475087361
1186584068978294784
1186973930780856320
1186234113130409985
1184993770497961986
1185902960397750275
1186447646271197185
1189080796780355584
1185166738813571075
1185988452472557569
1186253236086497280
1184837076459704321
1184856648017420289
1185172970773176321
1185190687375069185
1185210129576288259
1185534588225032192
1186651226881921027
1183400299882409984
1185030044218990592
1186575169889931264
1185299975674023936
1185020772181512192
1186013676777680896
1186102439436603398
1185508518679461889
1186024659340464131
1187293301856227328
1185653312206430209
1185050075959119875
1185050075959119875
1185115516807122945
1180046022711664640
1182780406929723394
1184858973943582721
1181169689323401216
1185218603265732608
1185218603265732608
1185289483102703619
1185959098895892486
1185090660908576769
1185090660908576769
1185227788850225157
1187940390688575488
1185558906933776384
1185565244430508032
1185253619504955394
1188542897437626368
1182717501731475456
1182764130677219330
1184857628373065728
1189665035896971265
1183386546755592194
1187392366396821504
1185162744598876161
1185199329578905600
1185232328936820739
1185484207134523398
1185890807066365953
1187034983069822977
1180468983679635456
1184990463960539136
1182128737896325120
1185247478540423168
1180881477334175744
1182989291049422848
1185147569057533962
1185147569057533962
1184813948148670465
1185245810419818497
1185245810419818497
1185289869179916288
1185309843579723780
1185309843579723780
1185594218296807424
1185641753132457986
1184817351704875009
1185249826822336517
1185249826822336517
1187547211392937986
1181269530271633408
1185112389974482944
1186246281204776960
1184831929406746624
1184854880671932420
1184863171007467520
1185225671682994176
1185233416251478020
1185941255395532807
1188919450294280192
1186685177743007744
1187239103038967811
1191031207875637248
1191308064483201025
1191064071799529472
1193355748857790464
1199339615406026760
1200305880853549056
1197095689366454273
1194589548573007873
1195809920328830976
1200082795894210562
1190742472542105604
1197151038417113088
1193896157979824129
1196680422639460352
1199324349125275651
1191157299282362369
1199626795357790209
1197558080051011586
1198664376628195331
1192206387935268864
1199405208519888896
1195375908405661696
1197560263173652480
1195366862210654208
1197994214744834049
1199892833185882113
1199892833185882113
1200808448264462336
1193908740929413120
1195752137432670208
1197557785417773056
1194029169522413568
1197141455028080641
1193627828820041728
1194415692105355265
1198422341203611648
1200919956487131140
1202077381822779392
1206223898712383489
1209840303101927424
1203367955150467072
1208122976199151616
1211042409225900032
1201854790361321472
1210010440996028416
1206179462213259265
1206891492930928641
1205595576135405568
1201546572669997056
1208962632398462977
1208962632398462977
1208339882256539648
1211245247407312897
1208531481896914944
1206929865468858368
1208404796631322624
1206760257910915072
1208384279350325251
1206166940047290368
1206321311066345473
1210695975968354304
1201879249642233857
1206375775269580800
1210521782605746176
1201866158846164993
1201866158846164993
1206405714643738624
1201622852073672705
1201870971382071296
1202429991356551168
1205865028743770112
1206228219365511168
1212057064882810880
1209115507200339972
1205821875193958400
1221010604674162691
1221490661926547457
1212482356482691073
1216829821193457669
1221723366706556928
1212879466361475072
1219588087895904258
1221390782986432512
1219622891253391360
1213868651067166722
1219675274872225792
1216268736233189381
1217798528724062208
1212731596211658752
1217120200883089408
1220958652221227008
1220958652221227008
1216460812635791372
1216825998643212290
1223139427549110273
1213046261605158912
1219625845007900673
1213959862956253184
1214953925180362752
1220069002275241984
1220180424267190272
1213373202753347585
1223038888580734977
1218953707821379587
1221091971399323650
1218085826984280064
1224084863289942016
1229424055578746881
1228378254970515456
1229081925542973440
1233651252094885888
1233651252094885888
1226538888937734144
1228769954922737666
1231704118822989826
1232087176718028805
1233803128287293440
1232378693823148037
1224056812607037441
1229135130255556614
1229355754622214145
1229380499509899265
1224000043511771141
1232336843879747584
1232960420224413696
1233646384999432192
1232977439619309568
1232995536636170241
1233422462756556802
1226794023802851328
1227992387986821126
1231946822731665408
1232622057961201664
1226661773354438657
1231763076418023424
1233356874696794113
1228711677807468545
1229591884592558080
1224045561403334657
1227922636430282754
1232642355137667075
1231901219171340289
1231862208746917888
1227416030697279488
1233028746212519936
1224797392505057282
1233794480739901440
1229385847830564864
1229385847830564864
1229527497840189441
1229527497840189441
1232086558112653313
1232680693211320320
1233403028755009536
1224017841688645633
1227061735154225152
1231674807835594752
1229575682033881088
1229575682033881088
1224019649253146624
1226470773772214272
1232732949147193345
1238552793146953730
1239317091469144065
1242465519288094720
1242498158891896833
1242962038105739265
1244690540152664064
1244690540152664064
1244976673101156352
1245007551508381699
1235895624073011205
1236723084654239748
1238878568609792001
1240113455564083200
1240515264430686209
1240731172675694593
1241080339230904320
1241214328705028097
1241448783545843713
1241448783545843713
1242092988043612162
1243020976490774528
1243020976490774528
1243638117975961603
1244347343920599041
1245027426654212096
1239855986057326604
1240365818539585536
1240673133364793353
1241053152872407041
1241807532638842883
1242435385705275394
1242435385705275394
1242829573915586567
1243866871121809408
1237242668402393088
1237847148990844928
1237955481844375552
1237971550369972224
1237971550369972224
1238430097184563202
1241197323356524545
1242061151963426818
1242188834953146368
1242536727308374028
1242622593099862019
1243029780313698305
1238359520688078848
1238482708755595264
1238482708755595264
1241277819545686016
1241277819545686016
1244609068091592704
1239223808633995267
1239669756959043585
1239860041060147200
1240128025292931072
1241081228297527296
1244776053383385089
1245030982618476549
1234863713687154691
1237040720751529985
1237097302235459584
1237408907557027840
1238759694442868737
1239479318780280832
1237048885446619141
1240360105826115584
1241030236369649667
1241073289293975556
1241765596116783105
1242696460375855104
1236761956788219910
1238042686109757440
1238052744092622848
1238173932932304896
1238946014670647298
1239119679194632192
1242880765647454208
1243254527366660096
1244329300381360129
1244998148306526209
1238254710823555072
1239227137036627968
1239306958026481665
1240319650778546181
1241770749624344577
1242292725413789701
1242447289022664704
1244668484266504192
1238131394867535873
1239245611800465408
1241301563504820224
1242402153072910336
1242402153072910336
1242811617785647104
1244025122681487361
1244993796707946501
1236361825907871744
1238156474934853634
1238849737433980928
1238877926868897793
1240931697128091650
1241878180539105285
1242293541247815686
1238300269441503233
1239766948583481344
1239924154071212037
1240153673977802752
1240316157896413185
1242442122961223680
1244156713143541760
1237050538103103488
1238189559499743232
1238189559499743232
1238615828364484610
1239110374311550976
1241744827852763139
1242423946663931906
1243244972532363264
1236467535878463489
1238164783775592449
1238355249208803329
1239155995634524161
1240951275086172162
1241111844774916101
1242850524208279552
1243464504375214080
1235880302058393600
1236392092907130881
1239478529819099136
1240021605427765248
1240698381527166977
1241160371802521602
1242133960702005252
1242247262404837376
1243109069423927299
1243109069423927299
1244318413746561024
1244818895241961474
1236972777506140161
1237945501934379010
1238215914866253827
1238981894513057793
1239196379420872705
1239254030095876096
1239254030095876096
1239921569624813570
1241392887348092930
1242449725850365952
1237989232133750784
1238080437370699776
1239266062400663552
1242206322508075010
1242775278339981312
1243223437922967552
1234930121284472837
1236656996780310528
1238394050971160576
1238496498754580480
1239257610546601984
1239479149150035969
1240224610051907584
1241100102674132992
1236495198533844993
1239187633315741697
1240253751581126656
1241529403139674115
1242311569637142528
1237891335828324352
1238027716873551872
1238080413500936192
1238080413500936192
1238178660882022401
1238271195633479680
1241592203018895360
1242428862375567360
1242428862375567360
1243044707858513920
1238109631613775874
1241209813733904384
1242112726639542272
1239156404461514753
1241760942016335872
1241787762321358848
1242443584412037120
1242538577004621824
1244702443583279107
1244702443583279107
1244827909098893312
1244959875840573442
1236948988185714688
1237045996447768578
1237634240180781056
1239229506021289984
1239279586627784712
1240107558854987776
1240276026866823168
1240317072284045314
1241812641783271424
1243108352747606016
1243241227765637123
1243274899642363904
1243274899642363904
1236706391630503936
1238494686874132481
1239503424259084288
1241769635038584832
1242525700457934850
1242858913575428104
1237016306186158082
1238099736667795457
1238155083042390019
1239124698778095618
1239591145685975040
1239891554120142849
1240705031302569985
1242493645888069634
1233894718657961984
1234946337541705735
1239884186149744640
1240762054077751296
1240960222644109315
1241769039644459009
1242173982075506689
1243713007261306887
1244253464315801600
1244444611327787008
1235174545310568448
1236715679283281920
1236879350810599424
1238093535494242305
1238093535494242305
1239300337623683072
1240982685851348992
1242298831087325184
1242416770205372418
1242448370108678146
1243456617355587585
1235240693418909700
1238266836397043714
1238298201041465344
1238298201041465344
1242777262598078464
1245042321592332289
1236929796665249792
1237074544667570176
1237432407801856001
1237981514236919809
1238525062702985216
1239895025036771329
1241465594349838336
1241465594349838336
1241582453908803584
1244188502071431168
1235304514200252419
1237947883799957504
1238074404678090752
1238074404678090752
1238125733710401537
1238128937454223360
1239823037773402112
1241707298235523073
1241826625034960897
1242482640877322241
1236731613414854658
1238222573856526337
1240310300810805253
1240310300810805253
1240726484140032000
1242766591957315584
1244229480031424512
1237077000013189123
1237365297558048770
1239535651508219905
1240243512576270336
1242021516092542977
1244675757772685323
1244687725774733314
1237960395588960256
1238154321352589312
1239218136995360770
1240673229573849088
1240713320266596357
1243860645872726016
1237945886111490048
1238454487758577671
1239493717817507841
1240447487481196544
1242442225675575301
1242900889347612672
1235310436448432131
1236736470418722816
1237417934089224198
1238322160453554176
1238421043607289857
1239551137834864640
1239950011351224321
1240354556166516736
1242293072081420289
1242420321195606017
1242856268479574019
1244271485755092992
1235315284220825600
1237045982384324611
1238712661585670144
1238750814279172099
1239478157549473792
1239507340895764480
1241103477507571714
1241684725690970112
1238451226670497793
1239060540355481600
1239484008909725696
1239913410697080832
1240569599638360064
1242497296643895298
1242497296643895298
1242538094630494215
1236267136210866177
1237333628712976388
1238413600403980289
1239782457391681537
1240778829746114561
1243160093136388096
1244351892035076098
1235620665681641475
1237173964541014017
1238271193435615232
1239685888239517696
1240669049887039488
1240669049887039488
1241805610729050117
1242388099147214849
1235523488640684033
1236568640436285440
1236579418178379776
1238784515524329473
1239917755735965698
1240299485567352834
1240591072004313092
1241678851714973696
1242799687444451329
1244983926952620032
1235600711640993795
1235851992813072392
1237840609399861253
1237852551833214978
1238324253512130562
1239745292171268096
1241305370582269952
1237649525180960768
1239850686646452224
1242305136971714562
1242897804340666368
1243130865179336706
1243130865179336706
1234867439286063105
1237918744904716289
1239662458836414464
1240708617013211136
1242149714658721792
1242149714658721792
1244204150902198273
1244370133067300864
1236132004120444930
1236820234876698624
1236820234876698624
1239848844092788736
1241390523279179781
1244624173672157184
1244688212330557440
1241139223530364928
1236980032792387586
1237050015299895296
1238538960017784834
1239443423905660929
1239443423905660929
1241786492189466625
1242033830237802496
1242783638938411009
1243101563708682240
1243204259153358851
1244586473757827072
1244954361882718208
1236644559905488902
1237684069443481602
1238232425920069637
1239189538108563460
1240663174006935553
1242054909807202306
1243138118708088832
1244298863462060032
1235417895951142912
1238300111765110784
1238870134158020608
1239484188442714113
1239961654235979776
1240642934455726081
1241483483056418821
1242241100175179776
1243867869370150915
1244941236018053121
1240642783133814786
1240715412272119809
1241906283046932480
1246762371151990784
1246777252668477440
1247828294788976645
1249303081902321665
1250758337454583814
1251499355166707712
1252421112295641090
1252665907798634496
1252964149572837376
1252964149572837376
1245532415705014272
1250817130657984519
1250908314818486275
1251618799129964552
1253007882745937920
1253007882745937920
1253239500135858181
1245678610570260481
1247859051624620034
1249081675264544768
1250810767093481478
1251912791918702598
1253254520391512070
1253676337337942017
1253676337337942017
1245731175345336329
1247480714377023488
1247644203800080384
1248576596379910145
1249053443941163010
1250414699495243778
1250421987723247620
1245360380177551362
1246814854482137089
1248048744076947462
1251255867040808962
1251437960559542272
1252180257538531328
1252710906351386624
1247245991062859781
1251260898649333761
1252472287774887937
1254836880312619010
1255126986512457728
1255695060060065792
1246525917259796483
1246525917259796483
1255509644807553024
1255917189141598210
1245394109470248960
1245394109470248960
1245674167355269120
1246145708152872960
1251147381669720065
1251147381669720065
1251991848442146816
1252344349829894144
1252575860093263873
1253404272147881984
1253644784402563073
1255922840114733058
1247658182190624768
1250754178336473089
1254378124218896389
1255484938016763904
1245625100398804998
1247158237767413763
1247840001758552069
1249249656338436098
1249440906391904256
1250587472695898112
1252154950051860480
1252319887588052992
1252542765482811393
1252606073640452096
1254498869452443651
1255434494418604033
1245506614905294848
1245986393609760768
1249424312525656064
1252137060263051265
1252608161652936705
1255599565006344192
1246019811043409920
1247626450552881152
1254401090247897089
1254787528567087112
1245622851077419010
1245711619101011974
1247484253727834112
1247909769140146179
1248192431738281984
1254568455531114496
1245690081538498562
1247231303793233922
1245123735486636032
1245273455647289344
1248192645601669120
1250443625239957505
1250648044942626822
1252534931021893632
1255127442198421506
1249948831854231552
1250604459161313281
1245728213902348288
1246020235200737281
1247503592724062208
1252251069004099587
1245471752802582528
1245730528323461123
1252152867986845696
1252738650346934273
1253186304218718208
1254712653391499269
1245232632650248192
1245515052221788160
1245516683843899393
1248585491055816704
1250435226989289475
1250582748114411522
1251564710476087296
1253392261062295553
1255441464051589120
1245307059064590336
1245510580473126914
1245727160557621249
1246887847929344000
1248606548726665216
1251910532975689729
1252660535650390018
1254387539177287680
1254545409743224837
1254545409743224837
1245573829922967560
1250672843869716481
1246749412765941760
1246801904912359425
1247113787259400192
1249737611817758721
1250597538329251842
1251972275512934402
1254466680861814784
1247807148836319233
1250964455472549888
1252290319086804992
1253305532368240640
1245325838142377985
1245667822438699009
1252584177054212096
1254810036766834690
1255084847606960129
1247519265839702016
1249430519667974146
1250040493108387841
1250490842743275522
1252347359532474369
1253666521282469888
1254691627345547265
1249500307849003008
1252124161599778816
1252162915488149504
1255530634602307586
1247069486450016256
1247082373495296000
1250482965571948545
1245364183140405248
1248315115079962625
1250639666283532288
1251309663385239552
1252546169575813121
1253337153888645127
1250724906280652800
1245667265741238272
1247085659686178816
1247437452740042752
1251408230397489152
1253103802535706625
1247037120767643649
1247259029451280385
1250566613239238656
1250566613239238656
1247321597675016192
1250664575420239872
1251555853423034370
1249258589325156352
1249873189964054528
1252138682913521664
1253630145497190401
1253850933366120448
1254667606579126273
1247255908650024961
1248762761557028865
1249614686850404352
1250049036150812672
1252031788299497487
1254767259030962181
1255909781417553925
1246449121889837057
1251572779436007425
1254047511263707143
1254250364267708416
1255599268234235905
1255888018021527554
1245825848843747329
1247074226021990400
1247074226021990400
1247091448320651270
1247840321075118080
1248015278727786496
1249170500535934976
1249670303464034307
1250494976515092481
1251969041557786624
1252188416399347713
1245315105568354304
1250997666068209667
1248434658548875264
1248636746968924160
1249699044080967680
1250480974477045762
1251808775192760320
1246116587343618049
1249978601212186624
1252150193690034176
1252150193690034176
1254157879344537613
1245649614893535232
1246815150591664129
1249664070346838016
1251958236904906752
1246703747876687873
1247839116215103490
1250298824301527040
1247184880519327745
1248207199811272705
1252215624857681920
1253114145609625601
1245871134832234496
1247494687121911808
1247958868581384192
1253003273692422150
1253224464785051648
1254496742487347200
1255082217732096001
1252313473976942594
1253251143960068099
1245644891134128130
1246391834034593792
1246391834034593792
1249664112298266624
1250423769409052675
1245269941290446848
1246529448851144707
1247904404616830988
1247983478538252288
1252247761606578177
1257046917776904192
1258286616675618816
1257467598540865536
1257946627752562688
1261956970006720513
1260300600970895360
1256893938381787139
1266762134232408065
1274801180196118528
1274801180196118528
1277176748598267904
1269594731853512705
1271302690203750401
1269538333455028225
1273474081384431617
1278026244043440131
1268680766424260608
1271664180190470144
1270489672901427200
1277962851420762117
1267580832174260224
1275409467467849728
1271297434724024320
1274628833493344256
1277551245084024832
1269743457804812288
1275472301979467777
1271174615268601856
1277189064526094336
1267716679850692609
1273074268050341894
1271032199534350336
1273654872643121152
1277601966873473025
1268525157984940039
1268626072976756736
1269772700853112832
1270735859017379840
1271054964928811010
1270732231317901313
1268425924082622466
1270022278475104256
1267546816775704576
1271396351130193924
1275399048791560192
1276156985424187395
1276156985424187395
1270747206107246600
1267450742010458113
1272436178088718336
1270037658048266241
1270766196783304704
1269289504810176514
1271370550712193026
1272533661108273152
1276606253553397764
1270237197887770624
1268866105608716289
1273514090837741568
1268536159912820736
1272077829572685824
1269921998303399936
1277601117099229184
1269330236740644864
1270349820591591427
1277117236977819649
1269064243879596033
1273876814692261890
1269996688804102149
1274808057080549377
1268598809594138624
1275431578676498434
1276446641663422465
1277636017927811072
1267777848653348864
1269600629841727489
1275859949353132036
1277213777369477121
1278061243148845057
1270770604967428096
1277999353702092801
1276530836603576320
1269408866929741830
1272238626173222922
1275496838661935105
1274743777433923584
1275419348614565892
1268702272361562113
1269516292127690753
1278077733608644608
1268194226975789057
1269704538510024706
1272235109782077448
1271492081832386568
1273335856380682240
1286514647139602434
1282661523085811712
1282873971579338752
1285571074432757760
1280243634047037440
1281087685029920769
1284502891521363969
1280604641986613248
1284449343454535680
1285533615837843457
1284566684699897856
1287488911241916416
1288543578545950725
1283157508786475009
1280044029451829248
1279040694540214273
1284920634187735040
1287412996084441089
1286098211644608513
1287776649065291777
1282424947051241477
1284918485752184832
1278373555844067333
1280238029937037313
1280590156752318465
1285633136462708736
1280594260560134145
1283490037368119296
1288214487670104065
1281208984486072320
1284085523187892224
1285344037377998848
1284646100826304513
1284646100826304513
1286470606385549313
1282992060266500099
1284750004335382528
1280254544329539586
1287785820884045829
1281198563272339456
1288364698577055744
1287391289567318016
1280524323535704064
1284634994485362688
1284634994485362688
1281606312527159297
1284601951196512256
1283953324451135489
1286341518631096321
1278907015750967296
1282408599009058816
1284250273024704513
1286584162871209985
1288828623030550528
1281046792407261184
1281046792407261184
1279039578851049472
1278716449679241217
1284905843838857225
1278175608816783360
1280562857797734405
1286256240209924101
1283015846135238656
1281211501303468033
1283757275883200514
1284084647081783299
1284817589122879490
1279398387457167361
1285583649874812928
1285266882962972677
1288596718251126785
1288596718251126785
1278652294406561795
1282418591963332608
1282938624829542400
1283925318051475456
1280524428577734659
1286276577383219200
1284804053374050305
1280508870478217227
1285280957134774273
1283288723363295233
1287331103741825031
1282996049032904704
1285906862874009600
1283724560156594176
1287765027206955008
1287409922494390273
1287699165158543361
1287356298393255938
1288030823023669249
1288839325078171648
1285319898504278017
1286355395317886976
1282226661099003904
1284979626675232769
1287415731014033409
1286307199480930305
1284754607432859648
1288604482377527297
1281527331983486977
1282680628882870282
1282682695009501185
1288843576739336193
1284373292133027840
1279695874076049408
1284901964741070849
1280119830096601091
1283774891972599815
1296146159434526720
1296053045617233921
1299633853238308864
1289531840043167745
1290687692036902912
1292659540903653376
1289620223687966726
1290998636633972736
1298965488098312192
1296489003370393601
1290596191542161408
1290658751633076227
1292726297442095104
1300541984487215106
1293986422878240770
1295115914614956032
1295489093871099905
1290281599855075328
1294289007053070336
1291150073708122129
1291060146420891648
1300453289910206465
1293642924828381195
1294965025531219968
1290379159554883584
1289848021811957760
1291053798840926209
1291053798840926209
1289454300880494592
1291488485656993795
1293144067480616961
1298119244413116416
1297571154635431936
1298684774916259845
1294527812184018954
1298909004492496896
1297521046640369677
1298528680826806272
1295539209596477445
1293615602465157122
1293927403971055617
1291034272883773442
1300493557132787713
1293511165730000896
1291952910490832901
1297608071141883904
1297292501590695936
1297445824834797568
1299321331255635968
1290675831694667776
1298275772163977216
1298275772163977216
1296288486597615618
1303150820628684800
1303765957219946500
1305184434321264645
1305207117817753600
1301012628081381376
1301156926168985600
1306166571325218822
1303332896208375810
1311124813260390400
1311170468255277061
1303992613209550849
1305954919380385794
1302291288247513088
1304180220237213696
1303613278669533186
1303753400170020870
1305302019234762752
1305302019234762752
1301244203238854657
1301938674331013121
1307691118973181954
1301140723954331653
1306616925238198273
1303214394109833217
1303513552406282240
1305239998669651968
1302029167261880321
1301161830346358786
1303383511945142272
1302750194157498368
1303639259912581120
1302481338013024256
1306263183536074754
1303107966875377666
1303610793162952704
1306260420286656512
1303334782789533701
1305341509579931648
1305208135121076224
1306298390733611009
1301864945953443840
1305235631493263360
1306680528750473217
1305504070942289920
1302703787480510464
1309239182582329345
1310011781532721154
1302881672128540673
1303202869861060608
1305287200205086728
1304403066112729089
1306351633169887232
1305205668857688064
1308722040023797762
1302374497983504384
1306820073248755715
1303415817950949376
1302643413511294984
1308369843389968384
1308987411653955584
1305203597861322754
1306704481049079808
1301315892291211266
1301315892291211266
1305208386947092480
1305861871916978180
1305861871916978180
1306932986403631104
1304390493309038594
1305221129062289408
1306073793299918849
1306823776781373440
1302059691749576704
1305363069988737024
1303322837411745795
1303677942942363648
1307248491501158402
1309905758264397825
1305754458962505728
1318161609664069633
1312759144789676033
1319554800254636033
1312017667352596482
1314265411660070912
1320705132095508482
1312773279585722374
1312759513913585664
1313860289360809984
1313871222841565184
1313871222841565184
1315264883114545153
1313553164973604864
1314557808583606272
1314295509973004288
1317732129711718400
1317667352717111296
1311945191809585153
1317499269939662849
1317035006179639296
1318728961380257793
1318728961380257793
1312587395515265025
1313552933880037376
1315291696742060032
1320393145276755968
1314165176699170816
1315996594785845248
1318566440501448709
1314264774117593090
1312808451295203333
1313863673383997440
1312686981864972288
1317457794258341888
1316204777643151362
1314488270009569280
1313063295474073606
1318408612222414849
1317700445939200001
1315576691855589377
1314205270550085633
1312497655713423361
1316050569144995845
1313814549108264960
1313609479318106112
1312540587573293056
1312540587573293056
1312598129678655488
1315341894826688512
1315361020278435840
1313121480008323075
1314221439206207488
1313773066229477376
1316094086244265984
1313515386197942272
1313932087934713857
1315632514724229121
1318588730177978368
1321772392822251522
1314120483592458241
1315715598383542278
1319845548480839680
1313562564748599297
1317654191997935617
1314134438176006146
1316896652930633730
1317202905045368836
1317202905045368836
1318701043287511040
1318459774346973184
1328534207333769219
1331624632756137992
1329386825459388417
1330922410422439937
1326649842328870913
1331620040676839430
1322933920728379393
1326120318289764352
1326856014071795712
1331807597402329092
1328250338688835585
1331561461139771392
1326101611568123905
1326118058491043841
1330479827665760258
1331320571594907648
1324737197652746240
1328487147272167425
1326426120812720128
1330386114222436358
1326851930983952386
1331572636648927237
1330867251189342209
1326920121735147522
1325863580739235840
1325866242436030466
1326092698818916352
1323173208611315715
1328752284130369537
1330574400693837825
1326940836265820160
1322951788287254528
1326091299712364546
1329236547745452039
1329236547745452039
1324166384977350656
1329825543034908674
1331634908746436609
1324311749382807563
1323167570229383168
1324737917642788864
1322947017027457024
1343797197066936321
1343797197066936321
1336007403641446406
1338852321959137280
1335715819825860614
1338076162543718401
1341421161985486848
1336694980761407488
1334055762134511616
1342541872300924928
1341311271681986561
1333650507433271297
1333650507433271297
1334421112613060608
1337092213537468418
1343599477404233728
1338489403812012032
1333777523801530371
1343091025926090752
1341847305754796032
1337744019472859136
1344125068478132225
1336585251745828872
1333740775100788742
1333736700410007555
1343200264153653251
1335881096437911558
1338177950886322176
1343302023475814404
1334191914141290497
1336850409101602825
1339919834302312449
1340289786871996416
1334332803278917633
1339136024035926016
1336651691874279425
1335581741160009729
1340561080481841153
1338748138689990657
1333581832453980160
1343186990326546438
1343635463358328842
1334207972403154944
1334186446236872705
1335142926586941441
1336288525445107712
1339129543555104768
1338480109045604353
1342038045923618817
1338633744635334659
1342987795711754240
1339507752339693570
1342248117610147841
1335316824750223360
1341311272961249280
1338441034628550656
1333759784500285440
1344586144378474505
1334737639090622464
1343985155451604993
1341771732311560192
1334262564650409987
1336074022518460422
1336128389007237123
1341895301171269632
1257046917776904192
1258286616675618816
1257467598540865536
1257946627752562688
1261956970006720513
1260300600970895360
1256893938381787139
1266762134232408065
1263199278090125313
1263199278090125313
1258381603551805441
1262660262940868609
1262660262940868609
1260238939295756294
1256866170914983937
1263073079862988800
1258093241456562176
1262228992964415494
1262228992964415494
1256286021085519878
1258037631323176961
1257416840164397058
1262450016012005376
1264512859423174657
1256239027734396928
1264189834291183619
1262088686319079425
1259495911467577345
1265658895483035648
1257520073041940480
1257520073041940480
1263295951390703621
1261939091056148480
1264113871427641346
1257332783166427138
1256909675523702784
1259676107336368128
1258539610285707266
1262405232513908739
1265260786898874368
1260919676764254208
1262424447518048256
1259418645144440833
1262882861650042885
1258160612665950210
1262070437032407040
1261090017155244032
1257733126882824199
1257385383161139209
1259986558687621121
1265802984576839680
1259884916772409345
1262354499131322379
1258361436025368576
1259765322145382400
1260122846455648256
1263887789013303297
1256191640496009216
1256263593764499458
1257742224328138753
1257742224328138753
1261221028879110149
1261855111325732864
1262816792319340546
1256850952910495744
1264832404339994627
1256889702700982272
1256942335285436421
1256010445963628545
1259568927631241216
1261931467715809280
1262822091700633600
1259688825988603904
1257588054333820928
1259736709983584263
1261031172135665666
1262011094702280709
1257229415307718657
1259793404743102464
1262000556882698241
1257928081110708224
1256133489239392256
1261923208539844608
1256234934114701313
1262976188034813952
1259638491601711104
1258633478515699712
1261984318777221120
1256631845271138304
1258150306757488641
1259553049887965184
1256942068565528581
1258675645489373184
1260182052172967937
1262020461262704641
1256277591981461505
1256277591981461505
1260702782581018625
1260887968857731078
1256648413929562112
1262298818202218496
1264497500737564673
1260317083235020800
1261962294596186116
1261962294596186116
1260017178310356993
1262694236090183680
1257735561944502272
1262101117321740292
1262101117321740292
1258709641015459840
1263402897267662848
1266789484865019904
1261488853518626816
1261975250167685120
1257922278647529473
1258666445703008256
1256037597018636288
1257660880034189314
1257660880034189314
1262293125168615424
1262708580517642240
1262735143363440643
1264511487084654593
1262006378438299653
1258890673274654721
1258458758289788929
1260495750015922177
1261247530014314496
