1182775871867891714
1182775871867891714
1188215365052047368
1183907064084434944
1183907064084434944
1185982212736454656
1182375933384241152
1182408765129150464
1179119161190031361
1186306173055754240
1184994336741552128
1182780121058631680
1183835576342110213
1182666547443228679
1186988954521952256
1182798763582263298
1183211329244426240
1179931065198239746
1179122985090867206
1179122985090867206
1184994994559434752
1183402419226415105
1186314028324397056
1180865624320495617
1199406360028499973
1196830236249190400
1198950912661868544
1194353331436584960
1194747489645211652
1196811130779377667
1190429026424365056
1190429026424365056
1191040216469057537
1194785147335434243
1194785147335434243
1195473209686020096
1197743766481883136
1197743766481883136
1192108870367232000
1192108870367232000
1197249582071193600
1192178168960110593
1198658092411559936
1192169638420983809
1193686271857745925
1191033358530338817
1193919085823823877
1193919085823823877
1209076910409625601
1209076910409625601
1206562626509168640
1203329071620542464
1211506578962239489
1210567343769837568
1207559516063182849
1207011986187288576
1207011986187288576
1202266195371577344
1202266195371577344
1205291840477552645
1201978220435910657
1201978220435910657
1206625248801644544
1211899723151478784
1211408096205189120
1204135565878288384
1208008654756229120
1208008654756229120
1205596524115300352
1205508627274051584
1205508627274051584
1203384795289415681
1203384795289415681
1204787486397911041
1206997760374902784
1201352868906913792
1201352868906913792
1205441723918376960
1205441723918376960
1208687750439829504
1208391316129886208
1221537323571122176
1214324008679870464
1213582458773483520
1214929998722818051
1214929998722818051
1217976111214317570
1219317063476486150
1220852971405217792
1219036240030269440
1219288580218114049
1221496911242366984
1219724030758080512
1218890599601930245
1215373235996377088
1215373235996377088
1220028350066053123
1215045022770290689
1221907852643704832
1219575496582815744
1220962846478983169
1212553857256939520
1223296418854518784
1216046273272459264
1222013974914502656
1218763579626647554
1213149607145943041
1217466629912698880
1217283246532243456
1220185841156403200
1212641653573337089
1212967021018791936
1218996481526550531
1217123875668013056
1233480205160853510
1226005247748923392
1232237005645516806
1232237005645516806
1224847751676121089
1223440314876203008
1228391537706487809
1227090158719135745
1227047791530258434
1227047791530258434
1227580651173445632
1232577953071915009
1232163318531575808
1229378964956729344
1232019598104379392
1227590199179235328
1223958188258512897
1224728152926314496
1232388990541684737
1231605884545126400
1231605884545126400
1228806899640020993
1228806899640020993
1232382000268369920
1226469334739869696
1232494253189677057
1233064038516523011
1233064038516523011
1224697863550095360
1231004151812907015
1225543010563371008
1223948964464033793
1226550288598917120
1233881302866309120
1233881302866309120
1226678656006750208
1233442746419077122
1233759919674925056
1233759919674925056
1223735382807908355
1233386983155785729
1226537077191344128
1225824769754488832
1231935326135996416
1231935326135996416
1223440918910586880
1223949941745254403
1223949941745254403
1224157316548710401
1231365111446568960
1235278962261209088
1236655446758473728
1239378047297519619
1235404801015332865
1239872270539132928
1239872270539132928
1243698085139820545
1236486095652696064
1236486095652696064
1239495789312966657
1242529391458029570
1242529391458029570
1242817242364022789
1242817242364022789
1244761536750473216
1240323371398828032
1242274952411299841
1242489910960902146
1244625633298337793
1236018585929203712
1240020119734095875
1240636440863784963
1242179391339352064
1243553032119316481
1241204142984609792
1241523156969545728
1241523156969545728
1241709572785680386
1243308100259647491
1240990939608481799
1243218659155365895
1243218659155365895
1239165722841972736
1240952200278482944
1240279570990936065
1240279570990936065
1239541736294277120
1241774513198714880
1243316941613195264
1240309174376022018
1241411080892579842
1243234319763673095
1235935181405671431
1240305672161562624
1243595385207169025
1243988984348450816
1238162962323513344
1235700076619673600
1235700076619673600
1243898370327896070
1235575780672929792
1243550716767227906
1237951178622861312
1237951178622861312
1240106920398278656
1235393356219498496
1240965980119015430
1243093957355151360
1243093957355151360
1244762201543581696
1242965761523625984
1235340874739052544
1237904231782367234
1241010749809582081
1241478775042424833
1244425385766522880
1241857455564480518
1241857455564480518
1243241886254608384
1243337507997192193
1243900878538649600
1240111955945361409
1240726013014876163
1241401748629139457
1236457883199512582
1239628677916360704
1239628677916360704
1242413439932227584
1243730797493923840
1244524080830742528
1234993451197849601
1244692398216744961
1235686595405271042
1241069588038782979
1236392422936100867
1240032678184968193
1245083244464349184
1239972304106319874
1236277697476792320
1242270332993581058
1244000071311659008
1238493088366166016
1238537689118527490
1240239113468620800
1235957095146512385
1238571595150643202
1240466865408761856
1241031630657073152
1243465986243735553
1238576725501464576
1238576725501464576
1240386143465717774
1241024483596677120
1242190015985266690
1242390812778024961
1242899071150567430
1244073707435327488
1243202195769589760
1236440636498329600
1241810100534120449
1243983883798011904
1236386975881605122
1239212657493884928
1244032990730051584
1244032990730051584
1235412680984260609
1240640170443059202
1242797789773430785
1235266668990992390
1243723806964944898
1243723806964944898
1240488732555427843
1237120442285998080
1237120442285998080
1238701606712905728
1238701606712905728
1244625540130226178
1242572877754511361
1243206976554835970
1243941382852665344
1243941382852665344
1244044244026830849
1244044244026830849
1234629565449940993
1235250554370232328
1236412858893770752
1236412858893770752
1236682602721001472
1240291988555083778
1236003717742071808
1236694173576806401
1239261475002150913
1243329574106259459
1243998873569447936
1237036933605404679
1237036933605404679
1238114303485640704
1241157332358197248
1241157332358197248
1249073714437804032
1250470248748285952
1251532481783791617
1252742679584215043
1245197584534306821
1253140330112786432
1253141004426903553
1253397751439728640
1255858616931962881
1255858616931962881
1248031835965267968
1248031835965267968
1253724159575764992
1254692893702397954
1254692893702397954
1255503430715654148
1245141640760582145
1245709193975300096
1247033247671951365
1247033247671951365
1247560674231934978
1248304482485555204
1248336732514222081
1250237424086761473
1251842552334090240
1247005435242123264
1245289401141342209
1248153167868510213
1249738392969019400
1251427359946760193
1251427359946760193
1253481553038053383
1248385944266215425
1248385944266215425
1252321904922202113
1248591927647313923
1250557872079089670
1252498610362687488
1245970125850906625
1251549711976280069
1251549711976280069
1253416366012424193
1255494752675475456
1255494752675475456
1248289277609271296
1251375698712784903
1251375698712784903
1255101742200639488
1255225779685818368
1247986520713318402
1252224969762902016
1245784047592316930
1245784047592316930
1246512898148569089
1246512898148569089
1247714114878742529
1252064134981705734
1252215041434152961
1252602482280132608
1254462018557542400
1255503954970107907
1255503954970107907
1248290972632526848
1248290972632526848
1249779912829009924
1249807279211372546
1255734230149029889
1247993896996671489
1249501363693850626
1252218145642819585
1252218145642819585
1248347671993212928
1249885775115595776
1254180647154966535
1246980823074603008
1249814595516022784
1249814595516022784
1250199271934173184
1252339717535723527
1245404347791544321
1248676798285701122
1248676798285701122
1249020672476512257
1249156411088650245
1250815431541227520
1251759498492076032
1252220494427848705
1255635182171889668
1248443589018804224
1248649584626278401
1249804156434386944
1254254232145928194
1254769794403848196
1255524172073185281
1255524172073185281
1249789589092474880
1251686869903040512
1254054609045389315
1254054609045389315
1249000544775086085
1253037406435106816
1253146076644704256
1249083180226928641
1251322657695563776
1251322657695563776
1250624975792472065
1254541871272955904
1246892090870632450
1250562473473839104
1251312346221416448
1255399458096979968
1255557684029542400
1245930644858966016
1246812372913790976
1246280090234892289
1249068537911472129
1249068537911472129
1249341631800717318
1251579692861157376
1251579692861157376
1253010677029011457
1253500604401553409
1253500604401553409
1254043787850141698
1249116837096366080
1253729449603989504
1253729449603989504
1246140909084958722
1246140909084958722
1246153717923155968
1246395797375266816
1246399038959824896
1246467679323488256
1246467679323488256
1251099322848088065
1252693617241739265
1254409342301933570
1254409342301933570
1249815296359219200
1245587206837694464
1246859299453796354
1250438229817315332
1250438229817315332
1253564722718236674
1254850163677507585
1254850163677507585
1255889654794067968
1247580258792079361
1248084024309899265
1248084024309899265
1248618823990689794
1252255071833907200
1254086313793347585
1254148197791956993
1248303447214039040
1251561552483962880
1252728283655024652
1252728283655024652
1255029298152509448
1245542031591649281
1247600197061857280
1252545548797857794
1252545548797857794
1255658154903220224
1247943203778519041
1251174408804319232
1253489054664077318
1245664914657751041
1246210967681236992
1250480293284372482
1252545076171022336
1254653916383522816
1254653916383522816
1254835232559312897
1246933148446973953
1252733964642586626
1253738094764986368
1247215492806455296
1247215492806455296
1247564330457055236
1247951309543702530
1248373291003211780
1248373291003211780
1249060480620154880
1249060480620154880
1253053266683760640
1248013840102477824
1249235924183060481
1250814591912882178
1248360055008870402
1250523055706836993
1250790425494867969
1251554631018319873
1254828172912128000
1254828172912128000
1255410384250580992
1255498369981702147
1247605350750134272
1247605350750134272
1252776010652594178
1248044680190873600
1250062204990377987
1250336875476168704
1252601425755992064
1253031278099693568
1245681501502615552
1245970150991572993
1249798830301655041
1251928236872945664
1251928236872945664
1246158110743502852
1250048394418159617
1250542315803901953
1250906554414411776
1252265145897832448
1255179286480330758
1255179286480330758
1245728988204539914
1248260673009643521
1250098339300990981
1248017220128530433
1249710924916592641
1249710924916592641
1250133008713162753
1248278816083984387
1248687314341150720
1248955815979081728
1254903174571479040
1247163442500419584
1252663637191335937
1252686460647624704
1252686460647624704
1252706203718889474
1252944750090416133
1252944750090416133
1253332839421992963
1258169667656376320
1257344409382895634
1264065481566154753
1264065481566154753
1257710438491590656
1260275690726985730
1260745940404748288
1265737065171386375
1256740308793962497
1256740308793962497
1256588761397202944
1259084174650155013
1262451479832440832
1258842084091535361
1258842084091535361
1258781505763016706
1258781505763016706
1262412812544024576
1262412812544024576
1272969635072262146
1267627727391252480
1276051778983821314
1277611489730297856
1277617854108569600
1268914625468411905
1267893010433523715
1267893010433523715
1272577557297115137
1272577557297115137
1275652751926706177
1267881380207353862
1267824059963719684
1268257429474639874
1269111539648335872
1276501334632443905
1268014474482651136
1270681449583214598
1272279552002310144
1272279552002310144
1270757663429799936
1273984960190459907
1268318858135269376
1272215748790882313
1274703226365865985
1267920206334169091
1274985960208510976
1274985960208510976
1274761669781213185
1274761669781213185
1272496362144387076
1272617067628367873
1275521858012667904
1268920535829884928
1276341089478291457
1277786007891578882
1267928041264680960
1268570231393464320
1270654101437775872
1276835459163979777
1276835459163979777
1274009790457344000
1268288495979769856
1268344641331400705
1275584474252795907
1275584474252795907
1274606304661770240
1277361051948978178
1270835950566797312
1270835950566797312
1276495339223158785
1267559344184451072
1267559344184451072
1275191670171144192
1276184272651591685
1273692568551919617
1277385582470221827
1273337242229133314
1271505085449846785
1275491975542833158
1272246749692858369
1276876450319171588
1273354652772438016
1275479021615058944
1275479021615058944
1276079289423876096
1276079289423876096
1277674509164740610
1268433547188191233
1276328089719648256
1275900345621905408
1271225726486880256
1280199375206187008
1280727895330209793
1280727895330209793
1283460567789862913
1286626207254093824
1278748841056055296
1286768422848802818
1285977079113285634
1288844800452694016
1280547077647413249
1285998831243612163
1288844873471102976
1288844873471102976
1280050863289950209
1280248061902688256
1280248061902688256
1281077750548348933
1285944407154470917
1283205906914779138
1279099932591316992
1280289183630684160
1288634763012603910
1288845505091387392
1282132919612571649
1280205317540687872
1280205317540687872
1283755673293971456
1285451196594098176
1288971025036845057
1280683462576439297
1289232407057424384
1280677146273464321
1285816181623009281
1288843506018947073
1279369718709747712
1279369718709747712
1283116832422014977
1283116832422014977
1278308612310315008
1288845328679079936
1279361126787096577
1278740411734020097
1280972448163389442
1288618289850089473
1278728243214942208
1286266987233124352
1287864632380596224
1288455501915795458
1278498746582654977
1278498746582654977
1282747388415836161
1285913938337705986
1281519528195895296
1288602243848114176
1288602243848114176
1289306107987390464
1279826073778257920
1280752759315165185
1288846995856269313
1289261529704013825
1282723293456404480
1279532849964687362
1279532849964687362
1280887850406309888
1283610428950675456
1288603506136494091
1283463870754050048
1285662126586171392
1288253195614027788
1280623763285893120
1288843110680797186
1288845174047735808
1287422777079861250
1287588212140113920
1288843414444941312
1283492821828345857
1281039708294795264
1289229516351496192
1286198639220666369
1283393706809274369
1286101235943256064
1283475568995061775
1288843376146567169
1288844642641944576
1288604684647718914
1282019443091136514
1282019443091136514
1282558516872409089
1278588510816043008
1279986040330235904
1282545636894740482
1283956627771514881
1288843964687228928
1281102958306840576
1281102958306840576
1281621744114180098
1288639245230383104
1283762700498026497
1284188397393903618
1288891839584534528
1288891839584534528
1286109652879638529
1286109652879638529
1288608105903915009
1288608105903915009
1286719093089939457
1283038810029391872
1283492902077857792
1283492902077857792
1288607953717731339
1281189198515576833
1284919360927170561
1288903519018287104
1282695544851386373
1282747933364977664
1288846583174438915
1280871072838057991
1280871072838057991
1281790455059902464
1288847728081076225
1285246851437023232
1285865695377600512
1281785013747347456
1284606745671860224
1282719826230882304
1284383391203438592
1288844139136778240
1288844620156284928
1278422239638102016
1281637219174764550
1283956449157283842
1280194070371897344
1288517049149526017
1288517049149526017
1285217193052057601
1280589140455809024
1284253262984740864
1284703227217195008
1284703227217195008
1283457614077190144
1283570433812561920
1284460438617563138
1285299742667407362
1283884335523864578
1284500805941448705
1288624784503439360
1280545356644708352
1280586159786209281
1283821932648046593
1283821932648046593
1283845389842558977
1283845389842558977
1289097754736828417
1289274938910806021
1284298825021239296
1287866655184314370
1278757806292729862
1278757806292729862
1288855344907784195
1288631990858715138
1278781184542203905
1278741097456513024
1278765021900636161
1280890915272355840
1280890915272355840
1281050734402953217
1281987405491265536
1278445801149267969
1288707153080061952
1281228192620126214
1286372056892809217
1288464553253187584
1288810843346481153
1288600836747210752
1284984631482298368
1288855042942996480
1288855042942996480
1282760483490205705
1286125264792104962
1278742617933709316
1288851115023400960
1284844025825169408
1284250674419716096
1284116750284423168
1288582289971187717
1288853793019506699
1281039150074994697
1282752640976388096
1282752640976388096
1281016471758438400
1282668771690389508
1289285629298147328
1285824605639278595
1286107534634491907
1285263993104474113
1286311423044464642
1288842497167327233
1279238716007956480
1284749079365419009
1288842872507240449
1279055969276825601
1281366854636691456
1281366854636691456
1278226139719360512
1287746740049915905
1287746740049915905
1285566427584438272
1285566427584438272
1278741244181729281
1281688969701253120
1282779060783812613
1282974230284505089
1282974230284505089
1279239677812277255
1281607533086400523
1283830434523222017
1283830434523222017
1285262478969012224
1282501435750584320
1282501435750584320
1279182013317054464
1279182013317054464
1282991804384714753
1285153926166134784
1285153926166134784
1285250688767926273
1290374517638873088
1293538427946795011
1293538427946795011
1298043386440679424
1299140428462198789
1289371022034997248
1290043851286052864
1292039928939864066
1293254964307992582
1291703105378287616
1291703105378287616
1295654757449830406
1298996683519348738
1296564767688134656
1297235451586043904
1295398165571665920
1296345533020360706
1292817087182897152
1292817087182897152
1293554370508922881
1289822555642175490
1290020227783077888
1299712393107378179
1299712393107378179
1294121586631401473
1295481800937091072
1296203597743562752
1289416827139952645
1289540143775244288
1290418943723634689
1290418943723634689
1291329350961430528
1291329350961430528
1292534697453588481
1292534697453588481
1292839744993402881
1297949640373960704
1291202345947353088
1295115738869567489
1293765868283928577
1293080167544487936
1290909710825201664
1291405328517455872
1294979736888803329
1299478631954087936
1292539381425876995
1289960052858617857
1294407974258126855
1289600271044116480
1297421183244107776
1297421183244107776
1293717948826361871
1290454013935222785
1292891757638823938
1296707899893395456
1289760614143803394
1292787261654917120
1293674957545889794
1296071280169558016
1289604034916003840
1293229477762408449
1300524277779890178
1293898960638226435
1297274241939902465
1290883740491751424
1292307307469189121
1299261471877144576
1292200882663297025
1291510632597139458
1293347733064028161
1293920092833689600
1293678870030356487
1299440309949132800
1292479208237576198
1292764327192276992
1298440595224924161
1293164820318035968
1293164820318035968
1297178369650388994
1290373172597075971
1293176094607183873
1293176094607183873
1289979938502713346
1290991654934138880
1290991654934138880
1289355628926898176
1294028525297709063
1289991758328131586
1292321450645319681
1290518155421507584
1298729132625293318
1300247016321228801
1294330081867964416
1298379580911353856
1297738953605316608
1294346309634109440
1297048073735041024
1297048073735041024
1297070291974270976
1298745711790624769
1298745711790624769
1292242266371825664
1293676690938372096
1296345507837759492
1300118305261465602
1292445035817046016
1292445035817046016
1297509846653317120
1297509846653317120
1293053310572695552
1297968980066533377
1291349936584503298
1291349936584503298
1293685597626867728
1295627434230984705
1293696968435408897
1293696968435408897
1294746064533299203
1294746064533299203
1297161060886011904
1293660742235938818
1289705736319139840
1289705736319139840
1292144245474762759
1292144245474762759
1294297606592454656
1294297606592454656
1294900486441664512
1291829035165782022
1299353761035563009
1294078851442782216
1290409158408196096
1292206845470416897
1292413612087291905
1293208931049910273
1293762696450584576
1296434569697202177
1300131651226304512
1291745547020390400
1291745547020390400
1293896587974975493
1298018963352440842
1298018963352440842
1293948993668616193
1294023618826055681
1292109575517159424
1293582803813240833
1292822011450974210
1292822011450974210
1293182918970417152
1295398386577768448
1298150245533179904
1310318310488186880
1302676222518984704
1304138365311373313
1307178275228340224
1303154089728016384
1305671081420877825
1305230258006786051
1304160949323038721
1303132204197974016
1306482539683610624
1301573219275755520
1303761348170481670
1307300782442713088
1307300782442713088
1309381054831251456
1305756280322174976
1307694296204795906
1304547817738960896
1307065253696540679
1309670776627494913
1305680004416761859
1308454144714264581
1304784392951410692
1305561962420502533
1311064620833148928
1308408837872005121
1303259348215439360
1303259348215439360
1309317496961478658
1309695682303926272
1304687770330333184
1303798046208208897
1304306930186366976
1301273417912647680
1301051315116797952
1308011917328494592
1304231659181682688
1307082330478084102
1307082330478084102
1308456694846947329
1307771302288056320
1300809652393988096
1311302308509167616
1309108674271547395
1309108674271547395
1306599047235502087
1310368188274749440
1310327656420966400
1307194377475772416
1308487057438896128
1303362448418680833
1303362448418680833
1306384427656847360
1307895404701323265
1301703843458187264
1308465783928958976
1301401656630878209
1306450047039496192
1308897663023288320
1308814057953058816
1302293315640078337
1306179384936665088
1310351079444488196
1307757613417816064
1307217168996741120
1311270816902983683
1303031488485695494
1303031488485695494
1304524367100088320
1304524367100088320
1304649718048280577
1303876242253524993
1302325150902292482
1302325150902292482
1300921625320271872
1306939493958647808
1310335304444899328
1301046132630589440
1301046132630589440
1303887340025380871
1304533184584077313
1300671409941868545
1300671409941868545
1305864928432140289
1307523219918860290
1308894731200589830
1303112149137408000
1305600638064230401
1305600638064230401
1308998262645547009
1313997550819704832
1313997550819704832
1316713701815115777
1319046358641397762
1319986320647835649
1320508049610756102
1320833261438824448
1320833261438824448
1319561563506880512
1314323287472701440
1317040753214967809
1317040753214967809
1319433687566635014
1319433687566635014
1318197118671048705
1320857179805548544
1318371939384057856
1321862246725607424
1315088460580098048
1318431339599732737
1318431339599732737
1321622657662652417
1314259661260980226
1318954417001988097
1313483022931562496
1320682337743577089
1318696010818875392
1313525553203343360
1313525553203343360
1314709105404252160
1317561818936737793
1321628512592162816
1314520706328166400
1314520706328166400
1315019160104075264
1320740045473632261
1311962113800384512
1311962113800384512
1314287507236937729
1314287507236937729
1313942399752732672
1316077080958902278
1317976460611719179
1321598585964695552
1313082599473139712
1318760363362553857
1322207267521994752
1313973754314125312
1321712822020169731
1317351358203260928
1312765154178863107
1320107834449809410
1312515195667841024
1315014823537766400
1317919749003747329
1312050198378668036
1316518524651798528
1321827431276306434
1321497914250797063
1315384464546115585
1314212693415399424
1315155227482320898
1312155118297477120
1322021753309319168
1314706175888420865
1316810863014223873
1316810863014223873
1318440652691169281
1315658648086081541
1319538482243604480
1321414099490713602
1321414099490713602
1316071548353236999
1316071548353236999
1317882327788212224
1318334444353323008
1318334444353323008
1321420751669325827
1321420751669325827
1316448244860252160
1316448244860252160
1321742123515850752
1321742123515850752
1318698563757514752
1319341727422046209
1319341727422046209
1321423267555659776
1314562926221557767
1312951457923170306
1321596373813370881
1319279210024718340
1319284598300266497
1320506678610169857
1318445518343778305
1314536200104009732
1312767390783021057
1319349763905671168
1315628876089954305
1318745191000494082
1315245276534374400
1314001333490528257
1321499159992651776
1321499159992651776
1317407226361950208
1315489566753660929
1332771955968249858
1332771955968249858
1325126427616845824
1326898588170002432
1326898588170002432
1326950115211403265
1328151585470472192
1331929136496062464
1327626706753089537
1327626706753089537
1328739128473653254
1322857599298084875
1332467452907806720
1324033320691265537
1325538260580356096
1328415764420964355
1329995962950017027
1332831817041387520
1332055614961303552
1332055614961303552
1331832919325859845
1327260183332933633
1327718812926570504
1326368699561861120
1327279223204155399
1328335160425795594
1328363339781705728
1328363339781705728
1332778486503776256
1332778486503776256
1328342041131184128
1328342041131184128
1332328588675321862
1327412467337670658
1329842442732974081
1325815088612257793
1325815088612257793
1326463938276495360
1326463938276495360
1326981459597537281
1332203904323477505
1326932722804199428
1327039533561630720
1330452980911525888
1332712782026973184
1325895551506919427
1325895551506919427
1328800608556609538
1328800608556609538
1331136905002573824
1326232324447625217
1326232324447625217
1327995823070834690
1332986381367451653
1332986381367451653
1331832178418839553
1332651097064841216
1333454686683271174
1323715136591437826
1323715136591437826
1325217414645051392
1325217414645051392
1327163827583131648
1332889403870617601
1332889403870617601
1328126031996149760
1329461812190908416
1332701265135067139
1324475274499686403
1326793839642861569
1331975325476147201
1330206456768057353
1332136183367946240
1330349137221607428
1330349137221607428
1330847638632148995
1331874693645742080
1330815027213963264
1332059437490720768
1325588212002250752
1327032046514999296
1322922232809664512
1331081909632438273
1332123300282191873
1330432788374450185
1332859069720272897
1333439133616906241
1325458681392209920
1331816589960810499
1331816589960810499
1332794732347596808
1323007429559394305
1324554488154382336
1324762492053020672
1327014288288956417
1327014288288956417
1328345157507362817
1330232245995626501
1327354009888419842
1326520891082215426
1326520891082215426
1332751632107515915
1330309520602648576
1328685893721452546
1324126491316228098
1328808916092903425
1328808916092903425
1330911545677684745
1330911545677684745
1324440482756366338
1326402636900429831
1327377552546131968
1331180497897201665
1327831015490990081
1327831015490990081
1328710976296923136
1328150671787495426
1328150671787495426
1326710298531782657
1332764133561929729
1332764133561929729
1333167730489520132
1326247835918983169
1326954781060063233
1327386050226921472
1327386050226921472
1326560211621056513
1331975148635734016
1328719928195764235
1329921469665730566
1333013752107704320
1331057228024078338
1331057228024078338
1331984061519327236
1331984061519327236
1332038682577145856
1324159808371630080
1328442251417149441
1330403758258466820
1330495717559955463
1330495717559955463
1332743679858118657
1332743679858118657
1330525016920875008
1332736908364029953
1332736908364029953
1333120315283697664
1327086589454020608
1327827203275575297
1326581104514633730
1326581104514633730
1326901209605808128
1326901209605808128
1330346153402126336
1331973872183369731
1330556449320267776
1330412483811610624
1330628930865418248
1330628930865418248
1327458094524362753
1329172823718440969
1326165973280452609
1326165973280452609
1326561873660178434
1326561873660178434
1330618378000732160
1328404750090571776
1328404750090571776
1331767197711163394
1327897977592160257
1328188319872684033
1328379735328448512
1328379735328448512
1326894075107307521
1326894075107307521
1332553460781346818
1332923463015739392
1329062267040698371
1330411713863311361
1332779677686116354
1326909798701527047
1325286268075380736
1331955358533824516
1330169869036347393
1334882819974295556
1338849916655972353
1338977243381387265
1340109173560811521
1339353095768317952
1339345402244558853
1344083074074734595
1344083074074734595
1341173870917799936
1341173870917799936
1337098657166929921
1339830862976835585
1340686198168309761
1338220735190458380
1336346937402957824
1336346937402957824
1341501674582495232
1341125294040735744
1341125294040735744
1344725453454630912
1344742944184676354
1336660478932758529
1334751252035596288
1339759273384046599
1343548190046515200
1343548190046515200
1343663149820465152
1337378104176758786
1341108521216090112
1340132907948662787
1341256428963545090
1334317025208971264
1342682082183680000
1334045953700089857
1334075088291901440
1335470029433876481
1336891207092301825
1337096371443122176
1337096371443122176
1336924902868267012
1339936803583893507
1340533691697815556
1334783468648026112
1334634344363732997
1343748316589338626
1337884762074071043
1337114009288503299
1337114009288503299
1334496706927480832
1334496706927480832
1341175263674044417
1343706281513779203
1334850418145419266
1334850418145419266
1333864543286677507
1335692859748573184
1334323553563455495
1334517611544109056
1340540444065865728
1342598828696993794
1335230488965832704
1344252898465751041
1337237087704281090
1334325693547749376
1335636418132144129
1340852829309857793
1335040636899082240
1335040636899082240
1334000013551280128
1334180759737835520
1341386978588319745
1333792546837827584
1336875228039811074
1337595894263406593
1337595894263406593
1336347996162670592
1339537406060613633
1342845841749532672
1343531642154049536
1337584518404976642
1337730923501129728
1341910778840895490
1336554507564687360
1339345558293635074
1335764490105675776
1335854257682038784
1335854257682038784
1339219325308329992
1343998971170103298
1334731392190722049
1334731392190722049
1334310051448807424
1339627210290806784
1339627210290806784
1337130584120897537
1335046597177204736
1339320609218703362
1335944840358588416
1343266018240638976
1344315578157305857
1344315578157305857
1344618256066351104
1334897851512610816
1334897851512610816
1337468979632332800
1338283958270910464
1338676712280903680
1339095479011995654
1334310062660210689
1335631953886908418
1344462231979888642
1340097781843845123
1342858412502073344
1337377947662098439
1343545134844157952
1334312372886937600
1335106947486523392
1335743888468926466
1342606160193593350
1342606160193593350
1340532699161915392
1337556720931880961
1338232151217618946
1338232151217618946
1342703799375454210
1342703799375454210
1343295301126381574
1343309603396853761
1339629999502942209
1339629999502942209
1339795972310884354
1339795972310884354
1340169091248652288
1336780981638926343
1336780981638926343
1336672977165799425
1336910291171332100
1344020798273536001
1338213180376494084
1340531037496078337
1341498467433246721
1340698028706041856
1340698028706041856
1341033935132786689
1334618056493068288
1343234539045306370
1334854347155496960
1343700570117439488
1333840583853486080
1335946662301364224
1337131118840205312
1337370620200247296
1334943926906712066
1333864624970579968
1333864624970579968
1337117881713139712
1342520916614459392
1333800629970485251
1343540395813130243
1338688474736713729
1338324723701145602
1334570724443426819
1342851358769246209
1337206249327226881
1338203495342559233
1258169667656376320
1257344409382895634
1264065481566154753
1264065481566154753
1257710438491590656
1260275690726985730
1260745940404748288
1265737065171386375
1256740308793962497
1256740308793962497
1256588761397202944
1259084174650155013
1262451479832440832
1258842084091535361
1258842084091535361
1258781505763016706
1258781505763016706
1262412812544024576
1262412812544024576
1258849282293149696
1263263546701422592
1258136401528467457
1260360396604616705
1256215164220846081
1261000003163754499
1261909529626726402
1261909529626726402
1262806965232828418
1260348734723854341
1262524865963347969
1262137474966528001
1256272555066953729
1266576188316635138
1257374287595540485
1257646770387144704
1258026966281785349
1259867587233624066
1259867587233624066
1265676056549224448
1256966018427162625
1261473523106635776
1264878278961246208
1259935182171377665
1260203633603461121
1264951497755897856
1262379962738376705
1262157471700979714
1262157471700979714
1260594032939536389
1265589350735253505
1257141475252547585
1260860938640486401
1260860938640486401
1265445122361024512
1265778154313936898
1264968779445833728
1264968779445833728
1256599540150534144
1256744391055683587
1256744391055683587
1257373077668798464
1264923577008168962
1259855432157474816
1259855432157474816
1263460877841416195
1266647061769916417
1264823535756816389
1258413565603651584
1263609585891491841
1260697589646794754
1260734344341196801
1261642745459900417
1262034079488151553
1263623531113459714
1263916302751559680
1258854206099898370
1259853448373288967
1263578246727249920
1263788170937692160
1263788170937692160
1256713614960070656
1264887405473075200
1264045667653169153
1264045667653169153
1259192409348423680
1263884642639208448
1259020660774404097
1260834114279747586
1261070059121885186
1263472955071266818
1263472955071266818
1265343223398088710
1258773786465361922
1259908743384297472
1260683013576437765
1264954132948856832
1262252627691175938
1263687344063799299
1260237005138604032
1257200173471563778
1260620750010093574
1260620750010093574
1256577843598950401
1258184928921038850
1260242738454368256
1265057715472273415
1265057715472273415
1257105424144203776
1257915772359389185
1258573719942737920
1261132109558644736
1261949362911023106
1258392293339529216
1259252937131470849
1259252937131470849
1264415928239788032
1257409410537680897
1262065935210418177
1262065935210418177
1263068583560503298
1263068583560503298
1262384887023140864
1264213257826398208
1257400890346147841
1259277922600398848
1263790464546877445
1264876246661566464
1257266443474919425
1261805271782961152
1257177402595139584
1257177402595139584
1263468424824578050
1260619617535438849
1264270840327213056
1257145988764127234
1262131971670581248
1263473539203678210
1263473539203678210
1264662184228990976
1264662184228990976
1261377799174017025
1260301246101180417
1262391270837817344
1261788456843276290
1256086661248823296
1256086661248823296
1259554914457595913
1264899183984640001
1258072815699480577
1259517902266470400
1258440839338098688
1259822861184831488
1257422150480400384
1263819994628067328
1263881460286738432
1256597261271744512
1264328533184319488
1264997397169688578
1264997397169688578
1265533735623184391
1256818823149129729
1258646692460707841
1258646692460707841
1258050182748549120
1259064524818309120
1259064524818309120
1259426118307807233
1259853811327344642
1259853811327344642
1264953613035745280
1258016884139741186
1264597956851720194
1260292705130815491
1260292705130815491
1266903412873900032
1256169153439948800
1261019734419464193
1263989650135240704
1261656056129699840
1261656056129699840
1262098185218129920
1265573824562692115
1265573824562692115
1264964015631020034
1257253621579857922
1261298608277606405
1256742885019484160
1257438078576230412
1262802140432486400
1259174908510310402
1264433258793545728
1264433258793545728
1266166125420838913
1260931594061148160
1259906636216401920
1259906636216401920
1263423436640174080
1256485099157274626
1262786864903122945
1256289787205451776
1259516784023080960
1259516784023080960
1261315849106845696
1256272053700890629
1256272053700890629
1259600369262440450
1265999538545766400
1265999538545766400
1261273286232748034
1261725040460148736
1262094498420703233
1263848594093686784
1258441590064009216
1258471211148992514
1258471211148992514
1261871613114372098
1256207536027467784
1262052588926775298
1262052588926775298
1258045175173177346
1260781956297633798
1256385290576384000
1257746631136612353
1261650473150373888
1261650473150373888
1258901806798606337
1265278323266949126
1265278323266949126
1266173433882214405
1263214193039335426
1258193997031489539
1258586218985590786
1263730700584443904
1256592137812086785
1256592137812086785
1259888592383606784
1261706897096392711
1257925210319224832
1258874461400358912
