1183598908553027584
1185615286633975809
1185603219914924032
1197640030539390976
1196850812057636865
1193677109392216065
1196817994912976896
1196826316806524929
1204848072574013440
1211046911454728192
1211823550400811011
1202324656079933441
1215782048582922240
1217578928199454720
1212839316843569170
1222258696291528704
1217897292650438656
1219760649179402241
1222926313490649089
1219327334744018945
1226888928319262720
1233212357368832000
1231009386824425479
1226617808508768256
1233149533489684481
1231742757280067589
1227039328590794752
1233069103079940096
1233664608323481600
1224769622001487872
1233147169860935681
1233325779867652097
1233391924033155073
1233409552697233408
1237060634564534280
1241781795512860675
1240282993530253312
1243080229389840384
1239931250812399617
1241729439907467265
1240658471823040514
1238248475097288706
1239683568697315331
1241630967367860224
1243675439387869185
1240489857627172866
1238131680432570371
1244716105341509632
1238244165101793280
1241135131739504643
1243437185887543298
1237033745917472769
1239949193692749827
1237254370850471936
1237650766459887617
1242157127659065346
1242952474501185536
1240774528214741000
1238264618948198402
1238696372687310848
1241397069161672704
1241434133961699328
1243209150114541569
1242341771851337728
1235643942328131585
1238866518382952450
1240352803522035713
1237173636966035456
1237572336519266305
1244643710731780100
1240678887538823169
1243255192998612992
1240758719903924225
1235371612959997952
1244632381950169089
1236844649773502465
1239087486867030017
1240406180473815045
1241064534980386818
1242909866315874305
1238365491971985409
1242948033328881666
1237558998615740416
1238265109694185472
1241006801086226433
1236667369289891840
1241689801914486785
1242713697556074496
1252657775789977603
1255312120125755393
1249787710908305411
1252830756092563456
1247244802552406017
1245581740996886530
1247872905268146176
1247595510925537281
1255364956020670464
1253878288910606336
1248398317957951489
1249763973307731968
1250861393156374528
1254774391239368704
1250794846308220928
1255729864553922562
1253132540375941121
1248319615538737157
1253822596912574464
1252311343052570624
1255212712273022976
1246542520647024641
1250518873431998465
1251198137030631424
1246468840579629058
1251226869514539009
1252246519446736898
1253051669660733441
1255541960670089219
1249932942241083392
1251364776740941826
1245356591446097921
1249685458386288640
1249710008750821376
1249709339448877058
1247258481805099009
1249660544551915520
1253780075067183109
1250071063217811458
1250229525440425984
1252399339541950473
1248612780627779589
1276687270565773316
1276936117418328064
1276670069712584704
1276647724385853440
1268669019650953217
1273247005956100098
1277759423717543938
1278047676295086080
1267621165045919744
1276887166900035586
1287861659776647168
1288206950656806912
1280878340027678720
1289074585498013697
1284223627257352193
1280930775177801728
1288850873997721600
1289192923465039874
1285212704966430721
1288215973594648578
1288677258383818757
1285306502903996416
1283762067346984960
1288973913234509826
1280969994675859456
1280879503942639617
1285441886849769472
1288994226727002112
1282903916829696001
1287874196270231553
1288895910211198977
1280513604148756480
1287775664515489794
1289251721097568256
1295391087859818501
1300506320316051456
1292248436197208065
1300209040656609280
1298715128389484544
1289321602186768384
1300292918343798785
1293579477612728321
1298960262121156610
1290954799618371584
1298752307300007940
1291420063162150912
1299573752045408258
1294008328390152194
1300283253002133506
1294134807643877376
1293233261838315523
1293586907759288322
1290838810247467008
1294385887074287616
1298324891880632321
1305961050441879552
1305115007643004934
1310609877723762689
1304011479197179912
1307064279548473351
1300966324114526208
1306247362092961792
1308639768666927104
1310734508321312768
1300839229161910281
1303789041494757379
1304817874788384768
1314575501491568640
1313173009360977920
1320413155974053890
1321501986940837888
1317106138643660806
1312773103433392128
1318183226138120196
1316044091784867841
1313513641359015936
1320414885117894656
1317604941628833792
1315884981105950725
1321512250390290439
1321461334232412162
1313564119811985414
1321468478625357825
1314076817830096898
1314259971618603011
1314594182166728706
1327375699498442754
1323313028687781888
1322741206619574272
1324760797562740737
1329891349898944514
1326600737468657664
1327344881493282817
1324809920080957441
1330515747576160259
1323344265737465856
1330232597490831360
1327284149997039616
1323633817454825472
1325719572310347778
1328014181140840448
1336021977081937922
1341775283532095489
1336444044868804609
1334157616528887810
1335658580805111809
1344423963162775555
1336161453347381250
1336006259284332546
1338985116882898947
1336421552263409671
1335999973612277764
1340646558484869120
1341263458386513921
1333805502032035840
1336077394680143873
1336330550672457735
1262417065572544520
1257710256119054336
1261321167056498689
1265828738266288128
1263851974694502402
1258476772825468935
1265974258980831233
1260388532373401600
1258946913342304256
1259913313519009792
1258986313040134146
1258492459484696580
1259651953883140097
1262403592033431553
1256999484418142218
1257362715313668096
1257772774296190976
1262855672321970177
1263843967780544512
1265744268523720705
1257143906866733057
1260065063446081537
1260034763441594368
1258192348661649415
1258134366603169794
1263201467529338882
1259921343199535111
1258749041246117889
1263149013731246080
1257905482154618881
1257784706772369410
1260543818073616385
1259938517121146880
1263518729503154182
1258441622368313345
1257399839115169792
1256393575241256964
1257400880913092608
1257743159108435969
1258753944630841344
1266616972978069506
1258834130927783936
1262513068975636480
1258279892162052097
1266598977203580929
1256228126755041282
1266498928654135298
1262595027672289280
1257367054413422592
1258532138590203906
1259895842774941701
1265105295648440320
