1187555353325645825
1198719320374808577
1197692772427296769
1195686722484527104
1203682432060444673
1220564186628939776
1220321546146930688
1222308330821038081
1217082124106420224
1220140350590853122
1212156785798393862
1220694025122013184
1226326887405948928
1227018176837365763
1226793101362188291
1229641363190358016
1226475958988873728
1237246491577761793
1242468074952904706
1239682871629172737
1243885830487375874
1242915421176635399
1238904748369154048
1241243165765615616
1236192379264208898
1241575355967836161
1244187635331092480
1241178978720899079
1244847587485761536
1242383178037411841
1242844137222742017
1242126539367612417
1243200182327615490
1236031665509711875
1238298768665124864
1244889794750054405
1238114093233405957
1239622474519773184
1235577229389815809
1242979681864908800
1244308508557934594
1239114197755191296
1242428521244491776
1243961238771699712
1237888545076834304
1244158737515855872
1244315909096910850
1244194791023185922
1242173257509490688
1241024271654236161
1240050418559967232
1243613684947013632
1242375744115875840
1245087434578243585
1242134371810848768
1238443740919930880
1240277207492198401
1235699237498875904
1242292576306282497
1244026502129254400
1244051391146004480
1249903968647610370
1245289997181358082
1245395827373326336
1247139543943385088
1249359152834633728
1255557822449942531
1250197314607734789
1252998173376811008
1249151870343536642
1250141805741592579
1248892303298592769
1254500731995992066
1255892270437588992
1250265111387869184
1248007911655141376
1250001015744724994
1247168878985142272
1250484383477379072
1251595221277671424
1250820725881163776
1253846206649860097
1245195451164475392
1247581720028876800
1245184014098587655
1245244628720328704
1250428198942167041
1247934756920143880
1249072262424166401
1247886528296046593
1255810317893812225
1245878069266501633
1249036428077654017
1253444819340451842
1245274876925140992
1249817665742548992
1250076779009753091
1252173678621663232
1253779510861934598
1256403064573104128
1263561464612298753
1261333114795765760
1262445654716092418
1266517314851274754
1270735843645370370
1269116829018083330
1270687926016409600
1270737776166789120
1272454308504784897
1268875725500813313
1267335158711140353
1281976487260938240
1281987360889200643
1285222732414713862
1278833330465587202
1281404522397675526
1284654267199041536
1285394124590456833
1280527696074866689
1278508817869922306
1283959639651037190
1284850989166735362
1278358365790441474
1286723247631937537
1289235034809851905
1294319824546406405
1298591497990938625
1291932165173907458
1290256694673457157
1296085777898708992
1296055012393652225
1298402636891381770
1296071805460008960
1290105136384106496
1290645062628585481
1295513344485490688
1294273380204642304
1290059933753327616
1293595753538101257
1293887626219487233
1308905248384262145
1302305693500936194
1301915468928897024
1310957288585408515
1306587473246670849
1308514519333982209
1305666071123427334
1307348911481409537
1307478430955573253
1308043971168436224
1301445019639873542
1306591245926621185
1309343474211262466
1302284541642579968
1307016924484849666
1312694073967419392
1312139841564364801
1322643970099478528
1312079478273826817
1314702390986240000
1320545821176320001
1318857827088273413
1314919207159640064
1318086138700079107
1312081298639540225
1318839766079754242
1317935841801654273
1319733411582562306
1325801017393475585
1324782724289277961
1326117754068492290
1328155985303703552
1324744119026147329
1325428808279879680
1343308216042741773
1341692619689234432
1337601572205957120
1334562027617083392
1334716115621203969
1342636391935651840
1340348760614965250
1336468169544921091
1341783274142773257
1336417739255259136
1339147291123445767
1340645964504309760
1336379756690944004
1344011973906870274
1336015365126680577
1344176538758082563
1256403064573104128
1263561464612298753
1261333114795765760
1262445654716092418
1266517314851274754
1257445065854763016
1266050032739983360
1266519811653341186
1265217375630213120
1266080689889382401
1265240027187027974
1260910307972694017
1265490421834186752
1261335004258410503
1262441982695280640
1262208803044560903
1262915841319997440
1256744122582474754
1256663759059390466
1259861189326225408
1263843301829967872
1266685962735824896
1265174270994313216
1260690073475076097
1257920552918007808
1257429998870441986
1265487052805718016
1257286408001277954
1262728169347592192
1256291188094590977
1266571690391166976
1257250552825761793
1262533575678799874
1266255491270709248
1263516170688303106
1263556695692685312
1265209826667356160
1265663944951099393
1263535039079501825
1260630468229300226
1263527516062523398
1266517949067730947
1266829253057929223
1262437810310610945
1260959329118818311
1256659068544004097
1262793453932556292
1261156902446268416
1266263178918289418
1256629773297692674
1265655933490823168
1260265150864654336
1266675320133804035
1260220909857669121
1258169858128318468
1256788081992237057
1260202744062906371
1265767248553218048
1263043056791584770
