1182037988315934728
1183027040238350336
1188623667980169216
1179408924170215426
1181670511425679360
1183833126268624896
1189880063602429952
1182742531001454592
1187199217225232385
1182151466183806976
1182335034755301378
1182452213156679680
1184096008436891648
1187015445070712832
1188056823603093504
1181326027798274054
1181679389282619392
1181987019016343553
1184842149814132736
1186310974904721408
1180841631106437121
1182372150122106880
1180137292779986946
1186782596883238914
1188926875688669184
1187955313862823938
1188088125312192512
1183274265229037568
1185972858205491200
1186163486360891392
1180923634648371200
1181917325538349057
1182266044125241344
1184186194076131328
1185459795429679104
1187843654817325056
1182146890906750978
1181903628191326208
1182641894402281473
1182709981663113216
1184427179649712129
1187317807723302915
1188097177974915072
1189207607841570821
1188217900739579904
1179497802000293888
1184967408894828546
1181561143959212037
1185422723411038209
1182262733334597632
1182402985462243329
1182443950063476736
1186751999129411584
1187176037504782336
1184820520581238785
1187120580434096128
1187916814514184193
1188515613213249536
1180839593400254465
1186782143407636480
1181581693884469248
1181907499617665024
1184846235833896960
1180158910881320961
1181805507289501697
1184528367065939970
1185002731049603072
1184716573128429568
1180612168514977792
1181499919439286272
1183470698582417410
1182621128197656576
1183056307886145538
1188780549885890560
1181674339592224773
1187080252197081088
1187597426619752450
1183157885871611904
1184926284150800384
1189291514427576321
1182706356463132672
1184691394725568513
1179447111995285504
1188538819781414912
1183033013074104320
1188792028915781632
1180240976977317889
1185674128562372608
1181701835125600257
1182392320542593026
1183611724731240448
1184314809631858689
1182430794909913088
1184864192286920704
1182408384802426897
1181900556752822272
1184801373575143424
1186776605307342849
1190021905052516353
1180477579112919041
1184453934561349632
1182303904614305792
1182716536051683328
1197273637461667841
1199863354132762624
1193971958649622528
1194308870883164161
1194453087827746816
1196920663493238784
1199081581698260993
1195127842276810752
1197169461700071424
1198042602563670019
1190852735014440960
1190640721348481025
1200683650284548097
1197534571195195394
1195039822315954177
1200281991998058497
1196095609515757568
1198655459735097344
1197550700055715846
1197521078601555970
1199097736785645570
1194262192478183424
1190287984563818498
1197297199245189120
1196439449753788427
1197328962717773824
1195006568183615488
1196406616138113025
1197366817364357120
1200837561024946178
1190367860612304897
1196778578538573825
1194978730587885569
1199262815938322434
1190738199859077120
1197395553363083264
1197523118249725958
1197547683088613376
1197164845654626304
1198640934717669377
1192875601708900353
1198381129029472256
1190980715824988166
1190266114544152576
1193664285903224832
1194789594614640640
1194154440787259392
1195091196663627777
1198321290349891586
1197876296359002113
1191447908098433026
1193927057815867392
1192893848319643648
1199692195235876864
1197457481263439875
1196213439141687298
1197256833246908416
1196868767856218112
1196986521162829824
1192592655038980103
1199608197809467392
1191463434065301504
1194349991952707589
1196775963809452037
1198640000910401536
1200050336746135552
1192908170492071936
1198997105752334339
1195767020672950273
1197325718117658624
1201951154420113409
1208767731912314881
1202116040769130496
1205101771359735810
1209510979714732032
1201976092136898560
1211654524118679552
1201561475476836358
1201925756324122624
1204036409134174214
1204115164951465984
1202810104346824706
1203678261936607233
1204655565621940224
1210330432694345728
1202007901734354945
1209105927246356480
1211585140620742656
1211632891664457728
1206568867478278144
1212007278859214850
1201546406663733248
1204802579370254336
1204371550331396097
1209644819158650880
1207981282728132610
1205962068018552834
1206679180932534272
1203406949980741632
1202221776039817216
1210199056489832454
1204862909941084160
1211788301448859648
1203392529565138946
1204741124168069120
1208714589682196480
1204927442374316032
1208501249387180032
1211564680889561088
1205637040076800001
1207281493397114880
1209807652424953856
1208511607413837824
1211993688731193344
1206765868149018624
1210366931515138049
1207249204701208577
1204834300622974978
1204789211393646593
1211556075427770368
1211513759191011329
1201643511654649856
1211486587277570048
1202229853254307847
1210595381064716291
1208749112524492801
1204810242103508993
1212005043068657664
1204657818042650624
1211514333726797825
1208550445620350978
1211797825383780352
1211874221791408128
1205562760253313025
1208421365864419330
1211515596191358976
1202023768798965761
1204375882959347712
1218179771101843457
1221042332793036801
1214962100986101760
1217907814062088193
1215988481085902849
1219077607553032192
1217651573553274881
1221079104264572928
1212727366352396288
1217655721707425797
1221516142335885318
1221643366896717827
1223032616275927041
1223032239807778819
1220838449177145344
1214935396783517697
1221005515196682240
1212598110972723201
1212932355658260487
1219784855258615808
1221470307325743112
1212608891885895681
1213556722259742720
1212692446599094273
1215543767991648256
1223223780014788609
1218232392072167424
1220048404371460097
1213547535165509634
1219320926661038080
1220335592996769793
1213106076083802119
1217984363113189376
1218170678764953601
1213925552320585728
1214774616536821760
1219784941556289536
1213161336219160576
1213855807554519041
1215246047913615360
1216380767166705664
1218532771871776771
1217441020322906114
1212432862420426752
1212753522216837121
1212793722250973184
1217176271404306434
1212622836319154176
1212749537707560961
1213130592000172032
1217584556934492160
1217839268107837440
1218641342760251392
1222682090849951744
1218201871929745415
1214960429052694529
1212934576525512704
1214562336242946049
1215853341416271872
1212151559959830530
1212809963644567553
1219287065218756608
1219623927326089217
1217474102514061313
1212763441397665793
1213590004707938304
1220488336529379328
1217243090064461825
1212611412633309184
1215816566643871745
1217978548792778752
1212605128605196290
1212650432281137158
1212726745746595841
1216036942665510915
1218997762600996864
1212621506808815616
1217877023265193984
1218302298939514880
1214296604615700480
1224706090132299776
1229543393073692672
1230948878423334914
1232896490009481216
1226898747474485248
1227276407547604992
1227778674671353858
1229518381751001088
1233400564316332033
1228884468800217088
1227936798741016579
1223787131044319232
1233506279777329154
1233516570368004098
1227468983764504578
1229411128192557056
1232327564871467013
1233487749329670144
1231309632477499393
1232003731069317120
1233518772423725056
1232078689543700481
1229410413860790273
1225390002449899520
1225930798261469185
1226292623314489344
1227332206642843650
1232654905137082370
1229448208746565633
1224373212844380161
1233388034265112576
1223854035117035520
1229081448541499392
1233575336744497152
1228454120924811266
1231604034852859904
1233150624264531972
1232360834074075136
1232848575291326464
1224698751761223680
1228305435175899136
1224393611027959814
1226298642383941634
1226911924341878785
1227605739084099584
1227985231283654656
1228060372088872965
1231207413073817600
1233795801966686213
1232145335922962432
1233774002746937344
1228396342747287552
1232100582606790657
1231287834662727680
1230874972970577920
1232307348330438656
1226939545259773952
1233190087254409216
1224685027096780801
1226657034638168065
1224771701113868294
1229179189452050434
1234948269110943744
1235616852266516482
1238312746849939457
1238916946474778625
1240655859623038976
1240714344154796032
1241367066147524608
1242426580695203846
1242520117759492097
1244575053779357696
1236678412888137728
1237378790352990210
1237894911849988096
1238074816659361792
1238614537164730368
1238790244960354304
1238839783872438273
1239220186936377346
1240001213858549760
1240612825212518400
1241342306982092800
1242139076611932166
1242508078156853250
1242845488031895552
1243203449669419010
1243667503290744834
1244981727702982656
1244991728152530944
1237515322573197312
1238629403896295424
1241221292914642944
1242164705180835840
1242537126106972160
1243238126480502790
1244695971792969733
1238910013277638656
1239566306673856512
1240497184052858880
1240605245576818688
1241411934542598144
1241836523080675328
1245034431066173442
1245093130417909767
1238330511191236608
1238552472794402817
1239664245618475015
1240419153216856065
1240677446262968322
1241421507802382339
1242570718694572032
1243260688572788736
1243545769774383108
1244056239757287425
1235714100434472961
1237068190917824512
1237718411519709187
1238682603340746753
1238907148568068097
1239225367690383360
1239562315306921985
1241023990753382401
1242196863488491525
1242562563486990336
1243268125824446464
1243998107324403712
1244282656663076873
1244986070367944705
1236371539534024704
1238545049492701184
1238621239641624580
1238800760072212480
1239733149652967426
1239747024402231297
1239960031354814464
1240393660258287618
1240767590848397315
1241421331876339713
1241462829045157893
1242551348647923713
1243360824145530880
1244384595023405057
1245028199735513088
1234860697999286278
1236720116865421313
1238551559077793793
1240363826178113536
1241303581891969026
1242203970489274369
1242305549858820097
1243866048866156547
1236988528069947394
1237152234296745985
1238365398442971136
1238617048047128577
1239319296406413314
1240733277260075009
1240737608059293696
1241525658116861953
1243103694800945152
1243995774662279169
1244733733116293123
1235706127641280513
1236637648690786305
1236722320221310979
1236912989820854272
1238814466944446466
1239210275145949185
1240306796683833348
1240695787731865601
1241365224629796865
1241454702526676996
1242856313727713282
1242870350628753410
1242930526304043008
1243338320010190864
1243360927690272768
1243650660903641088
1243726413410099200
1244262489585565697
1245059982841786368
1238958482692411392
1239038741437652994
1239058261237731328
1241734138824142848
1241904681653137408
1242197727867555841
1242462818668089345
1243183738898579456
1243209372043485190
1244774051861708800
1239326528644800513
1242473238720020481
1242911922510430208
1243947595774427136
1244611560867270659
1244783209075945473
1245040307340599297
1234988177015705601
1235665702255816711
1238859317253726209
1239281662925713408
1239623184263131136
1240026386011770883
1240403932100296708
1240702031515414528
1240971429845192704
1242226827487297538
1242531203493888000
1242885794249035785
1238925288970555397
1239629175654207494
1241379407400448000
1241501210575810562
1242835703094009856
1243259934373896192
1243530126723350528
1243939668133019648
1244038847635296262
1244409152669126659
1234270370682802176
1239159582762639360
1240004223313600516
1240360282930757633
1242808267048456194
1243158268001882112
1243369925801947136
1234862367323959304
1237046869919854592
1237451804855668737
1241024774412918784
1241362012397076482
1241370626167918592
1241496098914484224
1241878851678089223
1242265862339530753
1245031299196375041
1234886372428632064
1238480793388883970
1239249471290183680
1239653936744849408
1240017478736064513
1240746736781492231
1241492563728551936
1242446054898925570
1242823774069764102
1243149325796102145
1243264132868120576
1243275340052606977
1244331482816053248
1245015359620616195
1238819344861274115
1240482370970476545
1241399143978983427
1241538919142916097
1241880971206709254
1238941678443966464
1239200649184792576
1239262137685544962
1239721736951574528
1239912219091111937
1240319819540553731
1241024554895540224
1242557748367130624
1244349656466886663
1235053522745315328
1235247303683952643
1238582110010724353
1239256357963886593
1240441171689836544
1241720993254723584
1241803718007361538
1242241964805775360
1242561348812193792
1242861682449436677
1243898345179004929
1244008145854377984
1244340180812693505
1244482803829538816
1245101632263725060
1234998547579146245
1236346859913961472
1238822851446259719
1240320236181770240
1240775341926305792
1240979116352065536
1242060255107919872
1242086439426445317
1243271598729318401
1243296668058968064
1243546447250952194
1244019469896298496
1244249721465647106
1244340059228127232
1236529489934520323
1238938793987592193
1239562636511129602
1239833234135015425
1239881827105398784
1240083230390353927
1240131285626093573
1240360945639137285
1240375247314079744
1241400232988028929
1241586058959171585
1242190146604277767
1242272189476413441
1242550811776843776
1242862106384441345
1242952488665452548
1243539234755051520
1244422205347258368
1234926875715047424
1238683008321744896
1238738134902456320
1241452068818358272
1242067946735898628
1242218274751942662
1242678018679676933
1242986382085304321
1243162353878708225
1244289377536278528
1244414346006052865
1234833611192504320
1235001075175833601
1235599023270133766
1238916157945634817
1238963245437915143
1240086024837124097
1240426432410472448
1241764982351695872
1242650917402562563
1243514830587342848
1243685140309716998
1244997368141033472
1238961041532506119
1241339554843549698
1241399292188712961
1242452023594934273
1243216826831646721
1243407565473513472
1243792093601861636
1244598173185630208
1244651440871800837
1234487227796815873
1236289741051609088
1238478280782761985
1238504159873122304
1240041730159693825
1244247340627693570
1236391769161338880
1237792936445837315
1238659698724761605
1239975047730565121
1240395141128564737
1242104504624898049
1243755384155918341
1244234975836360705
1244354114730983426
1244368838910754820
1244374008595910661
1244509094762946560
1234912584337248257
1237477337857495040
1238054171623948295
1238152798832717824
1240359064128950272
1241257509396111360
1241351055172132867
1242161503974961153
1242441694282481664
1242843734561239040
1243089603201863680
1244456689765691395
1238660565444308992
1239244276342685696
1239695671612993536
1240380028778577921
1242150841576034307
1242815987264741376
1243394831566508034
1244006634931621890
1244757965623590912
1236991066320056320
1237047205451554816
1238137845665185795
1239221065471197190
1239655008616042503
1241781958117601280
1241782906005135369
1241796650735218689
1243558031943766018
1243560292820402176
1243599944637956097
1243653443643981824
1243704450914684929
1244842626676920320
1234630348455251968
1237983059540090880
1238989856057024512
1240659977603182593
1241128702085390338
1242367170031558657
1242810236957855744
1243198156470456322
1243291005224235008
1235928617449897984
1236798772623093760
1238980993513664513
1239144348706582528
1239226139580694529
1240700603598163968
1240729319191666690
1242123970029268992
1242172447312564230
1243163709641539585
1234976161660203008
1236784147554635776
1238683477165273088
1238955985936539649
1240056765368029184
1241004447389507585
1241423357708505088
1242145075792134147
1242556694963671041
1243579790537428993
1244390458660249600
1238540172163043329
1239147398313754624
1239733259967266817
1241887702695456773
1242189627693453312
1244289266915688449
1244617374759890944
1239663806827188225
1239988318122672128
1240971933157666818
1241444673618616320
1241464859520315393
1243298239299887108
1244622936193093632
1236504298923544577
1239157005375483904
1240410645725614080
1240430553368645634
1240709561712930818
1241060604938461184
1241213353084760066
1241385575397105666
1241433228872990720
1241834768582545410
1241845069763637248
1243362360129024004
1244962114944618497
1238101867797852161
1239269296120967175
1240628394141810690
1242834015360634881
1243993773975023621
1234924090227449857
1235667413632352256
1237346418723041282
1238653105375514625
1240322109240479745
1240407597351460864
1242313640671432704
1242805671449550849
1243234436604362753
1243352968205930501
1243894801013051392
1244003943065108480
1236374522959446016
1238115516532785152
1239192740786843654
1240501749313613825
1242103120668155905
1243191776929673217
1243251555857567745
1244041183959166977
1244255288825458688
1244293217916538884
1244366000243519489
1244380602050076672
1244749156465467394
1238583499327709185
1238898126859071488
1240323395776139265
1241552008882069504
1242854977766330369
1243486019024039936
1244263253825310720
1245031629455687680
1235968971507142658
1236113919753715713
1238148428372283399
1239184278824632322
1240799297861562373
1242429971739693056
1242856688786583552
1243259733563166720
1243666958144471040
1244163093858586624
1244345218910035968
1244629949245534215
1244672465491681281
1238087021832396803
1238565685644713985
1240340610688724992
1241376754788425729
1242170293944188931
1243140042987573248
1244380046615367684
1235630592777060358
1238674498913734657
1239295494997839873
1240314324515766274
1241200861684076546
1242879421595279361
1244333023585284099
1235595378033979393
1235710229108731907
1237043640272400384
1238538873308839942
1240647987279343617
1240670668523319296
1241371327350681600
1241724470982774784
1242078873468243968
1242121638025613313
1242419222388576257
1243362873134288896
1243556404113428481
1243564671530979329
1243731462219796481
1243920206029893640
1244632931404054536
1245079259875598343
1235710870837235715
1237442254358360071
1238528769683591169
1238551706805436418
1238611912029384704
1240363788894973953
1240637882752045058
1240714828651679750
1242459392735203329
1242814105938952193
1243268042638925831
1244350780565585922
1244354152790188032
1236762798065176576
1237902382106886147
1238488154388205570
1239565755915460609
1241170720983519237
1241545844752596992
1242826626632765442
1242907278665297920
1243718884819185664
1245036570031403008
1236309867763249153
1238695333242318848
1238838793916088322
1239233425200025602
1239917386595254273
1240584532987990016
1241150953954390020
1242219465942560768
1244495027776020485
1244776495391870978
1234890104952573955
1237047331981340673
1238126903170600966
1238584158265491464
1238595622577504267
1239945628886630400
1241615645277446144
1242072895997632512
1242587263558696960
1242780660546310144
1243483582145814528
1244289728549203969
1244883440371040256
1236046350472679428
1236295209354268675
1237444930706067462
1239641252431364096
1240704060182781952
1243859476584660997
1244684412291170304
1244744722192699394
1244954413782851584
1239914312946384896
1242179984967348228
1243260594679144449
1243486382892384261
1243540994676723721
1244727957911822337
1244754123049914369
1245108787717066757
1245548904487288833
1245805348247629825
1246135687599935488
1246414749060997121
1246824475825405952
1246879637394739201
1246908727120343046
1246984406046314496
1247338689488998400
1247925854291845120
1248799989196894208
1248946907273146369
1249651701331656704
1250086184316997634
1250186526081728513
1250403337402548231
1253458611294044161
1254392787371466754
1245809568082472960
1247161996937756672
1247180399698214914
1247479003872665601
1247904912135999489
1248324912974114817
1249687178776477696
1249837949405011968
1250112859373047808
1252806635270967296
1253089818776604672
1253800681695326209
1254110212908371968
1255851570513809414
1245162068359159808
1245432856505192458
1246324171241590784
1246532790905999360
1247406271101313026
1250044504259862530
1250552472696954881
1252606571709947907
1252972185397968896
1253074894549630977
1253349793994354694
1254143240955035648
1246152024418369538
1246658800884449283
1246829950910566401
1246921054888636421
1247467962107400192
1247608311924568070
1247679468287614978
1247982721315377153
1248238015354294278
1248290754541178880
1248353958508351495
1249129460152127493
1249733422060195840
1250472627568807936
1250494936333651969
1251172968186576898
1251501778975305734
1251528987903430661
1252568745802956805
1252936378234503168
1253035540087111680
1255610809063018496
1246085135327318017
1246662093530492928
1247573174235127808
1247650359813615616
1248361691043291137
1249120111744745475
1250453509654405126
1250479969240637441
1250535402831675392
1250669968246681600
1250800842556481536
1250881948962217992
1251941674546167808
1253135967571136514
1253644276082319361
1253847177635430403
1245971563922391041
1246309924063371264
1246497800617164800
1247012326513008641
1247283773470838790
1248348724679643145
1249095692997529602
1249313682363908097
1250898774261628929
1250994445543079942
1251152209976283137
1251435294290661376
1251542362247114752
1253360271373918209
1254251145763213312
1254469228096303105
1254471358706257920
1255441681236873220
1246157362748100615
1246557678664638467
1246558164230832128
1247527937265373187
1247939857147666439
1248371231637655553
1249871625488674818
1249884886812356608
1250044700561747969
1251138494061314051
1251536248650547201
1251926309720162308
1251929510183931911
1253220639571349504
1253320939057496070
1253341385589051394
1253359315085385728
1253813605646114816
1254036957048569856
1254817284520108032
1246151227978760198
1247522710390853634
1247656852625686531
1248337704246489088
1248621706043723776
1249771977633665034
1250819493682708481
1251567144254439425
1251611011850866688
1252564987224240128
1253186862090317824
1253414365321035778
1253777734641352704
1253871235781611522
1253889156905750530
1254124913985814528
1254372197541441536
1254887224417685505
1254937237420204034
1245133775660437504
1245555700681641984
1246549689597640705
1246783980206243842
1247295279788851202
1247762578677219332
1250198484348616704
1250226342391697410
1250529770485551104
1250872550822985730
1251952524879368194
1254048112068313088
1254177720138895360
1247564592202559491
1249386369652310017
1249457820350558208
1249583371371442176
1250933826026704897
1251308006802939906
1251870713536970755
1252333011238096896
1253021401059151873
1253471588193886209
1255599719344222211
1245494187904073728
1246786573737345025
1246838502140063745
1250265808288100357
1250419881104703489
1251284333769490433
1251582387487719425
1252206449050234880
1252327207747284992
1252591900051140608
1252952618676236288
1253324839915380739
1253677433053724672
1255493815261069316
1245561227314683905
1246819421097787392
1246821061381021697
1247200436819542017
1248328003161112577
1248382106490638340
1248402614976262145
1249741040010985472
1250094434202431488
1250427454637764609
1251491914483933186
1252946876569190400
1253124966037553152
1253165798295851009
1253891306708971521
1255180830005170181
1245339227035971585
1245390864173711360
1246791634500624384
1246837504608743425
1248309789018542080
1249084045960654851
1251128806305345539
1252199840337068032
1252358880132096006
1253130780047486976
1254060040669073411
1254203196471377920
1254629059495030784
1246147443386912771
1246806347250839552
1247136782027649025
1247552406054821888
1251499061582213128
1252445141358559233
1253848928786755589
1254102818396479493
1246025608062210048
1246818738302644226
1246917645754130433
1247306289882914816
1248031974377377798
1248303163716730880
1248351101172277250
1249033717185523712
1251839208899121152
1251977504153382912
1252239561746534400
1252324326830825472
1252957890807128070
1253757270644703235
1245888822912696320
1246145857923268610
1246579969230352384
1247388051870900229
1247505630052716545
1248297862452195331
1249031695719895041
1249585216487690241
1249841705186189314
1251221790161924098
1252208565818974212
1252513781135167488
1253112920688427010
1254171531615154181
1254255083417714689
1254384394598592519
1254603358230503424
1245314056996687872
1245836240676696064
1246046269245722629
1246646831939031041
1246787662863884289
1247175681164873734
1248461282358874112
1248606383315898369
1248608505012973576
1248618585544511489
1251667848751124481
1252107949520142342
1252386220702707715
1252989004175286279
1253057061115527170
1253326851184812034
1253851347063095298
1254130966341332992
1254903313897840642
1254985809683525632
1255207795193810945
1255241248962752514
1245142258325708801
1245344216902823936
1246069471799885824
1246829816835461123
1247207596169314304
1247962130831355905
1249060681959313409
1249204545072349186
1249522902241705984
1250386066084782080
1251478916331642881
1251886739112804354
1252203267158945794
1254338582875176960
1254741739430002688
1254853632350023680
1245188905571250176
1245320138162921472
1246657315165671429
1246779248737746944
1247720018827251712
1249061156829818880
1249841721011253253
1250210026096070662
1250494425106538497
1250750376950804483
1250987939498045440
1251229728524173314
1251965882567458816
1251972895452078080
1252704157213036545
1252726398814490624
1252776877250375685
1252987993331249152
1255476733962313729
1245474173788377088
1245482563172433925
1245519799725314048
1245695305540083712
1246432832978911233
1247325947206021122
1247353234399940608
1248374082766123011
1248962866608144384
1249920207742816257
1250638053456007168
1245503042407063553
1247156191119036417
1247298734536495107
1247967117128790016
1248055747713175552
1248478021100531714
1249173639615991810
1250586995543339008
1251507399845982209
1251868900096118785
1253179882755911681
1253762190554923009
1253997314869538817
1245428879667400704
1246881745242402817
1246885342910676992
1247614369304846336
1247877544139001856
1248596951316213761
1249086783222165512
1250464065975021579
1250464851845173248
1250783517501534209
1250794884077928450
1250991102460485634
1251554389589983234
1251661146245005313
1254052533665959936
1254054168786059267
1254266072821268482
1254676349601669122
1245346431629766657
1246937161183588352
1246964041668603904
1247878508992442368
1248326907034247168
1249702633612378117
1250461796043030529
1252293708726353929
1252306471460749314
1252743593346732032
1252764077690171392
1252864931713568776
1253672505224630282
1254177107686707202
1255488556459589633
1246197933231542275
1246983132705767425
1247245630457745408
1247637071310749697
1247883064799375360
1248358695961911297
1250070612997025800
1250973199069741056
1251106868983926784
1251871299623890944
1253023513105108994
1253718179672555521
1253778832223621123
1254642227554381825
1254967331555545088
1245835522242641920
1247215827151204353
1248240066973048832
1249776146058747906
1250048471299743751
1250888138144112640
1251896332186521600
1253668628240781312
1254807188830408705
1254988292673732614
1245575099052257282
1245810386953101317
1245858100088721408
1246085768524599296
1246886392220856321
1247599810070355969
1247631438926589952
1249680266068668417
1249684646641704961
1250854134728794112
1250877790968262656
1251903957397573633
1253119584065880064
1253414458329726978
1253781303822102530
1254906530614382595
1254980947927236608
1255566595734278152
1245125496976728067
1246535350232715267
1246977755352158208
1247257617791168513
1247333782132318209
1247765759964508161
1247907336427094016
1250263012738506752
1250795651882876928
1250851918349467648
1250916665669242881
1251375363134902273
1251532648893370372
1251564677273968640
1251638360189403142
1252603270792712201
1252974530903052288
1252986524867665924
1253022940297216000
1253137783473856512
1245144003131006977
1245537403776823296
1246119200332091398
1246198956020977668
1246446084563632130
1246532084367155200
1246909703445262338
1247922519841091584
1250452472432340992
1250861757423370241
1251123532953780225
1251687327090401280
1254002813568458752
1254035654993985541
1254077598469992449
1254835706276589569
1245407434962866185
1246753546344808449
1246801436899508232
1247520904306806796
1247561694559305731
1247636848383492096
1249413750089748485
1250504533383487488
1250788563253256195
1252968074602598401
1253424139240476679
1254189934086406146
1254751782053478406
1245182262490079233
1245478104602116103
1247976366286540800
1250564810892177408
1251487087020433410
1252302091067981824
1252577897149337600
1253197289134460928
1253403753723510786
1254030063961546755
1254595908559417344
1245681008265048065
1246482346842509313
1249135122458316800
1250105379096162305
1251204727980855296
1251591468839514117
1253087117334511623
1253848520538361858
1255028169918251008
1255459138831818757
1245445707340886017
1246088943709413377
1246128347631046657
1247560949730390016
1248664366364401664
1249869073611137026
1250730778318655488
1251147524355682306
1253357050140037125
1253629147248721921
1253767072733003776
1255590630295842817
1245384041810939904
1247617623904444423
1248964070369345538
1248967509702774784
1250163393845231616
1250229599914647552
1250971823686037504
1251116088793980930
1252362253505949697
1253875419532705796
1253910959627931649
1255129168867741697
1245511714642296833
1245865878400299013
1246783657517420549
1247152663713599492
1247958641166168069
1248013695604543489
1250321193351036928
1251156630189649920
1253450704162783233
1254509867211071490
1255863252912922624
1245433973448282114
1245702931892113409
1245727426639835142
1246052451641409537
1246877714495107073
1247256535631147009
1247389950875553794
1248597255738851328
1249375917442347009
1249677877982957573
1251870177790230535
1252607704289415174
1253078140127186944
1253486872271048704
1254430767586914304
1245964209185120256
1246074270385467392
1246216503466360832
1246605880914849793
1247137456362668034
1247282166720917504
1248619512502472704
1250979332606042117
1251128574368796672
1251155116071071749
1252204333774639106
1253080146401284104
1254758263075205121
1255385213909295104
1245341668083195904
1246002711730032640
1246939711609933831
1247977095676014592
1248254540929028097
1249142302704119812
1249977813773553664
1250599476449943554
1250797327234797569
1253028608928407554
1253098124035395586
1255108999990538240
1255439727597178883
1255545559936577536
1245466655314116615
1245728846458036225
1246300796385251329
1246971769472204801
1247560010307178499
1248574956067270658
1249808331331362816
1250045865231859716
1250816556029927424
1250923822863265794
1251210217200762883
1251510608480124929
1252325057571033094
1252595145519874049
1253330336601174020
1253380518328008706
1253633173788987393
1253724401012523048
1254380611307012097
1255540336384004098
1245476000676417540
1247309365289324544
1247636207300902913
1247643724433285121
1247978174228639748
1248370237923262464
1249691094230732801
1250151398152589312
1251337131773038592
1251586555099127808
1251964154627477505
1253218396814139399
1255472978982297600
1245549063833096194
1245607570196197376
1246556162369163264
1246944139712892929
1247977655766519814
1248184923850018817
1250446593679142914
1251946761561792518
1252294844778758146
1252996302360793090
1253700343248158721
1254897991300927495
1245305606589812736
1245443352943833088
1245702994798284806
1246059911827673093
1246633312426180609
1246943246305165314
1246986878932234241
1246988152931151872
1247642492356493312
1248302079992569856
1250896751105433601
1251678619698696193
1252214079453892610
1253362251358183434
1253811175839731712
1253955892967550976
1255164673525116933
1245795021132972033
1246205672838045696
1246533777385574407
1246533777385574407
1249099682581590022
1250384444151775232
1250408009840431104
1250630932924686338
1251894415838371840
1251942244317310977
1253010781207175169
1254773090862526472
1245365223625838594
1246057887438385152
1247338190366806017
1247548437442281476
1248005985479700480
1249576387620438017
1250881559705653254
1252577848730271745
1253647221716684800
1254176101271814149
1254444832602206211
1246591015361769473
1246780754794876928
1247534240511561731
1247841747478216704
1250523261018025986
1251875845926518784
1252599637288144897
1252686766815031298
1252756392282402819
1253656636792635393
1246146961419485194
1249480225588723713
1249668062241894405
1249789798807670784
1249826754820276224
1250984604779061253
1251144915490181120
1251360662099501061
1251951542397263873
1253084502198497281
1253523457645711361
1253731056223694848
1253786789044617216
1253898410337488896
1254580696410136576
1254758583427903488
1254827290174853120
1255605771003400199
1245443593864654849
1247721938346299393
1249692268644069376
1250276564522041356
1250879548914307072
1251548582542553089
1252231583701979137
1252975866428239872
1253389590901207040
1253808121912233984
1253978663227293696
1245401940151939076
1246075419624759296
1246655542652698625
1247034099132272641
1247039999100383232
1247660505860317190
1247676960903495689
1250926761371676673
1253067169203654658
1253640438285770752
1253693541265469440
1254039454517547010
1254110708201140224
1254449255286214656
1254495477984190464
1254509682657570818
1255218974586998785
1245833446066282497
1246205129704869888
1246599848704516096
1246974705929682946
1247157221177405440
1247256236208173058
1247621171664781312
1248342070693179396
1249557987989106688
1250000832210161666
1250809513776689153
1251118997992624129
1251633382443954177
1251948675657498627
1252275653723840512
1253373182700109824
1253777797581070336
1254176151569866759
1245298625623650304
1245298625623650304
1248455134750752770
1248971199675277312
1249745491983765511
1250032551923798018
1250083894667259905
1250110882773962755
1250522623399862273
1250584497067823105
1251150417276268546
1252059871907688449
1253152867122282499
1253435928221114369
1253535659278700546
1253734047605567488
1253747057061289989
1253835971130523649
1254179280319328257
1255115778979962883
1255154137534205952
1245386879354224641
1246160291496411142
1246655059472953344
1246896983249309696
1247277045777944577
1247305798889476097
1248358798739324928
1250509516199739392
1250633910846971904
1251815966377312256
1252989177995710464
1254107897673289733
1254825316608102400
1257412925339234304
1256981353645649920
1260310917838802944
1263117403036291072
1256048010720575488
1257473323304390658
1262245689729277952
1258785276136128512
1258843386502668290
1259100625721274369
1259298617065701377
1262161707956178944
1257096887733121024
1263336415074684928
1256381281736241155
1257328137492365315
1260233703852105728
1261613710638034944
1265262917265485824
1258498276053192707
1261032081280233473
1264165429238534146
1260538935450775553
1262398242471522304
1265374635283152901
1257579997058994176
1257789179586662401
1259008564401541120
1260804597188362240
1256072174114418690
1256721666207612931
1271805854673756160
1275032864346652673
1267483301704499201
1272932550579757058
1272269162690166784
1277721017687965696
1275341876242063360
1273032825797828612
1270528894303719425
1270649248678318080
1278063329446187009
1268660892096516105
1268419538229645313
1271887208388022272
1272186822559498243
1272981410027110421
1271610128484069376
1270337164258271233
1276504596022792192
1271665341886803969
1271147826505035779
1276601049097232384
1270406100823805955
1271968261891121153
1276082235540533248
1277786455281000449
1272186283419480065
1272376079714406401
1274144610621612032
1270331384184352768
1270452881708191745
1274479879862603779
1275626933431066624
1277433735307239424
1269006370835238914
1272198929095024647
1267226615223857154
1275882186504355841
1267528642860638209
1267788496799821827
1270347417762902025
1270144214257545217
1271978669402185729
1270075854773764097
1267850474251788289
1270709838390190081
1269253170540265474
1270682779202850818
1271102408094089216
1277578191046168579
1272686424651857922
1275058528940691461
1275990245121482752
1269056996940054529
1270440562320191488
1271432311289065473
1267535020111118338
1270451690832101383
1268869711212789762
1276158069823672324
1271795972222443521
1275227271280898048
1269722314184286210
1275758104240549889
1267880175892652035
1271539218351865856
1268728826202292226
1276895651981217793
1268918041099763712
1270706868361584641
1267933661648781321
1268924968600875008
1270978635684511745
1271521372800290816
1268933945346764804
1270216795404656640
1270471985458368512
1272668186161414150
1269297415607156741
1269561614237343744
1272911122157449219
1271333179534778369
1271441363490402309
1275515281343987712
1272268399352127490
1272278805407764482
1272635116683173896
1277935059207684097
1268922057779228672
1269406395025088512
1274305859191885826
1277600848982372352
1273015313097986051
1271098658629521411
1271563022469697536
1272986562410602496
1268377410602520582
1272615465404313601
1277776408782221313
1275814721879506944
1270457131280498693
1275528971581624333
1270760150081703937
1268893582640902144
1275826297374035970
1270349190082826240
1271846573417234432
1273972742166102017
1275659417342664707
1275845563410460673
1268224731481870338
1273717071269056521
1269662125573603328
1271228526507810818
1275967767053647872
1271148432066043905
1277590717108535297
1272122212162637824
1273000141784526851
1267487410692198401
1272300612462370817
1269980302291714050
1272601906859446274
1272910221942362114
1276530558764531720
1274324055764525057
1276527051273469952
1277727621539921921
1275038003140820992
1276052895381639168
1268161308081491970
1276134884919185408
1269227822540865536
1269640906619023362
1270406195711324161
1268939579240964099
1270222639899041793
1270381100926251009
1272615458328449024
1276488262320885766
1271767158016655371
1273785521022611460
1271583068629934080
1280895109572243458
1286352560731967495
1288536531272114178
1286049575350833153
1282104772003344384
1283926303880605696
1284863193794347008
1288319610673156101
1284227629122560005
1288861534001618945
1288956715283681280
1285540011853709312
1286681258630815744
1282427926365995008
1279334955991040000
1285038781532459008
1285077329773912066
1280467068668776448
1286028369998618624
1284413690251362304
1278463394518089728
1278873727065821186
1283837015394574337
1288254101222854657
1285990769531260928
1288352498290429952
1280607352065003520
1289015876163735553
1279190302230638592
1283742517712822273
1281347968927506434
1285331286521978886
1287796873873498114
1279049791981457410
1285940519147900928
1286101130938916865
1283113544062431232
1286023229233143808
1288284240812167168
1289253833147736065
1280233609262178307
1280635465373224960
1289302816570462208
1278107239610540032
1279174929032843264
1279657648967823366
1285977289860112386
1280109591897018368
1283423178530922496
1283918531667677184
1285555662194278401
1286026890294304768
1279120419866513416
1284951139981484032
1288413384275374080
1281613118712483840
1281984294878093312
1283764814918164482
1287447841334583296
1289137918116683777
1280714958741749760
1287908162050437120
1279068495401988097
1281608061589901312
1284205032020344832
1288514296536858624
1288959751380807680
1283958412091502592
1286798384989458432
1282302009148870657
1286018080678776833
1280282040730963968
1285205767386210304
1283602503091867648
1287127937091801092
1288918406671065088
1279392776225009664
1280164810055979008
1284126409808650240
1288207979280396289
1286282986531495936
1284081606395940864
1288405912563179520
1283809547119812608
1288607190002081793
1286231367374823425
1282701111695220738
1283833357944619008
1285771210295410688
1286709080942358533
1287781849733795842
1288208121660309505
1288866115888852994
1288485436088881152
1288697500669562880
1284428705855660032
1289233775059075074
1283279747586244608
1284945514291593216
1284446392807809029
1288228040397541376
1288141259979317248
1278907533785063424
1284117274572591107
1282171864115220486
1283975427426582529
1286351832592322564
1279102730007654400
1279120276526174208
1281220086901215233
1286218502496382977
1287926440349007877
1282160828578279425
1282762149710884865
1287867452106260480
1288227989285568512
1286411224490610688
1288864241060118528
1286318632964849666
1288238817468538882
1288250173647400961
1285952506804105217
1279488167897264133
1286159271479173126
1287954580152688641
1288786218684162048
1283600356673495040
1283813724759916545
1288537971608752142
1282426486755135489
1283873993943068674
1287064627831070721
1279301957719658496
1286788419037921280
1282268408596230144
1285932397398315009
1283434995177029633
1285970620086353920
1281628291003228162
1288687941863251968
1284935463887704064
1285984289293660162
1288581326900207621
1278927705862541312
1282300808692981762
1283812847806488576
1284192189023768579
1288489039583162375
1285202958938976263
1288650868431044609
1285640156494663688
1286171881351962627
1286702368843870208
1288652613848711168
1280562335258677252
1281562565001306112
1284611430701031425
1288985842233425920
1280848417154052097
1281663443175702531
1284632480545476608
1283624523158286336
1279037166958641152
1286019023411515392
1279159905060937728
1283896964577402881
1288072452929724417
1279523424981975041
1283519200389148674
1279037082254684161
1286986169197133824
1288421497476874246
1279084650846195713
1283983350437380096
1289301938832465920
1279192806062469121
1288240438986514432
1288462081709285377
1279459504564973568
1284089017533857792
1287741740452057089
1288550441320472577
1283531735872004096
1286033292169420800
1289264442333691904
1280532050617839621
1281998953924440065
1287114599679111171
1289188672844247047
1286021958375747585
1279108899422044161
1283932850878910464
1284876661905854466
1286379312522899457
1279029544888999936
1288315873632100352
1280047432982659072
1284474960619220992
1285157176768593920
1288871249414823936
1278935257392254977
1279398672887803904
1284476056179822594
1287238004533350400
1279648470027112448
1283902584948809728
1287067133680132096
1289088580959141894
1284996661165473792
1288580870320861184
1288227138991161345
1288635920929914881
1287095826011979777
1287967746332880898
1288241625009926146
1282683214214176768
1278545063555919872
1289077006114619392
1283352912987590661
1288425282668507142
1284154417961459713
1280642801215188998
1282830662370811906
1288987754257211394
1285560584897994754
1283438709359157257
1280878269437542400
1282008945427537920
1285253650777026565
1286424666081505281
1288937936034160641
1282755558987030528
1286007752230346752
1283781278865805312
1285718509906006022
1285971003848503297
1286213269494079488
1287868467459178497
1279033333545041922
1286054300792156160
1280076922861608960
1284269632363339777
1284983989749637121
1288946735058911233
1282069629112848384
1285605965786750983
1289302308581289984
1280434315311054848
1280450476371324930
1283491610119098369
1284554824365867009
1284953050025562112
1284996157458927617
1285967168178401280
1288863398000762881
1279015423837638662
1284113902373142529
1285778638403563520
1278403334664265736
1281984351882883072
1283630450104098817
1286298356071968768
1281717895408619523
1284885436452798465
1283995677429690368
1285975741340024833
1279925389620588544
1279407936612139008
1280871965042118659
1281236499787374592
1283810790890299395
1280593014537236485
1288728221140230144
1279489996525899777
1283352497776668672
1286341031873646594
1288807462762688512
1288258225939386368
1288985665795846144
1288987754622115840
1291069241194688512
1300057132696510464
1292219063503138816
1300174576052133888
1296558781510430725
1290407774262906884
1297274358403076099
1296913826621923328
1298719632790978560
1300162470032691200
1300278724819120130
1296589950813519872
1297016002266488833
1290625848719159297
1290750272764088320
1295329912996466688
1298802726608961538
1300177717581709314
1290023970281000962
1290365760871817219
1291634830510194688
1296817853597982720
1290636473247715329
1290656305301131276
1296263857313374210
1298271493999063040
1298001340921032704
1290779209133101057
1293008086152536065
1296462546774511618
1300216951114006531
1300416826460065795
1298284581297168384
1289860542803243008
1291371814069972997
1291519347635019777
1296754691959746560
1294008380986712072
1297636370069028864
1295132309901979648
1294995997949669376
1300069559219769344
1300231484352143360
1297874127127220224
1291721405126541312
1291346740541628418
1299386767301369857
1300165780609343491
1297401935155388417
1293184076388511744
1300166604265861120
1295102806890872834
1297903849014013954
1299053302496342023
1293701969899483136
1300123585898401794
1289992449432027138
1292692945670483969
1295575047743053826
1295600066795835394
1290745520617451520
1295117360643354624
1300270843726049280
1294313967335215106
1300058515218800640
1297715335861338114
1289513594787258368
1300394559579607040
1289949164890071042
1299395784144834562
1291500347467464704
1293275366073733120
1297163888757268480
1292823529805746176
1292864539403460609
1294297586027945984
1295514079273062400
1300213584811692032
1300395629923856385
1298034780873854982
1298322231660023815
1300182861887275009
1300221295343341568
1299923994951512066
1291570741511520257
1293962488862539776
1294096637124517888
1296803334679072768
1297511779652833280
1300406703280791553
1297069129048915969
1299815967267184640
1300108798393307139
1300159636524466176
1300439417832833025
1289692435719700480
1291577593066434560
1294317800383754240
1289636797488566274
1300110868781436928
1294309986940616710
1294372612097880066
1297271190722162695
1297939732874137605
1291216086243958786
1292926894241976323
1293030686602010626
1294964864927047680
1295488008725180417
1299450268505894912
1296699403676262402
1299445401012113409
1290722135615234048
1291763675339120642
1298824411429175300
1290296002813952001
1298758771414573056
1291100818343632898
1300448203863666690
1295897283276546048
1297048447867064320
1300237725237420033
1300070882652688384
1300190408052412416
1296789864990617600
1300125590478036992
1300218786797289475
1300501162853048322
1295657546355822592
1291241400843898882
1293285095080681480
1292958926263267329
1298680681862696966
1300059178178936838
1298271963429789698
1289651792771309569
1293028815829192706
1295728138887090176
1297955003714416642
1298288171063472128
1289722003021156352
1297015468209975297
1292805501391167491
1294307743009054727
1296642158666055691
1296800680229863424
1298498717788434433
1299411967703162880
1300107917064941568
1292636608617828352
1300226805123645441
1289392168025513984
1290738256083062787
1300041526903484417
1297472882251988992
1300098067736256514
1300191144668794881
1294052235480109058
1299520090426179584
1296082667574906880
1292716216482594817
1293018896300150784
1299443563403579395
1299554216344576000
1300416173247401984
1300472719755096065
1292243323508289537
1291531214835261441
1292178030132043777
1295665088939008000
1299389475609554944
1300254754371756039
1289658951693299713
1291052150269902848
1292876354191372288
1298907508916928512
1296605516936945666
1296798406044725248
1299496864912375814
1294423639555633152
1290697781594783744
1291721842693156864
1292885819418525696
1299012773800796163
1300091715584430082
1290848756888481799
1291066720296239111
1298087679121293315
1294301527037763586
1293296726967824384
1297719930951958528
1290278752748855296
1292617891515371524
1296612504634822662
1289955838015295488
1297165792065314816
1298309918517129217
1289766902777036802
1289638278895869952
1300117901454848000
1292269963177271296
1294008427241504769
1296771989307363330
1290551742204018688
1294403936732971009
1297257893784428544
1300043300070739968
1289400753669505024
1290155806755713025
1292815109283360768
1296470712371351552
1296862128419217408
1300226802703642625
1289917955564691456
1296282391942758400
1297895472942678017
1290253461624217600
1299552955021119490
1300149251570151424
1300530575841861636
1290542597409136640
1293312687372410880
1295199553914691585
1295915563173253121
1300132525973569538
1300249780438757376
1297960430262980616
1289561014996889602
1295081373968019459
1296836838875975681
1300320206477238273
1293189394871058438
1297651910560940039
1293239939841298433
1299464149030719489
1300189357127729153
1300226002933542912
1292807864067805185
1295116002171092992
1291789255468109830
1292196521979580422
1296040649607671808
1298134198134484992
1299301767839088640
1300086357419855873
1298608920294981633
1300173053800984576
1289932496721727488
1291483915237163009
1291572326987968513
1298142922286813184
1299441041263661057
1293147892111290368
1299044701845291010
1290345322145816576
1290699207280676864
1299442842406920192
1300473718888689669
1290605944704032768
1291809254706483200
1300138370794950656
1300276414545973249
1294624337459372033
1300242575354482696
1295082644846174208
1291579078542159872
1292275439134584832
1295354423175127041
1296138712984805376
1300016708850253825
1304538369020452864
1308091421761712131
1303776816293908482
1300591437164302336
1303031631092101131
1303679194988253186
1303780399764705289
1305122072180424704
1306708367046586368
1307371459367632901
1303138338363199488
1304163916977786886
1302828823902380033
1303424288381255680
1305324225050284032
1309577670582124545
1303803784519442432
1308871282180739074
1309307889681604611
1301545197470351363
1302631043023990785
1300994239615045633
1303023638489300993
1305077018652966912
1311376236611018755
1301006302341148672
1301146457081368576
1304976708743753730
1308164569987194890
1302708219777658880
1306926144587993091
1308102009531371520
1307355706849284097
1309297344958038016
1304838047146618882
1311021604047147008
1305069297396592641
1309645830387888132
1306386227013341185
1308484914224955395
1311115380694437888
1302457039344590851
1303889383032893441
1304131494647037957
1305320374691917825
1306624360795566081
1301208927242248194
1306384897439928320
1307004047476633602
1311400631131754497
1303458258909306880
1307054154444087298
1300588935555543040
1309060675457740800
1309611204344713219
1311162814472630272
1305200988035448833
1300586532869419014
1302954811416104962
1310978687907422210
1307001876894883841
1308761635503341569
1302386675004342272
1302973137307533312
1306273030511960066
1309230870780243969
1311284314114600962
1301504090703237124
1302589533507133440
1302999255221596161
1307093355969552384
1307145656092385280
1303072761619808257
1302317107166625792
1303762017879306240
1304809757446991882
1305189542388002816
1304205041906089984
1304551390979796993
1305475172787421184
1309657819076005888
1300791783014772736
1311349976568651776
1305139058880937984
1305641156865335296
1306566115548688385
1309489566315950092
1302795861710176257
1301969536569225216
1304149276650606593
1305290761169178624
1305507358320328705
1304599390611369984
1305760996557049856
1306271407094083585
1301296723017347072
1302136918931509248
1303232434809516032
1308474516473958400
1300626701051981824
1306013500213469185
1305010327524839424
1306014120941096962
1307325632863285248
1309501982546300929
1304939366108876801
1310957765788135429
1303016925862268930
1305545796117557250
1301267178470232065
1304965679410446336
1306374851016437760
1310758661262921729
1300811435455385600
1306459988060254208
1309559476505239553
1311008094177038337
1303132621715787778
1302412291766284288
1304114725563830272
1304778440386777089
1302596149061320705
1307019625054564352
1307361307566501893
1309229881234993152
1310078231035305988
1300877356836335617
1305013995129024512
1308365087191822338
1309551684004311043
1302063611402227712
1303848593825112064
1306779463703760896
1309812821887246338
1303061918144438273
1307043260565786627
1309237208679886849
1310939764762304517
1301971303721848833
1305044678903869441
1308228881900593155
1304114917314891776
1302645310745870336
1304765053045018624
1301894161482866690
1302573537568395267
1302664101567569920
1309183194437222402
1309668550915825664
1306235279926329344
1302369960581160960
1306035089558495232
1302657539822227456
1305589763915821060
1306333058623311872
1301659992819458048
1300662034829209600
1310558225515909122
1301572553018806275
1302292704886493184
1302846154766385152
1304142409756897281
1307087914250240002
1307752529921552385
1300644808218701829
1306733297083600896
1308059234215620611
1309556403619520512
1310736236185870336
1311113579106652160
1308387366785122305
1309280015763353600
1306452899698896898
1304112349905743874
1304390891742941185
1304871153563959296
1304405605382148097
1304550396053123072
1304828614530265089
1301257260132261888
1302209610271653888
1304211330560389125
1304171508697378818
1306224336227966976
1306295819440594945
1309545469081718784
1305473793926758400
1305837159094640640
1302962048591110144
1309744746491973632
1300584507091886082
1302396198230413312
1303678190653710339
1305215453237841920
1305652510028431362
1310221515116498951
1300769263830077442
1301252080158437376
1304102527609245698
1307376084145655810
1307802920038133760
1301341907646214145
1303357356538056706
1306182935041708037
1304153065910603776
1305594208351215616
1306183528913211392
1304390825497915393
1303335818778607617
1304202305609367560
1305732726767509505
1306008915843391490
1307364166366363657
1309548153436344320
1302464821229760512
1302954560747712512
1306624054267346945
1304877378951352320
1309549127487893505
1304882173036683266
1304157944494395398
1305504181671858177
1306757527800086528
1306954872420433920
1302797505818750976
1308441310164996097
1307135845602865153
1311037264277929984
1308432158189649921
1303870911288934400
1304389075638652929
1305322455070892033
1309555401189285888
1312532784066383876
1321303555081490441
1313155347142643713
1313463594948923395
1316839991339814913
1321150634297622529
1311757963246305280
1318906238286036993
1319286266135932929
1321263259748454401
1312546272386183174
1317062182668992513
1319618941589794816
1312907853523451905
1315479657320525824
1319218533184753667
1319693616974077952
1313712542234025984
1320122781653229570
1312729069260242946
1315301220173709312
1315722005354872846
1317715936820932608
1321210359051669504
1315264155130236930
1321235262756790274
1321534281286496256
1319671905238962177
1316045904974172160
1313654309930893312
1316143801308573696
1311862067243241472
1312119060717469697
1318352762128781313
1313608997551968257
1312081580148523010
1317113596749467650
1315444920342261760
1315811044464324608
1312198823662350336
1318020025647833098
1313336517130158080
1320530723179270144
1321817838865182720
1316416416199909376
1316998558550315008
1321078779553419264
1314186466449334277
1315481582988226560
1315631819392528384
1317848863491883009
1315612856944144385
1315656758732488706
1320689321016479749
1311995947061252097
1312151687952388096
1314213704435548160
1312849745946312705
1312069346693394441
1312964507505844224
1312993871928885248
1320802084942417922
1317714434211500034
1319263189092208640
1322605697062744066
1312473820737929216
1319365534287351809
1321202941525692418
1312117122697314304
1315711179843665926
1317515208718430210
1317776103126302720
1319300359030931456
1314314122490568705
1318516239376011265
1317098747885735936
1317466459216502784
1313213216789614592
1316510936967057410
1311957697043062784
1317632137517039617
1321710909404839936
1320136992642994181
1318744370481332224
1319012327761547271
1320410494818152454
1317537030822350850
1317634826044952578
1318341968955518976
1318609234532159496
1320104968888594432
1320677596493869057
1312589557087395840
1313642205177876483
1315491293326319617
1317566881839124481
1319274232690298886
1313334753886494720
1318643013971791872
1312711260828585984
1312755563449610241
1312437275007967237
1318173979555889153
1312346299342221312
1312563448140554241
1321265805682790406
1315648284262793216
1316796913178546177
1319203856455262208
1319704354388148227
1319735972289007616
1320292773296300033
1312565896427253761
1313996045035229186
1317451019090075648
1319355979864080386
1312837539020132354
1317649149605629953
1321078467069386755
1319266972350189568
1313610619141197824
1316909903538196481
1317251939600453632
1312673589397794816
1314292683553280005
1322185118329524231
1312468783445942272
1320082822263132160
1321450970748956672
1315761555972259840
1311762938869489672
1312141013440323584
1319725871163375618
1320074816276353024
1321086385923772416
1321454153076453378
1311729986034827264
1319598982419668992
1319266029307035650
1312031126878265346
1314212701959143424
1319227550099537920
1312533372284006400
1313472093921701889
1319321502492352512
1319780842072227841
1311650632198127616
1312918189613907969
1315714338624212992
1312855827288596480
1318946481374662656
1312202129847672833
1316397114310750210
1317196496111079425
1322618261394100224
1312149264340983808
1313195394353041412
1312954704435970049
1318207772190777347
1314286945187565569
1315713701773705216
1319210154773139457
1314990338101129223
1320030901896622080
1314678546368000001
1316026780457660423
1315634644273057793
1316759985641185280
1321179543512645632
1314222086211198980
1312752876498956290
1313194513855320067
1318623653135790082
1319631423804968962
1317578802730500098
1320391037425209346
1315742728131686401
1316602824382320641
1313352098533130240
1317484518966808577
1312843158250758145
1312517671418691584
1317071669433958400
1312831697885573122
1317805641331888128
1318648816044748803
1312515598648176642
1312780611359309824
1312019656320974850
1312846685245239298
1315333604378017793
1312630291081687040
1313186399638740994
1317492338994814979
1320665587618586625
1314333511445286913
1319267704742793222
1314573638453125121
1320129040242544640
1321215062967750660
1312120973043224576
1312829712075497473
1312835493697126402
1315648963886886912
1313138395766501382
1314049845502652417
1316568705288097793
1319405180631150592
1322093057332908032
1312737218239369217
1311687374292824065
1313118290210885637
1316790693470195712
1319675923541725191
1312827751045369857
1318795666211151872
1319448693553020928
1321242867361337344
1319365948533506051
1312811914028879874
1317131753715163137
1312574893217714176
1312817455018831872
1312858832394162177
1315980600583438339
1318930459137638400
1312177000233066497
1313452027058552832
1313997659833860096
1317445553916096513
1312853690324197377
1313458582738948097
1318175249561767936
1319408727246532608
1323260805421264897
1332485151604019206
1327966377941012480
1323047177149652993
1329145850480762880
1325960237573165058
1328188873529323520
1328326399510319110
1328499518309068803
1332027341149675520
1332077773473636365
1333221551731208192
1333192485292498944
1323349161828339715
1332035823928303617
1332925949806047234
1322702208220233729
1324649536611115009
1326170249700503553
1327023729415757831
1327708093036306433
1331999439561617409
1324067261011972096
1327687745410625538
1329748567230210052
1328242858428669952
1325812503927017472
1324149447467610113
1328360290531074051
1322795572160507904
1328275334895181825
1332055294990557185
1332046437836845056
1328341367584673792
1330632458254086144
1332400978146988033
1328271865840766976
1323474258266333184
1327641655281856512
1331843885870555137
1327847905206657024
1331342067377684481
1327372401911410689
1327607350841184256
1324344764548993026
1330581942073344001
1324365962687238145
1329962134701223936
1331436197982461953
1324228848117026816
1327084273099173888
1329059712952889347
1323717991968706561
1326623365822550018
1333406615840706560
1331743653262360576
1331860651862528004
1324349495715549184
1329534641116749826
1331261300916293640
1332056588044165120
1326888094021378051
1327989840562962435
1332345441380421638
1322931085173493760
1329076233053769729
1330872455796178945
1328057243703652359
1325303859254878208
1327032493292224512
1330925268760989698
1330584303449858051
1330520080703217670
1330687130042032128
1329789792092119044
1333248286296256512
1324392244070150144
1332008517130203139
1328450154379182080
1329054319409291265
1324372291757711367
1329167694067871744
1322962428804526081
1329429165242806274
1329412633049620480
1330862870695981056
1330865477007015937
1332054259333025806
1322785552995741696
1325516587810631680
1331784667129778176
1331998662893989890
1324070528353624064
1324070717852442631
1325622783146070017
1326015641036447750
1331358668449853444
1332213215930032128
1322769912457146368
1324360782591787008
1323301754465734657
1333431659023110144
1325058560330526733
1324225079794786304
1325506314299174915
1326651260917964809
1332100618685702145
1327978558535426050
1330927938154467328
1332453741358878728
1324105788462374913
1325897402348408840
1327085700550774784
1332342039799853056
1326265440994168832
1329822154607693843
1327964687980507137
1324197708064788480
1323112123644432385
1324065635303784448
1325964217476927494
1327248502188109830
1331257468622614530
1323133304732790784
1323663519192002560
1324064557409705985
1323401658789974017
1327354305196638209
1328074478543364099
1329196005594595330
1325788992453959681
1325879061927911425
1322773351635406849
1329091282220720130
1324003621357473794
1325467612285898758
1325817298712731648
1329450058056683522
1333061190944219138
1327080583546118144
1328875871575416836
1331375844137209857
1324310656473071616
1329250076494073857
1333034315387703297
1333199133226586112
1326688747166052354
1333448258757292036
1333538801352839171
1327252956547338241
1333360141207474178
1327990741684117504
1326262468331536384
1332064071307366407
1332854571140587521
1331305350444830723
1329137671214673920
1333130938667180037
1333398274582212609
1331066802558955525
1331339054063910914
1327724199033573378
1329814238475542530
1328110937329586182
1325840534171160584
1329055733439213569
1333925322446745604
1339379003723980800
1341122740544294914
1344318824527536130
1337105112695631872
1339773217314140160
1344074363486625793
1340025048405401600
1335243965470273538
1343922099413389312
1341002641808236545
1335598497429598209
1341021069805821959
1339634320114208768
1340696413899022336
1341204990866542593
1343387719695618048
1333799684318531588
1335984987842088961
1337560269875245057
1336141303285944324
1336016603541102593
1341773142063243268
1341965369876099076
1334975278376955907
1335360837142376448
1342530781642678272
1343533499827986433
1336412868485459969
1343952765517582336
1344726961483100161
1334937090426073089
1335472504127754240
1336874037591433220
1344259403831148545
1339692446427598850
1341152867411873793
1341318273636454400
1344277892331540481
1334158008583118851
1336874109137899521
1337155376379203587
1341432044455305216
1341729970075406336
1340466374846476289
1341590761146638340
1334137296598274049
1336341548032806912
1337031549489963011
1344078608353079300
1339274498680426499
1341629199304564736
1335231671981977601
1336630946339155968
1336864053147312128
1337910565545635840
1339212824732721155
1339801572755193856
1340009433020153856
1341471399622283264
1342426799989542913
1337288332154384384
1341077839395893253
1336675470994235394
1337017995734835201
1336517682842177537
1343991073211887616
1336115743201648640
1344019621133750272
1337575690242322432
1341501452070600711
1333881402627121162
1334218000724058117
1335028898355159040
1341889082411114502
1344748243029258253
1333881286436532225
1339660143957581824
1341908442404032518
1341048375399989249
1337038592296820737
1341480761296220160
1335991179645759488
1336497556105408515
1337947106313637888
1339660712537370625
1340298121172103168
1341012330742747137
1341377727195209730
1337147475027763202
1342870040283021312
1344213136774225921
1337806274185064450
1342831808606580737
1341038681654747137
1341151084816068608
1344069678684102656
1344066196866404352
1333876476907835395
1337257723054927875
1341767316195971073
1336027096557244417
1335237959256182785
1335993232929542150
1336868683684196352
1343310277673156610
1343578521558507522
1334131090810957828
1336385378203414531
1336015764541718528
1339686744267091973
1340121887523950592
1336157221168664576
1336904645629923329
1335088214210727937
1336499306346541057
1341995453102116864
1335707988267560966
1336427937822896128
1337065705708134401
1333929265784557571
1337653359982030849
1340717687413092353
1339412558911037441
1341225940550963200
1342456821982892038
1339706989719543815
1336630346553626625
1344595324661280769
1336471428070305797
1339742721154551813
1343465652758179841
1334152606294417409
1334502028761051139
1344738627071467522
1342455836333977601
1336056266989449217
1340028860222627842
1343016044357672960
1342657505973907456
1334313698228367361
1335011517155037184
1341115980169289731
1341751863776059392
1339930096979890176
1337025797207441408
1337146321438973955
1339227439113842691
1339940666093293573
1334279934072791040
1339230174970335232
1341250923016937474
1341261472085602304
1339187553941983232
1341051012925239301
1342933794051948544
1335598916839075842
1339420987184406529
1341034986498088961
1341102104186908674
1337043808425562114
1340014713317502982
1341402617247875078
1342087513540845571
1336445822335008772
1341506857060319232
1343316779293143040
1336656527411851265
1339165530679341056
1340093236799541252
1334659401148293120
1341456511088775169
1341588985651601410
1343714683317088256
1339790397191667712
1341431319977443328
1334515796576493569
1336683742589558784
1336769181505687554
1335127395888734208
1338978640877527042
1339946430396420104
1343223310822346752
1337241070820843520
1340803278066626565
1335598589704351750
1335996166014636032
1337839911920078849
1341231720306266113
1337055300847882242
1340892941292736512
1342226534866825216
1335631423131295751
1337836395704958977
1341119452222533637
1341065447643426818
1336454835743453187
1336489448507240448
1336784210959458306
1334980684830695424
1336184115545169920
1342831353650421760
1337094068774563846
1336314267965001728
1341360887781859328
1342105084159787009
1341427409850159108
1334300163209248769
1343909729001758720
1340663895434944519
1343645120533557249
1335744899598196741
1340603170460848130
1341177878231228417
1334984035060371458
1338468560620937218
1339327980242427904
1341435235100205062
1337376047667564544
1342202279668101127
1335436468169265153
1339956147172872194
1334480858015653888
1336727188821905412
1337164583497187328
1333804891391799296
1333908129998798851
1337236335388667904
1340030134473142272
1341402814355025920
1336665918282235905
1341014730501222400
1339915409357729792
1339924659756806145
1334964687792971778
1338648587346079745
1341070697989206016
1336655759833243654
1339695627173650432
1341465250764341248
1341753895433977858
1334515232539103234
1342089069615001600
1334961426922942470
1336447967998439424
1336667956839792641
1334161687650455555
1339316930696654853
1257412925339234304
1256981353645649920
1260310917838802944
1263117403036291072
1256048010720575488
1257473323304390658
1262245689729277952
1258785276136128512
1258843386502668290
1259100625721274369
1259298617065701377
1262161707956178944
1257096887733121024
1263336415074684928
1256381281736241155
1257328137492365315
1260233703852105728
1261613710638034944
1265262917265485824
1258498276053192707
1261032081280233473
1264165429238534146
1260538935450775553
1262398242471522304
1265374635283152901
1257579997058994176
1257789179586662401
1259008564401541120
1260804597188362240
1256072174114418690
1256721666207612931
1261424819683373063
1262057626558488578
1262423372920688640
1263469763772153856
1263879778760716288
1264668811216601088
1266293202241249280
1257413840427528195
1261588329319018496
1261653932029272064
1266377573602189320
1259587338994253824
1260343097541738498
1256631658272436226
1257042182416072704
1260983653787549697
1262232323237478400
1262885203531497472
1263818307024703488
1257696319612743680
1262763621169463296
1266052742809821184
1259563424700338188
1262093912400855048
1264638237856972800
1256294035217477632
1256425023721533441
1256500014110642178
1257046603233280000
1262439903532548101
1257767082910867456
1258781361286021121
1256296605407309825
1258064447551295488
1260804577751941122
1261647043463991297
1261964521138200577
1257398172307066880
1259946779900104705
1260695047932203008
1258525786002186240
1258806787018547203
1261182852022091776
1262627920113262592
1265217753322942467
1257692584752758789
1263507456539463680
1265000928798785536
1257303533684232193
1259153438233038848
1257033055639941121
1257669715071086594
1259234805184675845
1259286688716804097
1261095394949414916
1265247160456658946
1259877864310177792
1265453905254641666
1265641014510915584
1256853732345679872
1261758706653552640
1263650551465730048
1265259218225020928
1261111853201022976
1263528069589020677
1264101690996908032
1259545295773470721
1260256478901878786
1261389164349730819
1262237688041742338
1262691108821311489
1262756149880713216
1263499540742709250
1261664514023489536
1262195555989622784
1262694432538865664
1263810226693824513
1259970356091084800
1261134426412548098
1261656139135021056
1262347880527998976
1263445109477122050
1263600119318032388
1261720341317115915
1263882974799572993
1257664101255458816
1257919589607866369
1265379693823483905
1257431499974103041
1259078697694486528
1263935751726612480
1257674920420663296
1257775908812881921
1259875887769624579
1261750020241600514
1261788924592209923
1262781634174226434
1257844942870736898
1258811128865607681
1260202412075343873
1262753936919818248
1264656739993096201
1257637310608429056
1259367067897131008
1262201419601502208
1259872840779591683
1260067921604210688
1264672161597456384
1265383113762443266
1260193497249976322
1260923488870846464
1261370649643081728
1262513744266973185
1263798610564710400
1261784145103147008
1256763827435311105
1258722023670460416
1259864764487839744
1259032169416134662
1262359054162300930
1265090013340946439
1265331726064246784
1266050729522933762
1266423265284820998
1258426524291776513
1259113476871598080
1260059757680840704
1260093794474618880
1258858496897908737
1261747422054830080
1262351240152911872
1263167708918689798
1266203771287203841
1256755447148605441
1258086438282780672
1261088062571978752
1261691769751695362
1257693666874884098
1258757863633289217
1260980204551323648
1261447073049657344
1263485497394860033
1260680738829217795
1260983796716802048
1261998205606277123
1262466324648919048
1262719063832182785
1263113100913328128
1264036752693448704
1265274443569532928
1266055355827539968
1257777499070771202
1258825802797350912
1262501004135849984
1263556421850992640
1257680295429648384
1257715586303512576
1258370152565014529
1258818612963377152
1261698321254678529
1265600265106919426
1256719027923279875
1262684267886321666
1263113147189264384
1264547823141498881
1266074516687474688
1257654888927911936
1262308940596961280
1263808542672183296
1257682614904852480
1259592510466220032
1260143690779066368
1263264541477044233
1265071672752734212
1266051895891804160
1261993922261331968
1266090927954685952
1256756500485169152
1262443487422791682
1262730408912982017
1265976131087466497
1256209424248524801
1256920399553671170
1257265482974912513
1261475456894861312
1261164211134181377
1256694952773500930
1257065691515097097
1261259399928123395
1261394859145007105
1262326512797302786
1263704716892127232
1263918508955463680
1258016321897365504
1260110940751593479
1261295027101339648
1261663693055627266
1263635699577884672
1258003196930404352
1259938613342515200
1262632585697656833
1263844011296595968
1265073305708617729
1257682589722333188
1258770759968854016
1261696517691396099
1264661251776380928
1258840506345406466
1262275499415556097
1265265056914292736
1266086074910195712
1256232183880179718
1257257387985166338
1261641319023288326
1266464766039519232
1257040880579608577
1258820315683094529
1260960254852050949
1263910943739858944
1258128045799378944
1260320258944090113
1262541539919740930
1264543548319227905
1265423781746573315
1266865393932677120
1261808860102361088
1256379465615245313
1258060861421375489
1263431766938914816
1260660931786240000
1261437222382792709
1258957443674959873
1261267809474154496
1259621423552835585
1262841004824109058
1257992603317997569
1260328007530622977
1257051367933345793
1258372658787483649
1260026044439904256
1262879459306283013
1263814242739855362
1266064134183010304
1264386643626205185
1264688208140517377
1258467675346534401
1258778329907433472
1261453961107853313
1262828167062003717
1263832873838182400
1266065443539779585
1258583977004118016
1260943964024254465
1262569582277136390
1266346512071745536
1257456051189940228
1258768017703546881
1259961264475791360
1261318959808348160
1257463735159074816
1257484195888345088
1257759995342569477
1263828687301996546
1265349462756483072
1260654505768529921
1261356599974621184
1261390849381785600
1264970398686482435
1257358130943533057
1258090394698604545
1258347949253439488
1261295393901629440
1261321232353341440
1261863750400978944
1260687682713288705
1266054437308489728
1258857623505506305
1259441416868114432
1261238415791620097
1256686492845555714
1262038172449435648
1262486795310247941
1262633338633957377
1266108394257047552
1257529879483961349
1261147523030212608
1261873333538181120
1265627021000007681
1258872010446266368
1258872010446266368
1263405940499460096
1267178468841644033
1257786302302429186
1260003470087766021
1262027188091535361
1263118808350261249
1263126226203525121
1263301081121132544
1265071953767026689
1266749089548587009
1256672727219539973
1257224868933795842
1260068876575965185
1266162465785606149
1257766052244664324
1261738135337213952
1262519968261783552
1264988048099545088
1257355723438243843
1257743365182861312
1258050632465944577
1258489413040066567
1262415216144519173
1262760776000958465
1258137807295598592
1258759200446058497
1262110640413577217
1256947009459716097
1256999601200156672
1258039239800877056
1260731924244508672
1261410546256998400
1262846872701538304
1264198361294528512
1259989344187830272
1260721685923270656
1263583248338149376
1257984143977263104
1258837582755975169
1261194048779370497
1261660114483728384
1262411637237088260
1263100501329096704
1265875532106723329
1256695852745273344
1264207945283309568
1257673412601929730
1257835178510020608
1261279341058686976
1261634005797126144
1262505200461512706
1263814376974356482
1264188808310018048
1264523183417368577
1264650721196077056
1265393455771062272
1257657121920991232
1262246894274777088
1264606249716498434
1256966886295629824
1256999400422780929
1260689490458423296
1257676795064844288
1258778327499681794
1261342339009634304
1261349903164256256
1258068235016175619
1259965373476155392
1265011250985152513
1265824707309383680
1257672333986332672
1258103311976333317
1263295534426501120
1265463611180417025
1257297850125467650
1257361154818609153
1257465748391448576
1258515945464582145
1259902095882215424
1261670944998711298
1261751521789841408
1263815731730362369
1260596440436441091
1262616170357821441
1262701904959848448
1258361841127788545
1257832494163951618
1258844342007083008
1259387457700802562
1261165657195982850
1262316799091257346
1265092431722295298
1266084425449607168
1257342469425041410
1263481239715053572
1257519035110920192
1257684435224363011
1257692735747825665
1257733485671874562
1258446376909881345
1260718100439339013
1262124882562822145
1263171176240644097
1265891786360307717
1266118626941243393
1257036130060390400
1257756826080169984
1262711872555380737
1264525181491515392
1256935792049446915
1258057662677299201
1260648373691932672
1263346093338669056
1257692103116754947
1258822280345317377
1262537902178947074
1263844829915754498
1261052574603640833
1261695020328865792
1257676914858262529
1264013405070987264
1256272635295674369
1262362607455002625
1266052176163545093
1258393693947604992
1261736929214660608
1256775802429018113
1257693151000621056
1265421230125039622
1266020042958934018
1258119502723760129
1260386569552162817
1260670755198701569
1261525847279796226
1257281957484007424
1259953111201771520
1260923400828133378
1261311758473576449
1262590341963800577
1263482295039787008
1258163296982781953
1261002580571885569
1262024230897545216
1262051602300616705
1263458534588481536
1264177150699212802
1266061435467001858
1259203548849549318
1260190011787489280
1263332439021281280
1258395914995150849
1262133045894746114
1266151182495604736
1259579217613914112
1261663823762604032
1263803815591116804
1266059258766020610
1256418491718078465
1259120321640136704
1261756683459559429
1259353804144689152
1257257367378563073
1257652222978129922
1260712257127940096
1261760287901958148
1263681170576773120
1257879008991207427
1263020651826294784
1264339483828408320
1258777279251038210
1259485783947464706
1261631648577306625
1262495935264931840
1265627822627983360
1257642517366964226
1257670474781167616
1257714347062820865
1258102239480164352
1258829328789508098
1259703147745943557
1262262482778779648
1258540228425289729
1256682734438821888
1257670105238048768
1262484384382431234
