1193516605973651456
1192127463704408071
1195138353219428353
1201862288099155969
1220445323933425666
1218204149453656066
1220453939310665730
1241187306452799489
1240027485875642369
1240294691951849480
1244054619745116163
1242559738119950339
1240307811222839297
1238996132073738240
1239222593816854530
1240068273103921154
1255889969387835393
1251238370954665984
1253038727439560707
1254941399205793804
1251869678672084994
1253491703383650304
1249314073814151168
1276028974536237056
1270869221463822336
1277741399841136647
1273352634099957763
1270912716404740096
1283025107187904513
1279530428458729473
1281999679333584896
1287886531995213824
1284506126122455041
1281294394742714368
1282368682539151360
1282456749644165120
1279206096020877312
1287829799843627008
1300135455770333184
1289715404462415873
1299052486494363648
1300146268707196928
1293308093560954880
1299954090294808577
1293299039438602240
1305252791380848640
1306804898235908096
1304392150055034880
1307834842013478912
1302980259239911425
1318721470751789056
1313837894616985608
1314282407797944323
1320510650616061954
1320930345252986880
1314342814029934599
1315777210029150208
1312379856911507457
1329036785654124547
1326230741731201037
1329151193780789254
1331055072357330945
1322903106783510540
1327732516455813120
1326632941921988609
1322919234779971586
1330952011186114560
1326225872156831745
1341418396211154952
1334648705673269255
1341174122961879040
1340063423229534209
1344659782255435778
1341495881779044354
1262007750407737349
1259585583397167104
1265294140021116936
1262593966853066757
1264047185995476992
1266869814171242497
1266484915572314112
1267141572203884548
1262396781918326788
