1181887660379508737
1190311132935917571
1233465352333529088
1232651054770245632
1232489643112665089
1243314077595820033
1241332490025029632
1243355606443933697
1243711396677931008
1238213070964625408
1243280801015496707
1240598896071643138
1242066998911209472
1240304499920699392
1242546150294589440
1240314413581840384
1240964186248708096
1244680332303007744
1242188784617369602
1241734358903541761
1241863012211757056
1240430473672884225
1238121035347746816
1241128851398430723
1245025669282742274
1240238080625455104
1239570015806017537
1240775134019047427
1236627344099606528
1237381709567365121
1239913367042699264
1247855040032899073
1251174963719081984
1255136110348431364
1254428713330016259
1251430656644542465
1252598283802992643
1248430223525179400
1253734826756186114
1253695427729403904
1250134146954989568
1252957802764668928
1249957860366262274
1250216848752287749
1247523752390221825
1252561315928911874
1249679245313531904
1253742334719787012
1254783021120540672
1257821513480310785
1262006669258698753
1260172756496285696
1273009818740183042
1277936543794180096
1273969557980565504
1276956452523880448
1275437731141672961
1270174007166242816
1276500726395609088
1281725841270099969
1287042717726343169
1283089907863478272
1280214881535475712
1285987166380843015
1287803312826441732
1287274627727851520
1280839086245392384
1286808820979834880
1282680473853014017
1280488379243618304
1278879289333743616
1280540439221690368
1284653341683757056
1287099281074249734
1288283233453514758
1297891032584118274
1297955973764710405
1291834026366566401
1291888967579770891
1297736389371424769
1297877704176353281
1291732620389355521
1292478145631629312
1300124428936847360
1298637010668851200
1292652936456282112
1290609932937592833
1296554656512933888
1290101711722278914
1291428987583922176
1293345904360128512
1297998059415248896
1296524091529322496
1310246053724160003
1305279559902932992
1309543670035644416
1321518353098309632
1313479009007800321
1325773021529796610
1325807616157601792
1328754690721509376
1330187727803912200
1329410082258513922
1325088751920549894
1343914780495642625
1335962409056538624
1335216729685975040
1337200444716830723
1344279031722766336
1257821513480310785
1262006669258698753
1260172756496285696
1260191889778774018
1265665427994218502
1257266703534342145
1257289860265775106
1265297351314493440
1257295394079494144
1265505772017987584
1258841998364078080
1259096089833213953
1258475392199020545
1258782852130328576
1263493018117644289
1258856588024127490
1262457015462494208
