1184597371692503042
1185937638924210178
1184879509390200833
1188464499314966528
1186327056990310404
1182752866290819072
1186159480808980480
1189636326955606017
1182874241785647104
1181606685468741632
1181978678177271813
1185990211295010816
1187726973780541440
1182659913325129728
1184093182310662144
1181271560570773504
1181596619315335171
1182804375707635713
1183128978720051200
1190030775070142464
1185966408628408322
1179414408742735872
1184231497731137536
1187537792399749120
1181240543696830464
1188495846557573120
1189181573272240129
1179124249996546054
1187293918397980672
1181355971873886208
1187327896479776768
1185929947606638592
1187436877055516672
1180151369464008706
1185372296560730112
1189290303779495936
1187418224989757440
1179861589610024960
1186271913326170113
1187388344763854848
1181402540933550081
1187477800879415296
1182727516890566657
1180189506483478528
1181269241510731776
1180178134114721795
1184588403574300673
1186632065191763974
1187362630316507137
1183735849160204289
1185356904043859969
1188448424888360961
1185780135393284097
1181223653830250496
1181971695487205377
1181231566493757442
1187383519598796803
1187365149268676608
1193543766923259904
1196512897939079168
1190648536012132364
1192811982564536320
1191086415188254720
1191099725002543106
1192965468874825730
1194610940479717377
1197969760903991296
1198806536438583296
1190701689768161285
1195095522513686528
1195750186703839236
1192925102872170501
1196950471791001602
1200059669927981056
1190406270370627585
1195971090327068674
1193608380188745728
1199325426243588096
1197500448153821184
1197261474600669184
1197407348211507200
1194308146648494080
1199860783821344769
1196481217501302784
1197184679029465088
1197573104945418240
1198986313585844224
1191491519875702784
1192099806459633665
1194319289534353409
1194086716098916352
1195384915396837376
1199370963802046471
1192493053870784518
1200464692407394305
1193029461383368704
1192854359740043264
1192893098969288704
1198076240890081280
1191721215716667392
1193042660531064837
1199335529353023488
1197677187156959232
1199459842559225859
1203781334969311232
1207875737249697796
1202450720278171648
1206946922696790016
1202366166670434306
1201663933960114176
1211274403583053824
1205510321751777280
1207424421130067970
1201188241262759936
1204767538858602500
1207260478004768768
1207358031752826883
1202941534716547076
1206666403178274816
1212099177662078977
1204265775302955008
1207616596237262848
1207693890586841093
1204608890387734530
1209864802010587137
1203712189451902976
1207855164175970304
1202213238819176448
1204258755510038529
1204778357000429568
1205822299343065088
1202369544578314240
1202372761986981888
1203744438180360192
1203052256310022151
1203757744865652736
1206325578456064000
1208774254231203845
1206335209924419584
1207939213829632000
1202260004893528065
1208180411953754114
1204516938614898690
1204056126574284800
1210236355265085441
1202335848626348032
1204693492594880512
1202467358566207489
1204463816941195266
1204405192550010880
1204117786655690752
1207779717056778240
1204499889113186304
1206998274785370113
1202254843085303808
1206684180425453573
1206515460298215424
1201277879776141313
1201471601532981251
1202394421230223360
1203781932967960578
1207705775549927424
1206622808060633090
1212123734636683267
1203762449930997762
1206822541429374976
1207853005065932800
1214714307721777152
1213163148158500864
1221235431246745605
1223328122499674112
1218269239351611392
1217283385774637057
1217307170427015168
1221855665813102593
1216500399475171328
1216448755290923008
1217314225661583360
1218771313860530176
1219888024634314752
1213639474283982849
1214705402107113473
1220802020472434689
1222920215933194241
1214948360748224512
1214983500677472258
1220898014211891200
1216800901580484609
1215337458528813056
1215364541787377664
1220404351178616835
1220113856229531649
1223281303786872833
1217461595401609216
1215110888623104002
1213155975894650881
1222677691918430213
1215726790666260483
1217611482134790144
1222681973312970753
1221618755261927426
1218808672551227397
1219969161385988097
1221485452600975360
1219061547567386625
1214236363538743296
1220433300084469760
1215454495527833601
1221998663469158400
1219953380094828544
1217903591022714880
1223335240707518465
1224507209570082816
1227332000434003968
1230944020991397888
1231980268887662594
1223730583844470784
1229352314512773120
1232147037841432581
1226335372453433345
1227965834552725504
1224525597403119616
1227369852584620032
1228331079586734081
1232415934020825090
1233523784491003904
1232277841397587968
1233386060475965441
1231994463775535104
1225588610193293319
1227593749213175808
1227959474150936576
1227979292153303041
1232045691049889793
1232054507019931651
1233303919150891008
1227231335028314114
1229439134185512966
1233214190476677120
1225115275382661123
1225793473049243648
1233513448694329347
1233812772124643328
1232140158205616128
1232060128419028992
1228044243647725568
1233623298665263104
1229150150687444994
1226982427928809472
1227964345767710720
1228189330310451203
1224295877247782912
1230952495855230976
1229509246519259142
1233135172058435586
1233130600686448642
1233594044455976962
1226543820814327809
1226671516449988608
1232401244054048771
1233130956967546881
1223977263454093313
1226786026343075840
1233437986269868032
1227977803179515904
1228363050794635264
1224352896944431107
1226748515600125952
1227965511633235969
1232956062313144320
1228100047507742721
1232122384410386433
1227975399835152384
1227971834697650177
1232430954599329799
1233135983413145621
1224771125625917440
1225240284205703168
1226322915504861185
1228001278577586181
1229387668670337027
1227963408663924736
1232504132482818048
1226498592849956864
1229354449262395393
1233219205144567808
1227963459549192198
1232060349349859329
1233532462581587968
1223566585572614144
1227259781049614336
1232404421734256643
1233086393762471936
1233815979018289152
1226767286608056320
1226887579871694848
1230194367165587459
1231256897484918784
1233507361144410119
1237068550281494534
1238615220823744513
1239920675206414338
1240758610600300549
1241101769729626113
1241437627959533570
1241548196939096064
1241620401882427395
1241751524214222848
1241781358302646273
1241930420746358785
1242133046507143168
1242423669823078406
1242486369513025536
1242520575765090306
1243518887494332416
1244359391194816517
1233924311162986496
1236532143695835136
1237166095980773376
1237510248233123843
1239688925544931328
1240825650530918401
1241581700565454848
1241693043197120513
1241756070839816192
1242024170755477505
1242394182926417920
1242427436312064001
1242667220498432000
1243617558680555524
1243682486179237889
1244839486405648385
1237068948740464653
1238503775679074304
1239805958592671744
1240273868922802177
1241057520422137856
1241162646818295812
1241452559186919425
1241555063027273729
1241576542054027264
1241784613103599616
1241788656412700672
1241900215688466437
1242198851613835266
1242609542481022977
1238525268404383745
1239314213174218754
1241335764417478658
1241541089518968833
1241551553061937154
1241571840243482624
1241729639539716098
1241850335532122113
1242178746490269697
1244979670891859968
1234922918771068928
1235403359252819968
1237442966521663488
1238250702272704513
1240167516594372608
1241726282817310721
1241781312165490688
1241993858520678401
1244840956173713408
1236621074122641408
1238522237445169152
1240040722432065536
1240181314814443520
1240262202512343047
1241304599404953601
1241500050053894144
1241532237084078083
1241553819760287744
1241561987844317188
1241603108612030464
1241673712358821890
1241711330756788224
1241870562949042176
1242100197221470209
1244355300615847936
1244435922944483329
1236539539465830401
1238079569271414785
1238883245250482176
1241165726779617281
1241503009131167744
1241544357125279744
1241549493016895488
1241570986404831233
1241926852861706247
1242494932235010048
1242723716267536386
1242925224708001794
1244260804343537665
1239589633291419650
1240916069218496512
1241529129666777090
1241699318714847232
1243242539001446404
1243373642785927168
1244365278525509635
1244385734846558209
1236052782118924288
1236663468582817793
1238506219263967238
1238997832134205440
1239817944500260864
1240765053294395392
1241513910144053250
1241534351558443009
1241743672477188096
1241833577895079941
1242171768334192640
1242333567058927617
1242470492323360768
1242573620401979393
1242837829841039365
1242855046922067969
1244383872852332552
1244995521409884161
1237185025541431297
1238153964845256705
1239637589700812805
1240213365320015873
1240758296090460160
1240855332483747840
1241515585365737475
1241556566723006469
1241638466779262976
1241755306578903042
1242768728044994560
1243167378541809665
1243619445659938816
1244288780342788099
1244348030519779328
1244623041377775621
1234917736989503488
1238152521996283905
1239360636099977218
1241540492015415304
1243031204099584000
1237007358070599682
1237151409704972288
1237175085598998528
1237490957718892545
1240013148033134592
1240129767225073664
1240807942875533312
1241168929474691073
1241476948322185216
1241516506548178949
1241697215464255488
1241762215511949316
1241776062633316361
1241904788289269763
1243495318764871683
1243910978523336710
1244280283333042177
1233913902628397056
1235261243998580737
1240379463076102147
1241490749851611138
1241559563524091904
1241597061419749377
1241719383057141761
1241722557868449792
1242860081550688263
1241492547253538816
1242740813764931585
1242781044417445893
1242851602110779394
1243317777999581186
1244657275123273731
1235715027400888321
1240240464902660096
1241485508875702275
1241586327390498816
1242779956834426880
1245031192514215937
1236051765017145347
1240004273649442817
1240666902390665216
1240803183691251712
1241140017067687940
1241188096126771200
1241533077169586176
1241724152660271106
1241742573590511616
1242505202894159872
1242601772562161670
1242817171656290309
1244267268319727618
1244268810686717953
1236065096582889472
1238174696287371264
1238519833987252227
1239969513669447685
1240100566489055234
1240435443922919425
1240707898180804608
1240802713929220102
1241182770451419143
1241263283656708096
1241427325792772101
1241549964561362944
1241596888635207680
1241763171796385792
1241781771911327744
1241958399891443713
1244361242501877761
1239248954983931910
1239567385025118208
1240031910316908554
1240054557280833537
1241315400492683265
1241494851335544832
1241513672356364300
1241845191427993602
1243161314761072641
1236184290540556288
1236481380512600065
1237356929594187776
1238478029342429184
1240642684475277312
1241522099501613062
1241527559319420928
1241770411165134850
1242916539809980416
1243896194390245377
1237194194516574209
1239687402274390018
1241196449645428736
1241511496783466507
1242042032077656065
1243112693315309568
1244559837251461120
1245040181528444928
1236469671014080513
1239335550802448386
1239682257637593089
1240760377199206405
1241561698999447554
1241773584265220097
1241818758173167616
1243224116339060741
1244987816452423683
1237588438452297729
1238585046065446913
1238654963036893185
1240733051291865090
1242059126089437184
1242638857960665088
1242648017913733120
1244817428934209541
1244964373677912067
1241218826672443392
1241482396706508810
1241726698158084096
1242490854180298752
1242575091923369984
1244727656953679873
1244770294843068417
1237190327372374016
1237829412470562816
1238236884871958528
1238841990093189120
1239247438705115136
1239666768232185858
1240040134973800448
1241469653328814081
1241692659741347841
1243226484506009602
1235610991867637762
1237590297418186752
1238142853026627586
1238864931383963648
1239344387995373568
1239571710870982656
1240093918814969856
1240752369710833680
1241441923598032896
1241443234485846020
1241485386754424836
1241541410584698891
1241599321948053506
1241876148797276168
1242111135618347009
1242132019351556096
1242584777229819904
1242658771345817600
1242660698330738689
1242752738133450752
1243177314478723074
1244741213187715072
1235686803899891718
1237162498496880640
1237192991053197313
1238532338553958401
1239877248737394688
1241024957519409157
1241758029596549120
1242421924996755457
1242870993242206209
1244429415372767233
1236126486714818560
1240222697923248129
1241176586075828224
1241351315474853893
1241542106814038016
1241542195993329666
1242628553214234625
1244121681179938817
1235991943718383617
1238263200765874181
1241513672570273794
1241579023400161280
1241807615925067781
1242751482807619584
1242841913247621126
1243600149508751369
1236671866238099459
1236677219361193985
1237007983017627648
1238858576795275265
1239048079598391296
1239633350362402816
1241224084240732160
1241540958954704896
1241588191423053824
1241596361608437760
1241814040667660289
1241826744878981126
1242196441835208704
1242542811183902721
1242543607128580096
1243919352040210432
1235999072860786688
1238197589981495296
1241571282203758592
1241595223484051457
1241749485820055555
1242693979868545024
1244534114256125954
1236509407577604096
1238266575477768193
1239321979905363971
1239650957400604679
1240751698114678784
1240797671599886336
1241148591403655169
1241529146431492102
1241588173748109312
1242396536992129024
1243407632586567682
1244325648275046400
1244408241968123905
1236642499030069248
1237478637714042882
1238199598709182466
1239351881740115968
1240748783576768519
1240758736970489859
1241160294887456769
1241516601272414209
1241523786404356096
1241736429878853633
1241847139560566794
1242600665291071491
1242643698007113728
1235831252395020291
1237502456176816128
1239590048376344577
1241542235071668226
1242890739396136961
1234977669462118400
1236005564137607169
1236101041202098176
1237414693595222016
1237945631097810950
1238900621509636098
1239620762534916101
1240429192321191937
1240773829905055751
1241523500877336584
1241526533073833987
1241548624787582976
1241651418781581313
1241750987343192064
1241775756944039941
1242036193090580481
1242742600534241281
1243237918459809793
1243553065044762630
1236896093058801664
1238462833752408065
1240705197523054598
1241537489354895360
1241824186353487873
1241916215695511552
1242217479692304390
1244342329017806849
1244735694494466052
1244979299259686913
1235934729221832706
1238151843227660289
1241061582215528449
1241510163292532737
1241556636457529344
1241697753253765120
1241741621483446273
1241767856838189060
1243688978106044416
1244365896820416519
1235033322985869312
1236772814432190467
1238266100066004994
1238508890611998722
1239731625342177280
1239905361559085057
1240279645095972867
1240515945199632384
1241527846121570304
1241542240977076224
1241552725239726082
1241562226034606081
1241725964125700100
1241769828160921600
1241785584273829889
1241941345435963395
1242725022092812288
1243167837344141312
1244301090625146881
1244713150508937216
1233937706729791488
1236095566754480128
1238161750924521472
1238166295574507520
1238178053521457152
1239178309990301696
1239248982368325632
1241589573769211906
1241604078817251328
1241778718420410371
1242246477277089794
1242292570941685760
1242578934920892416
1242584415001329670
1233890154110050305
1237355098910621696
1237532384062402560
1239671718484025344
1241504593424666625
1241505183063928832
1241514218899279875
1242141783263502336
1242240094410551296
1242651088869830657
1242680625489821696
1242808972970807296
1242821305793228800
1243053222207655936
1236008676806275072
1238626859325276162
1238899191989932032
1239243509477105666
1239291381325185025
1240774420894892032
1241141934422401025
1241534109031133184
1241534616160235521
1241568979342086144
1241876433775071235
1241947398211080194
1242307126912942081
1242515298588254210
1245009568846905345
1236681340491370496
1241112072764579840
1241516565155086336
1241546079004315650
1241550777958760449
1241578106525229061
1241686649626603520
1243656073787179016
1243995074188521473
1234861205514342405
1238834238994055170
1239350322507776002
1240221208915968000
1240297556153860097
1241459385676845057
1241722851373219840
1241740996523765762
1242206149031624704
1242438828050337792
1243298173218668546
1243375577031155717
1243682475789783040
1237641412482461696
1238218907829309441
1239654183806132225
1240577748273430528
1240836908697243650
1241361638512443393
1241580997679837184
1241603112974123008
1241801293368303618
1241842523842248706
1241869806887895043
1242871711948660736
1243905651639812097
1243908632091254785
1243920816234008578
1244367645685604352
1235654281287684114
1236990006159343616
1237489172106989568
1238107849307435012
1238159588668694528
1238569539702579201
1239604812347576321
1240291366325768193
1240370465740165120
1241715147032461315
1241775423991808003
1242641341651324933
1243165928596086784
1244651344369258496
1234894344685072384
1234895093066338304
1237006617742397442
1237826859343151111
1239325523194646536
1239712891433037824
1241484670124068865
1241504969221685251
1241505499968942081
1241634051812818945
1241654208555700224
1242713299092996097
1243407469021286400
1235244120312078340
1237268517914841089
1238249450025422849
1238902367078105088
1240382469796397059
1241413909812142080
1241922876938190848
1242593107142729728
1242849223915143169
1244349407946039298
1245016240441171968
1235612552681402370
1237072840781955077
1237124022141411328
1237921564873678848
1238613325015068672
1238903498827354115
1241489142032166913
1241578972267171841
1241741469683236864
1242200327325200385
1242481575826161664
1242791069093429254
1245104602263019520
1233942796966322176
1235427839186309120
1235988602317729793
1236189691910582272
1236780042123988992
1237105061995610112
1240000537208041474
1240126285738893313
1240388216596955136
1240786843542728711
1241179455332196353
1241518728375930880
1241910174362800128
1242748527085850624
1244616168150831104
1237020757487738880
1237470070999146497
1237551941321814017
1238513063348899840
1238558744516190208
1241118081994219521
1241560383086870528
1241574587005050881
1241596195320954881
1241860680505888768
1242546017054097408
1244670594932789249
1239669290267279363
1240303616927424512
1240602955218333697
1240705373062848512
1240733610195349510
1240767590840107009
1241469444704133120
1241543729590173696
1241786603485442049
1241843698268286978
1247822725034528768
1247910261060763653
1248716354808676353
1248850356148162560
1248962002581688320
1249745680949817344
1252023527072464896
1246096500196667392
1247192869510819847
1248648071497445376
1249023627560808449
1249086258837667842
1251217099076390914
1251854322104754176
1252030765283414016
1253055166619639808
1247651482628788224
1247651482628788224
1248022608517279744
1249567483922649088
1251226289207422976
1253429558709125120
1254489194602397702
1245700527608008704
1245879595808817153
1246581609203003392
1247153096821702659
1247264425121320961
1247716826961895428
1249473486579552256
1253400670931206148
1254735687154307073
1255164980057575424
1247715566292525059
1248437018314436608
1250055722550865922
1255553453985857539
1245304076323225601
1245440922093064193
1245606471275929600
1246506628028993537
1247185832567545856
1247981902327189504
1248739310674874369
1248993770210619393
1249018309225275392
1249711405466562560
1249783029188288512
1250555824407285760
1250673926297944064
1254036198487703554
1247537956652367872
1248662054900133889
1249405170464763905
1249811023130918912
1250109581440802816
1250769273636753409
1250801180512595972
1251696541234061315
1254852667668484096
1245364317362536449
1247443746561626112
1248375701771677696
1248686706464825344
1249790402791649282
1250028723123949569
1250441779033157632
1250774152404971520
1253080941435772928
1253496672900075521
1254880908995330048
1245551819528560642
1245580491786309634
1245595008238907393
1246822320330739712
1247580928744005632
1247588480168968192
1248755138224930816
1252405327162556416
1252405690024333321
1253315717858054147
1254094713768030209
1254474101357510658
1254571850627153920
1255176833114439680
1255755599591215104
1245166671712706561
1245407853814448130
1246132877567373312
1248404818655195137
1249663411841089537
1249784894601003008
1252233081735413761
1252649859091509250
1252840696546906120
1245235292157751297
1245490205173276672
1246713247442456577
1248636573580693513
1249674659894870017
1249768617551503373
1250053203628036096
1250617125254778880
1254120631580233733
1245521725426528256
1245885085087412224
1246626881958367235
1246906969786638336
1247574010923229185
1248663282459856898
1250782523451301889
1250803396216586243
1250893024856551424
1251326495328546817
1252945780387782659
1252955512783634433
1254168368321527813
1246012270217437185
1246040394611200000
1246300569876279297
1246311001135472642
1249470759044603905
1250829549966954496
1251799268765175808
1246840762681028609
1249736671693811712
1249888788651728897
1250778996343746562
1251161270440521729
1251917804112154624
1253359364037107713
1247138309241004039
1248599634123128834
1249373401111621632
1250095882319482880
1252041309591764992
1255660054381879296
1245330286604431365
1246401765857095680
1248712309951942658
1249173955560308736
1249779401123864581
1251646690777423873
1245344089115168771
1247804768916869120
1249336801363443719
1250322055959994368
1250446816560234497
1250521297387286528
1253020780230737920
1254043741595348992
1255021017283657729
1248605166372302848
1249718129619501062
1250439281157361664
1251257574323863556
1251578233708965888
1252706697346457602
1255699264245727233
1245480740151857155
1246115974383796232
1247906318226243584
1248393398672736257
1249873057965096961
1249926562478088192
1250070435489816576
1253730172815020033
1246870110213681160
1248965109365399552
1249731658422587392
1250526561855516672
1251601408337608704
1253325842152779776
1254042210229723138
1254506044111323136
1246543124631035904
1247256360741453827
1248781332915924992
1249146451353047040
1249816365994819585
1251248418351013888
1252262883230191617
1252798376896335876
1253711632406122496
1246300552629309447
1247246200870445057
1247575205213605889
1247702453774147595
1249125328905216000
1249938617373544448
1250801840716804096
1248295889535479808
1248372694418063360
1248631772415315968
1249742206027460609
1250029264185024512
1251204275633418241
1252406205969915906
1245695800388268034
1247492754642481152
1247698847045951488
1248962777957519360
1249474872813764614
1250795878820052995
1252306057113862149
1247540709902565377
1248221657589624832
1250869587643596801
1251147675249987586
1250547970711457797
1250936794130059264
1251208844237307904
1251226286111862787
1253037383605456900
1253106244845518849
1253742278738423808
1254884582224166918
1248466403461488642
1249902864639688712
1250387999914897408
1250786538725748737
1251971205965533193
1252597925143818241
1253652352193740801
1245951710415269888
1246108661392400386
1247233945122615302
1247303096612671493
1248657256893145088
1249483062603395076
1249520113310511104
1250430554236801025
1251692020109893633
1252358406532259840
1253135527399903232
1253379981851324416
1245363129644711936
1247498962233364482
1247897615150137347
1248226087869562881
1252409275843964930
1252691409657909251
1254239419558694923
1247874296434823170
1248992518676627458
1250072037713948674
1250107085314031616
1250900140124246016
1251135843454107651
1251202531348361218
1246068656448188417
1246073739764092928
1246448715000352768
1246594926445498379
1247297475154571264
1248509621716881413
1250910485119209473
1247979610001858561
1251239757117403136
1251563658544664588
1252692745510096901
1254557982215602176
1254908700927635460
1255939495716847618
1245478464389603328
1247870848679251969
1249681009647456256
1249817055659991042
1250227952572198916
1250803578194874368
1250813029270220801
1251210159826878472
1252256037194924032
1253877769597063169
1255201511426187264
1245906974585368581
1247349015852834819
1247694914919555072
1252792140330983427
1253373595637686274
1255544401721516038
1245636192126636033
1246903381219663872
1248399907095867394
1248624188044111882
1248735244234063872
1251000199645925378
1251289254082359298
1252318402091249664
1252406700784496648
1252676561402245120
1245117893597151232
1245529477926412288
1247307984755179522
1247611867989671937
1248800412813201409
1249676124646453251
1250836871091032064
1254126999032872961
1255865319492591618
1245366507103633408
1245486157674303490
1247196123644801026
1248380281980989441
1249731787762413568
1250062850443395073
1250123235636785156
1251527758984941568
1251865671438393344
1253403134040379392
1254768550901735427
1245418181054717953
1245437977016143873
1245731073658695686
1246589079283740672
1248022914118512643
1248866368604299266
1249045848614473729
1250295999316164608
1251332902484353025
1251675165509005312
1252290962178613248
1253368547906117633
1246101431234551808
1247803839329128454
1249018004920098817
1249716974009098241
1250119643433504770
1250436545661652992
1253331469671362562
1253459924774014976
1245354993399537667
1247289567000100864
1247694331831558145
1248424117528743939
1249675311085752321
1249703698277847040
1251876972801789953
1253831589525676035
1246099142637694978
1247558285307207683
1248389111909502981
1249394078787272704
1249578260918423554
1250798176572973057
1250904459791740934
1252412369860300801
1252639133761183747
1245629032441344000
1247150087236657161
1247319260944379904
1248610197611765760
1249084937623547907
1249728561088548864
1251149181101596674
1253336038673543169
1246611538858758144
1250777878779887618
1253458892736081920
1246547799354806273
1249828315738697728
1250931044376772616
1252971906069905410
1254797040149843970
1255635534203977735
1246106453120819200
1247094841017806849
1247355279324467202
1247716458357981188
1248331881080401920
1249710262220808195
1250837292866043904
1247914410783506433
1249839700833009664
1253432501478940675
1245760915338866689
1246016976205402112
1247260026491846656
1247737527362084865
1248000697435426817
1248011602562961409
1248360589711327237
1251682057866088448
1251798910873620480
1246543691516383232
1249095146324492289
1250074592032456706
1250485117950152705
1250801862762266626
1250805160114356224
1253769786443599873
1254978731669520384
1245463953041264640
1246081052311007237
1247262705314119680
1247362027947020290
1250117105485254662
1250806467835367426
1251507036594098176
1245350334760968192
1246323391973466117
1246570989242028032
1250104060000317440
1250927010186223621
1253801845648166912
1255221477890236417
1258532047120822272
1258544745715884032
1256328816147881984
1259514833667526656
1265698816482848769
1256232424226394112
1259148641408868352
1263216692861132800
1263849785288581121
1260322733466025987
1261646376825389056
1262737229379563523
1266092997143388172
1267108628181520385
1262501903759482881
1263520153461014528
1259335661410115584
1265817438127603712
1259309567101603841
1259593869441679360
1261458168972029958
1259808808244830208
1259934274339377156
1266218254244237313
1261679614663024641
1258522201315086337
1259852364091179008
1262296542221873154
1264908024679890946
1272610644122931200
1268216679043158016
1277450435377475585
1271596593477636097
1270755901834702853
1273604331674238980
1272970224380317699
1275901618685390854
1270931034503213056
1271590942437490688
1272249965952327682
1273571267606708225
1269572032292777984
1272270627437764611
1275211978722738182
1273276795966668808
1270449698793574404
1271677160814792705
1273624524978819078
1268221827723038722
1272571331842727938
1271286103811608578
1277315876090449921
1268414362441486336
1274423512401432576
1267525087332372480
1272286053152329729
1273316660162617345
1273767577781706757
1273311695314829320
1276838022231793665
1273297394483027971
1273034470292152321
1273391221248008194
1270541903520358401
1274782918133645316
1273753831730528263
1277931503939391488
1267910633493856256
1267235847679639556
1268597656550551552
1270405575617191937
1273419854259933186
1277810077345472515
1277901946653999104
1278063787103457284
1267781280629960705
1268903952256430080
1269006174139158529
1271777429443543042
1269399928549318656
1273279268311707649
1271238915928842242
1271437454587891716
1268058629623570432
1274654916569468929
1273834959292203009
1274048659093467136
1271615073551675392
1273605674723934214
1273722216471986176
1269374495220998150
1270490304400031745
1272922407498588161
1267486225885167616
1269680844345663495
1270403094363463682
1267876891647754246
1272889432337780737
1274895692503400448
1274039268227321857
1268242335068033025
1268315156775415809
1271337232465645568
1267854573831684096
1276157464245940228
1275072011455221766
1275583674528882689
1277805178067079168
1270375590957203457
1271291161697644546
1268613620121980928
1271182429118541824
1271112976590921728
1276145388555288578
1277624366898073601
1271111482906943491
1277380848082472960
1268649103296167936
1275229838018674690
1271851266692481024
1274005478742335492
1273763936819728389
1272349231592988672
1274004280991797249
1273589181449715712
1275191321691594754
1271181503309860864
1268882818517606401
1270049303650865152
1277355294868172802
1268950997415542784
1273651881517211649
1274499408990580737
1277062396511612928
1273332347451162629
1267676441770184706
1268618750883848197
1268595914060505089
1277967921579347971
1269668704482029569
1270093182995292160
1271872116829442054
1277937255420747776
1274794216200138752
1277920336978350080
1275421052961730561
1276941561478041600
1270373374133485568
1273254177167335424
1273326943258185734
1274747304285741057
1271111817264115712
1270357218584670208
1273260628812206081
1268525981616214018
1270372363515891713
1276387302319800321
1273747831032070153
1267970550565044232
1271180824679976960
1272277995902861314
1273370016482721793
1287539510713229313
1280518179744251909
1282407088254152705
1283101476685058048
1285571509973639169
1283117057203040256
1284138602482421767
1286283793977020417
1281997348558839813
1282399786797133824
1278441353668632577
1282817854031589376
1283537030366916609
1287634760517394432
1280754951308734464
1283460144701927424
1288562684837933056
1281620776437907456
1281945816270176259
1288571256472776705
1289294245296312322
1283895339573899264
1282020308036325376
1282171774805749761
1283405696709668865
1286753843426889728
1288507968930054144
1281842376181506049
1286355854493716481
1287536703159361537
1282544469296857089
1283466384333328385
1278580365599399937
1282793417920196609
1284150664629755904
1289294014517096448
1287539839718522883
1278458084722200578
1281675882147397632
1288553510238330882
1288331702859902976
1285218413611229184
1287841368514199552
1288571118849273859
1281579882791579648
1287933051037720578
1288650561030676480
1288899514183671809
1288506034919813120
1288816358856241152
1288159734256685056
1280216986107236353
1289184599382212610
1283007667930370055
1281520289545887744
1284642884180992002
1285410248312991747
1287554267306328067
1289249983095595011
1278336822075162624
1284121190320283649
1281729200727248896
1288503325906935808
1281648268183629826
1288813766273048583
1279107786262134784
1279228613620051969
1286632535024336897
1288576293693542404
1288733622032306176
1285242231113297921
1282283927886069760
1287846735470112769
1288161560901242881
1284741793850904576
1279183574231547905
1280149525240467459
1283913348560695298
1285183453663830017
1278358771136368641
1280261851188690944
1282692490202460160
1284138809723097088
1287938173931331586
1284312070645784579
1288244819618217984
1281361596313300992
1288131944383950848
1282393059758669825
1284303378391212032
1284911130041876480
1286246542358110208
1289076921611894789
1284839177679507456
1285646820866174977
1288190023326527488
1283017272232235009
1280546088965963776
1285558026405990401
1286032020490125312
1286807769409114115
1282345793505165312
1286734175500935171
1282109964148973570
1287566929536851969
1280541726441168897
1282685612630450179
1278394348095385601
1286268038015266819
1287835231479889922
1281216906792402944
1281962760591626242
1287116734617575424
1288554380459945988
1280866754214969345
1283005745928101888
1278380700195053568
1278940144481910784
1278499738363535362
1289032097089241089
1284360782734475264
1286047129652342784
1287144489916735491
1280853359528820736
1289168248135614469
1284222771308920834
1283868362699878401
1284605119850590208
1287753395219181569
1288220589883158529
1278163955790249984
1283937098849046529
1288110698225008646
1280177829259309056
1284203691034066944
1283424611632320514
1281241354736209920
1284244114511290369
1288136009826349064
1288223789352996869
1288603191777595392
1281685874279739397
1279765742712426496
1283152762822369280
1288550971015155713
1280821128613826561
1281602098078023681
1284185827573026816
1300197628664315904
1290189972465577985
1296305524682752001
1291081542958067712
1292425804991746050
1298979481646821376
1294237589055197184
1293210471110082560
1298249274489221120
1298835961925849088
1299164546775515138
1289641298790514688
1291343526341545987
1292115597581377537
1295219831558545409
1295782578700660737
1298284098570653696
1292845038003720193
1293983993306595328
1290651976817049605
1290686463475163137
1291110496779763717
1292877048348737537
1294299491076431873
1296531784897708033
1296972594663612416
1299469614217297922
1292550753085784065
1293214724147097601
1291908160714756096
1292631392946462720
1298754708744679424
1292120119842414592
1292895034883399686
1291498066881773569
1292838130186215424
1293230977075027970
1297628447544672256
1292260738073911296
1294468040910950400
1291649258895147009
1291794918684405761
1298311708671451145
1291763551531667456
1294081468696801280
1291865110668025861
1292617608517361665
1294543307700305920
1291730168994844672
1292827870239141889
1294153307309527040
1291864104915939329
1292501449188884480
1293650701067919363
1292472110028382209
1298601069040238592
1294618809366728705
1291998255308570626
1292930149009313792
1294128108124200962
1292528703776403456
1293263474781491200
1293575034439639042
1299516150737506312
1295845449602158597
1291812613341564929
1292385038059950082
1294131099879092227
1295041171555782657
1296003655284535296
1296068784768405505
1298617040387874817
1299004509990125570
1299062647179169794
1292872435386200064
1296419730564288513
1298257100422828038
1294472428157120512
1300197888006524928
1291689907115765760
1291913427850424321
1296763284863975424
1292918367196766208
1298246273489928192
1299365597571166208
1299377695395139589
1296583319166033920
1300277688037306369
1291780609828741120
1293170654745964544
1294693158379454464
1298999208998039552
1291799414965772289
1292217624840081408
1292974273078812672
1292150018309345280
1292495032365137922
1292318772351496194
1298880251011796994
1298976177739018241
1290411149364801540
1292454703696027648
1292547000957837312
1292588960477110272
1299116097535381511
1292132229544587266
1294872870519279616
1290725450873032711
1292700737353453569
1293893676108845056
1296214800762982402
1300114216268042242
1291993254745972736
1295415982958227457
1290347985956679680
1292419115009732608
1294267552282152962
1292256774465048577
1293609085192097794
1297280238456471552
1292356179461644291
1292555217691525120
1300145475979415552
1293371982898245632
1292065180378177536
1292557929682546689
1293712244111560712
1292304283350601728
1297528800956252160
1290991642359595008
1292324462142959617
1295580089292267521
1292139443583885319
1293285813527216128
1292833155913863169
1297195772937633798
1292261102684737537
1292722501781532678
1292819650061819909
1297907740820549633
1292284454321307648
1293927480584175617
1295330048573083648
1295761564264534018
1298355657402351618
1292103127135526912
1293511476741898241
1292717222188716032
1293323836423897088
1293902512563552256
1299059648453017602
1294049610546151424
1293944904318455808
1299816687966052352
1295329535404244992
1299182537466613760
1292244518704541697
1295440395061649410
1297431211816759301
1292824208989466626
1292887161591734282
1293413039627264000
1300146457450815488
1300205510067720199
1292083767817965569
1292818097099997184
1294653853833494529
1293734831671533568
1292418597311189003
1292139590774480897
1293105320571568128
1293911163168681986
1295488679675408384
1298307374772559872
1294946556475473921
1298989649767960577
1300437467506642944
1292906234941788160
1298654449439854593
1292887730624528385
1299541294860165121
1292520378091409409
1292947379193339909
1293389612388364290
1290425643075866626
1292101085038022657
1292177482326650881
1299755050022174720
1289438152751382529
1292671952067473408
1293195354863788032
1297564295199326214
1293997794353651717
1297189141763874817
1292158086703206401
1294646305784987648
1296447431073308678
1291774914165272576
1292481161361600513
1293193521499983873
1297963656890777600
1291002945996283904
1294059076633141248
1294472024157564928
1292974931580346369
1292062647337259008
1295810918643904514
1296299882643415041
1292788519946129408
1293325404976164865
1299388501926883328
1294273907525066752
1291194785110405120
1292588101936840710
1294723927005167619
1296248961301446657
1291461792707747841
1291615700281262080
1292112580161540096
1293981494604476417
1296877827950772224
1298653474226397184
1300173485541531648
1293011833784283137
1289981431855198215
1292770916443840513
1295470960225726465
1292936999721209856
1292992606377582593
1299754603572088834
1290785769146077184
1292112931732291584
1292627556298928128
1299081011926634497
1291782685975773185
1296817357638205442
1297186838923354114
1292197854727925761
1295745292227223552
1296122224072687616
1291780120647217153
1294371787732590593
1290694937852485634
1291765120398311426
1293865399436574720
1294165019312173056
1292602264188850177
1291122270178545669
1292454414280785923
1298974314646122496
1293648989938737160
1299491955311689728
1293952978316140545
1292482251863793667
1300136870685278208
1292437871920521221
1298788387667824642
1291948804208435200
1292529469744394240
1295837906129616896
1291772367476346880
1297539873671385092
1298745341789892608
1290728940533940228
1300189281202262016
1292909206492897282
1293743780303183874
1294813899011784710
1292461631788609537
1292491127011119111
1293277458335178753
1301888279428706308
1302279825558851584
1303294344783441921
1300809425897357312
1301191912888528898
1306961707647021056
1308788862764740608
1301229191682236417
1301952700792307715
1309717122658873344
1300839975483830274
1301969635353468938
1302759030654291968
1307786637506682882
1304043486098993152
1310247310828412930
1308591532770045960
1306571107730821120
1300791517469175808
1304588401740521472
1308427177554325504
1308560031449788416
1304947555596460033
1310043471349153792
1301478656477245442
1306944081512345600
1311369816528297985
1302939729613197313
1303014199564447745
1309343107431923712
1301585001386045454
1308557474107023360
1301578432988549129
1308373591172542466
1304092211169034240
1309313686083862528
1310922922970828801
1303153899042471937
1308922279393402880
1309456114459783170
1309329386802425857
1308573043699208193
1309180057886261248
1301617102051332098
1302703435192639490
1302357110139899904
1302687866724773891
1303073922112393217
1308803739969445893
1306676321498562561
1307669643788771328
1306922874540883968
1304790978017013762
1306700729332240390
1300909182984630272
1306776166083289089
1304152700695670784
1306706713383522305
1308408805273800710
1301176809799774211
1305897919757848577
1300777204297728006
1301879058104541184
1309820430862163976
1311323114991747072
1308050107619827714
1308562260147793926
1308163252275179520
1307890979735625728
1300932700702994434
1305555937458106369
1309126550768562179
1301641261108125697
1303728132105666563
1311156287380496384
1303746688776101897
1302986504898334721
1306051997616013317
1308422179328086018
1310959306913779713
1301356014751670272
1302388578232741888
1308776145010253826
1310367333974646784
1308094920893366272
1307676969694306304
1307789477385961472
1301673395147464706
1304091295330324480
1306312401118167046
1306695711090716672
1308574107722805249
1308999169370189829
1300981438494302208
1306205577958379527
1304456432482496515
1301254046196658185
1302596189414621184
1303024838530019329
1310767993304080384
1305140455684935680
1306460027109203968
1303441545278914564
1307071540345921536
1307090213949321217
1306293319442616320
1308461237311811585
1301580970773028865
1306030473785745409
1306295984029396992
1308411986800238594
1302597176669995009
1308419355076636681
1320507173542178818
1313492221942001671
1313866935340236801
1318882065253847041
1321425229919494144
1313497256369229825
1313694703280369666
1313132839060164614
1315968771882913797
1312068183977865217
1313242416699277314
1313824686216806400
1317444991858298880
1317564051388420096
1312165402143723520
1320470201461280773
1320742525364260865
1316144223209623553
1322202939025313794
1317275598448885760
1311756555017224192
1314443879291269120
1322650261442031616
1315309960306323457
1320229233776594944
1322169652575936512
1318181764314157058
1311716165190856705
1313676068885159936
1313598458587037696
1312016577940856833
1312773230105681920
1320736506085081088
1313639436828188675
1318031653521031171
1321440101176586241
1313213509165936640
1321182327259779074
1311898677997436928
1319284600913317891
1316795233376628737
1317435710664773632
1316027193428897798
1321866800854945794
1312427819176259584
1319450181880868865
1315363854625517570
1321065137655160832
1313521789243461632
1312870914627952642
1313574752381014022
1313228883097944064
1316822439716950020
1315828360732274688
1317914626210910210
1312073626913513472
1312756884055699456
1316383923467943936
1316920885966766085
1317893235944116225
1316451561527283724
1314962278136111111
1318982388844761088
1320719396931682309
1321968209206063105
1317469177825906691
1321844311466643466
1313955150541787139
1314630553480519680
1319301504382177283
1316937886072229888
1313486750912831490
1318351260823785473
1313469973193523202
1321085415575719937
1312597685069774849
1319388877954682882
1318590358914322432
1311658389257236481
1312047461641400320
1317509685109354498
1321870512876904449
1314279855287160834
1314586938960158720
1318210311162310664
1318230070192967682
1314343182826520577
1314770815947345920
1319257211890241538
1313192463310434317
1314107571574378497
1315713045075824640
1317912853886701568
1314295174428794883
1312176568534409217
1314523336148385792
1321786376363352066
1317267753154347011
1317825269768531969
1313923701704884233
1316400925083303938
1317111837389967360
1313113769380372481
1317510779512541187
1316372978104512512
1317594636236558336
1321167799360708609
1321473335910424577
1316543719823339520
1313846555871457281
1311642267703300098
1311913332601839616
1325808496923856898
1327005802134196229
1322957236734447618
1328119487166619649
1325456823768461314
1323387552557080579
1329852533695787008
1324440577434374144
1324061510621167619
1327277767440916480
1330925906198663170
1326274630949236744
1330857876945055744
1324352473876865025
1326569605394001920
1331554126912696321
1324724405256232968
1327214337056968704
1323805973362991104
1329939377045245954
1331341043959279617
1329304525283467264
1332184220706480136
1322972743550136320
1328197245343322112
1332414639876022278
1328716997207740416
1326331727745347584
1327995367837745153
1324054089857191940
1324398070524792832
1328363645995245572
1329482438809096192
1324512142045925377
1330746268696526849
1331159132834033665
1324585889348145160
1326197975035637761
1328749288961273856
1325213702694395907
1328758564870119425
1324138899715825664
1329531063979405320
1323991550465134592
1326200543274995715
1329812270520655876
1323318978341732352
1330114708939157505
1326199473203159040
1324730275616706561
1333346353301364736
1325086300727177222
1325467075184373761
1327205364169908225
1325800356773834753
1331226747157753859
1322893283719348226
1331779323565633538
1333505390949117953
1330213145718173709
1328694369273208842
1332791526594842626
1330936286799159297
1326581606434238464
1336287217707266049
1337172011521617922
1338545824150777857
1343016687583571970
1336013364397543424
1339033546313371648
1334990394627600395
1338504818755858433
1335959047221071872
1338607884695785472
1336018653557481473
1339285439300202497
1339645310063304704
1340830941862883329
1337871103897731072
1339275113426870272
1341094366824247296
1338136598274174976
1341523802535178241
1340302883305099266
1336069982590001155
1343244023616647178
1338844191418421248
1336816292615999488
1334844965256646656
1336046067993993218
1338532475987963905
1344468813018927104
1333852961399840770
1341884269136932864
1336927135483641856
1337999115721052161
1334959631748108288
1337883747178442753
1334882881546629120
1338585838452699137
1339250867980152832
1336483632492503041
1337885861120270337
1335164361774686210
1341056865657106432
1341790880215252995
1340065596055183362
1337888606338375680
1334525833545977859
1338959225448509441
1339569257143808020
1344391781459365892
1336730410038906881
1334674704003633154
1334311723663286273
1335768265931546624
1337518059968487425
1337886096408018945
1337965393504206851
1338583320930750469
1342200193513619457
1335863959119933440
1335279045081239557
1338962092712398848
1343274240414400513
1334349628523819008
1341958999218954240
1334225015202570240
1339229824754331648
1339352927991812097
1343628450972766210
1340394001111916545
1338590411351150593
1335781076376010754
1337896736946335744
1344768625585115139
1336550137162772482
1337866335070597133
1341407759217160196
1335132870973730818
1341125908447584259
1333942079811149825
1340419526903652352
1341850577278365696
1333963381548732417
1337869095308578816
1335890655856513029
1334995128482738183
1343686224012341250
1344002906660491271
1339295145758343168
1258532047120822272
1258544745715884032
1256328816147881984
1259514833667526656
1265698816482848769
1256232424226394112
1259148641408868352
1263216692861132800
1263849785288581121
1260322733466025987
1261646376825389056
1262737229379563523
1266092997143388172
1267108628181520385
1262501903759482881
1263520153461014528
1259335661410115584
1265817438127603712
1259309567101603841
1259593869441679360
1261458168972029958
1259808808244830208
1259934274339377156
1266218254244237313
1261679614663024641
1258522201315086337
1259852364091179008
1262296542221873154
1264908024679890946
1258797637077102594
1260906478220775424
1259696758160048134
1263920764601774080
1258228365150105602
1265380138927128576
1257723786008440843
1258444512680181760
1266379793634910210
1262401961854332928
1266074632588800000
1256262126513147909
1260327505262600193
1256318610470920192
1256588026618281985
1257691478249353218
1258449537208774656
1260962472154009603
1261411710402871296
1259460289843662849
1261261703171444736
1261748631922708481
1262366100588724227
1264540465514381314
1265196035271524352
1259136017321332737
1259492884878782464
1258207032387174403
1260697908413751297
1262128067587301376
1265051516303323139
1257679074912342016
1261624584572264450
1266194558926405635
1259687581664645120
1259502927149887489
1260635701114212354
1262731428665667585
1266050882610835456
1258763144526213120
1257767247407448065
1256032003201302528
1259028038416658432
1262058712602226690
1256333435414605825
1262785255225937920
1256706017351483394
1260534680920772610
1259594190834536448
1263957062985281536
1258041190152318981
1258073469486600194
1258064529977741315
1260325064366592000
1266718705980813312
1258897327995203586
1266107928018370565
1260359804544888838
1260923255784984579
1263479252210446336
1265810953746231306
1255996631742324738
1259495082706821121
1261825969251323905
1263923445642993669
1258228084274315264
1260600479702228992
1265410367695532032
1266106979359117313
1259474039879471104
1264427006826909698
1263147078156460032
1256442828315594752
1265695525002784768
1259515961952161795
1260311041235226624
1260342910949691393
1262044793032581120
1262789637187072002
1266678972173004807
1256648419453566976
1258083384389070848
1259563279128485888
1264040804185710592
1266155711513260032
1258785255047065600
1259156447197310977
1263023893452914688
1263172107409797121
1258100370393329670
1260131484452761600
1265750576744169473
1256333672216530946
1260917196483592193
1262929714353770499
1266401302021431296
1260550401893511168
1261310810577612801
1257887854778175489
1260191497447550976
1262881252757114889
1256400751728963594
1265968541590831104
1256687308658683906
1257325507647070208
1258584813872840704
1259877090427432960
1261274855913205763
1259618458146230272
1261021509511831552
1266408475464216583
1257636157644562432
1260285685153619968
1261480383998287877
1263271922349092870
1265794638314643461
1261752061634457600
1263597877286191104
1258083806390575107
1259268175990009856
1264941544139886594
1258496806817878017
1256114612090658816
1257943911651213312
1258725567798677506
1262896458933690369
1266395045382348804
1261142103838519296
1259859754765225991
1261306455807922176
1261749642448044038
1259826620929642498
1262815753146904576
1263254555158069249
1267122466490421250
1260842312168398849
1261041429192699904
1262618265102188549
1259216409965592577
1259614020581105664
1259876391065190402
1261035491195072512
1260699555504496640
1262772163712618499
1260658157753298945
1260943034918862850
1260972262552895490
1266059961202868232
1258183672064364544
1262201489205932043
1262417669522968577
1263282119792562184
1258044002156384256
1260233443801251841
1262505824313913344
1259569669733625858
1260789948250128384
1266220001666764800
1259136040733794305
1260642590535401472
1261162591184801792
1260693469930151952
1265651570185732099
1266452084347502593
1258844897853034499
1262031396316631040
1263952908225314822
1260733635499622405
1266129667632893955
1264636178877296640
1266146275780710406
1258244446140928006
1260475958462763009
1266025232441147392
1258942275134119942
1261282982121426945
1256365381163397120
1257748532590637057
1264912387930566657
1260186414219739137
1262882415204282369
1263500550768742400
1266167230523273216
1256117956016320515
1257338041766686722
1258827924498608128
1265018674894843905
1257791807980810245
1260703362737221633
1258853682172526592
1259123387529641997
1265546207855812614
1266062190831951873
1259183559975276548
1266402441144262663
1259808598525456386
1259816316069916673
1266391223142625280
1258765106055467008
1264033508374306816
1266104928331862022
1258392488194105346
1260674923644751873
1264178036632629249
1260943226724286465
1260164539770961920
1260766242018922497
1256224352644841473
1259541517850554369
1259820183213846529
1261041493231443968
1263834789724987393
1259500950550720512
1259628700644945920
1259796225357946885
1257859493708382209
1257921839852138499
1262609206642958336
1261953318164877312
1262184831141638144
1264164235149488130
1266104988893351938
1257349862506614785
1259229191087763456
1262506506488025089
1259136004147089411
1257480527348674567
1260546832654090242
1262432458655404035
1265946427571789826
1257880258889633793
1259887032026857481
1256345161455591424
1261396537495543808
1266254073583382530
1260731689367678978
1256862276998529024
1257932150827102208
1258232345561313281
1258379189821911042
1263574221139017728
1257309549448462339
1261677848848478210
1261948162199228416
1257044810248134672
1256212796578189313
1259911097760374784
1262778572613140480
1262912435960385539
1257442684794535945
1258531193894494208
1258732023553896452
1256322021350207488
1258521051006242816
1262840883084492805
1256222365354164225
1258832315020718080
1263784438036455425
1262543590934208514
1264379171725180928
1266381976078094336
1260903456010715136
1261055482048978954
1265718938819674115
1266059623653675008
1260778037609627648
1260935473792299014
1262023842198847488
1264205723413688320
1259915137428926466
1264232691702149120
