1179438443136462849
1182550019691470848
1179745806368284672
1179780189062094848
1180146252333355009
1185507876456022018
1185294514677862401
1182358723316060161
1184129361202561024
1198061038819663872
1191383274138013699
1200448491828523010
1191468816972300289
1199290152864145410
1199723152688984065
1205409091536990208
1203845162113347586
1205504385578606592
1209190005610074112
1206724479633829888
1205526056926507008
1205924453227679745
1205512316155883521
1219340355503558656
1221880263736791040
1221879627322359808
1212463586305564674
1232070273429647362
1225871103006035968
1223954802046119936
1243432944129191936
1238970790445531138
1243622855931289600
1236085384557326336
1241908627205742592
1242028985296584704
1244751963935424513
1243007816245354497
1237162683142733825
1243867659634016256
1242060740711849984
1244633838669778945
1243364936647979010
1240118329890746372
1242217343641665537
1237873959711858694
1243296442942357505
1236090434662719488
1242952644760686593
1244630049657180162
1244647600894152705
1243296144450629633
1243441286490849281
1241184958569480193
1243766228646277120
1244709105522049029
1242583889236889605
1243681714477715456
1237898972116606976
1243682928154075137
1236061180835311617
1236118079022788611
1243655290068893701
1243956020784889856
1241997174080143363
1243623083715497988
1243564576454651904
1237248796641202178
1243641928861745159
1244594055343988738
1242002589782364160
1243992170060800001
1244665002017030150
1237126163241349120
1242809227023958017
1242972739947892736
1241975318732320769
1249952410220605441
1250894755782971395
1246152441466368005
1247962120328798214
1250062927677263874
1245113606628311049
1250092871203553280
1250188365355417607
1245113746906927104
1249118552113713152
1254132581177704451
1249910517818363904
1245847098798440448
1247808617090183172
1247881575171121152
1247884820304154630
1246648027986538496
1248914528961691648
1255046130557243392
1251063948645933056
1253022154658111489
1245113416139898885
1249124250826539008
1255093497838931969
1249729213944365058
1251209295011762178
1247886465582764038
1251354924312649731
1253794765818286080
1245611962311962624
1248913603887091712
1255877894796201986
1251128240284016640
1253079550826885121
1245212718996557827
1251147968758964224
1252714133746827264
1252991386556735488
1254827195190697986
1245795772286873601
1252830722789761024
1254494212277534729
1251480598222258180
1246095183202172928
1247972255679885314
1253772740936585223
1245172868868182016
1249843656401485830
1254117519398449152
1249873652239273984
1253377854378737664
1249161059505709058
1249689946883010560
1250889466895650821
1253820715998027776
1249930219995181057
1255575551764545537
1250646220495884288
1248670500643049473
1251344795068502016
1254976682617982976
1250756845104332801
1253423425026064394
1245841387519643649
1252890919621271555
1253381236061622272
1251611387165581316
1253032109033259008
1246368442816630784
1252895806736211968
1250506232059871235
1254816888787533826
1250660557570682880
1253765724167954435
1247768353227173889
1250583445002162177
1253378778283356162
1253379587150577664
1251438168479498240
1246574526059724800
1249405684455800833
1257723918506430467
1257767753009623040
1260978273741352960
1266429472464486400
1263651534044356615
1271597650442420229
1270037563353358336
1276642899082588162
1277943358766428161
1278068544606011396
1270029251316768769
1269226136413679617
1277254558566285313
1267520667974545415
1270050550592258049
1276309131998244865
1267819614366400517
1285377116624711681
1286753275014979585
1287086453709844480
1282732207631667200
1286401276457160706
1288068229143900161
1286758986658844675
1286908077980123136
1287714324929290248
1286936428354691072
1283946528642564097
1282129468069498880
1284284848228708353
1286017859366400001
1286913805814038533
1283723685275275270
1282164540847935490
1284130517663744000
1280431737630318592
1286893857049923584
1286617822400065542
1284083475952422912
1287803255473528843
1280726693938946054
1297915044911513600
1299016321703784450
1298674712806031361
1298980378615533576
1298879790146088960
1292154562258841605
1291546288727654400
1296438877855592448
1298963550334078979
1296514766693957632
1299172440011083776
1298689974917898240
1298998028439818240
1297916063246671875
1298670956660109312
1299301945526677504
1299468039948316678
1300523542052835328
1299341642885984258
1298672287953100801
1299488458226962433
1299551791575638017
1299267177955164160
1292177770517233664
1298685966232805378
1294061856106196995
1299614363523969024
1292255689306382337
1298745960714174466
1299608433461690369
1298706379394473990
1308797020690354177
1301777097908719618
1309329976752304128
1302615657213820932
1300644303828594689
1308395508839452672
1308711635306119168
1308740053393342464
1308872456472584193
1308924262598799362
1301832056507432960
1300938764840173568
1308966400392941574
1308300115417858048
1308873247107280896
1310882301513998336
1308783477026889730
1301687835314053120
1317139444802125824
1315004867224784896
1311977982819434496
1322485010167963648
1313146849491066890
1313075682487021568
1313522616934830084
1316988613486403584
1311445542761828353
1312165574227628033
1311747157993623553
1323253476005187586
1331744079072391172
1324477595430342660
1327447778038063106
1327489511815786498
1332740551821635591
1330908576546754560
1331809744881856514
1329206411675496450
1325078736648232960
1324631481684238337
1325085751852326912
1332397694640218114
1332018470217789447
1325599180476313601
1327574484983947265
1324160456290902017
1329783494193635333
1344190399284391936
1334447447121268737
1336595362883248128
1340359732888961024
1335239381649661954
1338966370919337985
1344046043797860353
1257723918506430467
1257767753009623040
1260978273741352960
1266429472464486400
1263651534044356615
1257319157504172041
1267057319520632833
1266142917246300160
1262822065238872064
1263014819109769219
1264338627850637312
1261259806502989825
1261027073084268546
1262173212932296705
1264124944381882368
1261609230022426624
1257705783464083459
1257641465519525893
1260360641354838017
1263589092207419394
1265707606678487040
1257304700417740806
1263233130011545606
1263476106365227008
1266365320098279425
1262682288208457728
1264301677554909184
1265684461926191115
