1203368575748190208
1208280038778560512
1209200252865171456
1241145008302034945
1237195973199368192
1239740992988893186
1249696370656571392
1255632463084257285
1272836048029171712
1267757601552502784
1278109563992936451
1282328361960955906
1278899769881100288
1299061283237625856
1302372693866688512
1322553813505626112
1314206414559047681
1329514835760050176
1331994864653795328
1335747739150381057
1333855962545971201
1266361161362092032
1262383444002254848
1264676801357524992
1261709499049684992
1261467907650813953
1258917350876864518
1262701032527802370
1258593719336534016
1256055241704964096
1261831049950244865
1267031064150708231
