1181583813928992773
1183046570339516416
1180214415590862849
1182370606613966850
1187296771287859200
1189378588157644800
1180242442479685632
1179923967961976832
1186715055645167616
1178794254849773569
1180243817678725121
1178980219102867461
1187066897310851079
1182678329301880832
1188472167958110209
1183770840908869634
1185346926729990144
1185561201088106496
1188570658470596613
1188485605593931782
1189650496522522624
1183817180120539136
1181952711350247424
1183766083158839297
1180976071858180096
1188887716202717186
1188302669519216648
1180952769693274112
1183341509241909248
1185640376511668226
1187542204417478659
1189901750872006663
1181642237526118400
1183005840732762113
1186534061537480704
1180289506232147968
1181231148049022977
1183900760053972992
1178927821227511808
1179059080473657345
1179917685364121602
1181254836773380096
1190015271395835925
1186454029708214272
1180174081699799045
1180833853444894720
1184966167775059968
1179822596310933504
1179917509216092161
1181538334889385989
1189979413829627909
1179011342684082176
1183611815546249217
1187756457565020161
1187935126845566976
1180860200011612160
1183092305269608449
1189890951914950656
1182249532387729408
1185199001961820165
1186281609101828097
1186234982467100672
1182771376832372736
1182992443748179973
1184980806516826113
1191309369327140864
1193483757585604608
1198668405294764032
1198810097176190977
1199220868544684032
1196233472001675266
1197303431976964096
1200887279058903045
1196653797571022849
1198088186263674881
1190049954989039617
1190295702007697414
1194324305468891141
1196538119576858625
1190997020758171648
1197566029775245312
1190755016149217280
1190981047196016640
1193942913673117697
1193746462091436033
1195062282394451970
1195547109111554051
1199912157309276160
1199105141388926976
1197989301683970048
1195123178219220994
1197742794309324802
1191377934000496641
1200495627471183872
1196856067503857664
1192490281687568384
1193159514188636171
1194542158080024576
1192524626527567872
1192852503697616898
1198087101188919297
1197472609618857985
1193592561266495488
1193943676331929601
1194293360518934528
1194570836570779651
1195390211271909377
1193684229969891328
1194810478838603778
1197606646605697024
1192582533512417281
1197185608193658880
1197926533580636161
1200561932220207109
1196183888361639936
1199062358167113730
1195451130865766401
1200256255555715072
1190747916299833344
1199558707006361600
1195735411202629633
1194817772976517120
1198542691715473408
1190993059300950016
1196504791007973377
1197855627198025729
1201626013811249153
1206258183947407364
1203746252002869248
1204014832418217984
1204455353645228032
1201690117951414274
1208759951784583168
1208922765547298817
1208866815197138947
1202609843078598656
1203681685235290112
1207742793524940801
1211518038480171008
1206770794011004928
1210210850902028292
1205895700472463361
1209082112147705856
1210045725138046976
1201899407559389185
1203741453522030592
1207000549561815040
1206770994670645248
1204257102908317702
1201931983594672129
1202375360538718210
1201498015019618304
1203409604610338816
1204532527664451585
1202501072213835780
1207108051867783175
1211253267637981186
1203315115333967872
1201478675096571905
1201500966677352449
1201594678371606531
1206990072202977280
1211680728645328898
1211982341851222017
1201860996240936960
1211268388133199872
1201696075238846464
1203839001523892226
1205883184476565506
1201486784879833088
1204403548638855168
1206017847647977473
1206827818082086913
1201571928768729095
1202027678339076097
1203770539510091776
1205326134667304961
1203749352704860160
1204463733130420226
1211792842642857985
1211340880176660480
1202132314773315585
1206241327580504065
1206781641047150594
1207990590786420738
1208811190849286146
1206268110854115328
1207745042728849408
1202622923720314887
1203364645865771009
1206194695749210113
1202235354021015552
1205214509276811266
1208452715585687552
1209870279008292864
1204126820368572416
1205597991089901568
1208401946241056768
1206129422698516481
1204448747587067905
1201642313732284417
1201720666170494977
1203838052759683073
1212992028969074688
1214163439616172034
1215996117290188800
1215694410643456000
1221928898025394176
1222970164943228928
1214040165426987008
1214538901106368512
1222873858480443393
1213471370077597702
1215249666280914950
1221553203197530113
1214520630470696960
1214565575692714003
1212795487960604672
1214544404091940864
1215986741049528321
1219859290091139072
1220564362466930689
1213488638761357314
1214909296695238656
1215307841852059648
1212983342607585280
1219295788599324672
1214580038567387136
1213297597416267776
1214144107792228353
1218178403465154569
1219439258823471104
1219608240041926656
1216931884703326209
1217157845239549952
1214206598090051584
1217212325134053378
1214317299580186624
1215681553092751361
1215714392223797248
1216821379586306050
1218885279483932672
1220881826916585474
1222503241243660291
1212787749184589825
1213546101250428933
1213602510910447624
1216724529675952128
1215193933707468800
1212569252982591489
1213118191293075456
1214664054272413702
1212974576444964865
1216819757460205574
1215093028240732161
1216192618377252864
1215693495261978624
1216707452789575680
1221804245688766464
1212839500990361602
1214268885177901056
1216766362384814087
1213631865044832256
1215050406147043331
1222902224000413698
1214329691877912576
1217618581166252032
1219861116098174976
1214763742082273286
1215617666628476928
1213080255864422401
1214913217325150210
1221282982842912768
1222755082858565632
1214173445782675457
1214273153905709057
1214359158943817729
1215007178110709760
1214785553557639169
1216143432713785345
1216358587347406853
1220384058775101442
1213844309641957376
1219276870367219712
1216839086536871936
1218003915041492997
1216697927583830023
1219327492202336257
1213114263616786434
1214423543963930624
1213253082450022400
1217860350160314370
1217084432689061894
1212536209215574016
1213107418433048576
1213153723561783303
1231246770476343304
1232031820126003205
1224377631820451846
1224303426416398336
1227982012889403401
1233462728083353600
1232713435068035072
1232726565009666051
1233447148253057025
1226408252356751365
1233456057050992640
1232856093312868352
1233189825320280064
1233597273604546561
1227390221727170560
1228182976980119552
1233438665696849920
1233536950470135810
1223468868338888706
1231586324114821120
1233514233003986949
1227852681412141058
1228513065446100992
1233720417690492929
1223761504245252097
1232026837544505345
1233195468496072706
1231742035620659200
1233599126832648192
1230959107500277760
1228049557423943680
1233815343065419776
1233862559846957056
1228000402383175681
1231850184268640257
1233451325867909120
1223717552263696386
1223821960242778116
1224454346860986369
1226677183755759618
1233184779996192773
1224342341563101186
1226196304042151936
1230253487260389378
1227567474561994755
1228549381957152769
1233438914599243776
1224714523799670787
1227756918539575296
1231457111546245120
1231745372755841024
1233338266293874690
1231355437968240641
1231685971076427777
1232787267736879113
1233566563690676224
1228401819380043778
1230912854280298501
1233070425946644480
1233531791497146369
1233636600795533314
1231711764804489216
1233800393303449600
1231294253260627968
1233356415043014656
1228646278759776259
1233715338426101760
1230854461163094016
1233176148051255296
1233715418335862786
1225206623636901888
1232742951966527488
1233417780327636992
1231730243037089793
1232699492316545025
1227760829581451265
1232296746216235008
1226978174736764928
1232020726372282369
1224418997531181059
1226319807118749696
1226746011617517568
1228071852062408705
1232408565261799424
1233161566826090496
1232708431615840257
1232716016125448193
1233569116608438275
1225560751999528962
1226000982577963008
1226935946471510022
1233420582785617923
1227369846129561603
1228163514373509120
1231852639618359297
1233285707491368960
1233469195695935491
1226087765927919616
1228134398618406912
1236414411797037056
1236485810456793090
1238580668172550145
1238836174929694720
1240986906822881281
1241403015313215490
1241484836415643652
1242170904978829314
1243107043029942273
1243364587757428737
1244554734691708928
1234685475513745408
1238190701374058498
1239739824715808768
1240019029219258368
1240324926168616968
1241968011294027777
1242674842329067520
1242885953456242688
1243549897120337921
1243597693286563852
1243709853144625158
1243999872484868099
1237181041514700800
1238082010746413056
1238357229188739072
1239145832575877123
1240442198858108930
1241427942128988160
1241498092685451264
1241694993384964096
1241770754041053185
1241777373739126786
1241849832689598464
1242204693599678464
1243613048138588161
1244401479949025280
1244728384594350082
1244763999176024065
1234965810986221571
1237338667649302530
1239695441186312193
1241711820957761538
1241906344367661056
1241940487096819713
1243008603671465987
1243305622902386699
1244078838650245126
1244615870623686658
1244804436582678529
1245066295281934339
1239296721202618370
1239553774189973505
1239577750706335751
1240201645021159424
1241049976781901826
1241059691150467073
1241431628863475714
1242076246437236736
1245078647507021824
1236430844069216256
1236822316182573057
1237136379869638657
1238600016475893768
1238884072786743297
1238927918799224834
1239677707178426368
1239733061580992514
1240288197504045057
1241431896237715459
1241456103394873346
1242816471572545536
1242858947180191745
1243939029478977536
1244277996791398400
1244550630766776320
1245063984220442624
1245092652216979457
1234835586327904258
1236245626121261056
1239881207925690368
1240701073397960705
1241220107487059969
1242157779525275648
1242489683998904320
1243426490160533505
1245095369404485633
1234852035851423749
1235526855219908609
1236880610737762304
1237066314730045440
1238123068821770241
1239635305801678849
1241040367287447552
1241316236937527297
1241347407255871489
1241824500934684674
1241942843951808513
1243770490214383624
1244004115644059648
1244443122492416001
1245076453621927936
1234632138496053249
1242131578806992900
1242476785603883009
1242885012132966401
1243268318397677570
1244882295330308096
1234670420432842752
1236749078459035649
1237120678148661250
1238108988522278914
1238471402325446657
1238891961005887488
1239812619118284800
1240248673768013824
1242899728528019456
1243885930030739456
1244707776921841666
1245091090132164608
1236037229627072512
1236826277836992512
1236850060576436225
1237166071775465472
1237393675920887809
1239317758384496641
1239926251210579968
1240018428766949376
1240041288386457600
1240083143329083392
1240519984301756417
1240731939008663553
1241661361727442945
1243384126033428481
1244105187293310978
1244303754020732929
1244757014724689921
1245016299178205184
1245091549165129728
1235550466811064320
1236339068205707264
1236406647146323969
1238937244838146050
1240083368282333185
1240309098903724038
1240309098903724038
1241597965233504257
1242710992229822466
1243265629324562433
1244015932504035330
1244088460379643904
1244656096528101376
1244676391335071745
1235584496549998594
1237898880005505024
1238155971626766336
1239040014547218433
1239992926916218880
1239997795416731648
1241355674195570688
1241787303120351232
1241801488940359684
1243417378156769281
1243672639970951168
1243932868482600960
1243983472756228097
1244293981296406528
1244383768770740224
1235736707737120768
1236778266679291907
1238919185750769670
1239666741250330624
1240155571380199430
1240264511753519107
1240713744386158594
1242160285282177024
1242318262790209536
1242374311282905088
1244663896893513729
1244787766275211264
1236853263682678784
1238481156594708481
1238617724827217920
1238977728675819520
1239505180313505792
1242085571478130689
1242948075280351233
1243401403235569665
1243936676927471617
1243967075279872002
1244137638610653184
1244770767751036929
1245063345977393154
1238120129998831616
1239237664961974274
1239244605490704385
1239524789200486400
1240168867529478147
1240810095937826818
1241804378442473475
1234942877702160390
1235281047807459337
1236816673933602816
1237140413917659141
1238678630340808705
1239222173803438081
1239645229164015616
1241352687788208128
1241814811576598529
1243241972443369472
1243640899353161730
1244742595680632834
1245081561311166466
1236341483894190080
1237425439406080000
1239072153984569345
1240342414247657473
1240343792043143170
1240352411128156161
1240466108475465728
1241094717183590400
1241417464677912578
1241863210145325057
1242299676164005888
1243792750673190912
1236826232722948097
1239238855343124482
1239852775414149122
1240707330271936512
1241766467319681030
1244023427696033793
1244502788719046658
1244753074117177349
1236744502317961216
1238859238308483074
1239609604583108609
1240162751235883008
1240617943467266051
1243226632665604099
1243343815739670529
1243637308496240648
1243992973877989377
1244960082892374018
1235546361845526528
1238112503038607366
1238140274146246657
1239028527556632579
1240278713666867207
1240700840597307392
1242505261438418944
1242777585194610688
1242881956259323904
1242901417834221569
1243675438091833354
1244340689078571008
1244363099232231425
1245067408747851776
1237241113167237120
1238837847744020480
1238918455262396419
1241621611209465856
1241640452593340416
1242372868417126402
1244242684044365825
1244586072627195904
1244734546790277121
1235263785184759809
1238590182368129034
1238694305683947522
1239807778920763394
1240590949060935681
1240953340089044993
1241743239498960898
1243492787577905153
1244478841055096838
1235368141598928896
1237881814158467077
1238201633114333189
1238310242364133376
1239260363498991616
1240311533307133952
1241749998334853123
1241889082063704065
1242089287337881603
1242190424602746888
1242263636153942016
1243598352790495233
1244425816638984195
1244722798561562625
1234622633481768960
1237082301143691264
1238168418387460100
1238634719312580608
1238750313722626049
1238774897700151296
1241376919490383872
1241617465886425089
1242573186073530370
1243190700658888706
1243846012831178752
1243919333488766976
1244267592946266112
1236526105122619392
1236814085334929408
1238632589449138178
1239683892518551554
1240365994616524814
1241240074806689792
1241553339189473288
1244027588483350529
1244444565181874176
1233921833868627973
1238608061322928129
1239729437672984576
1241725663926800386
1242513680752934920
1244067299100897280
1244358368065654784
1244457824513556481
1244677286193848320
1245076688255533063
1236380982455959555
1236838426252468224
1239302771490402307
1239767923549327362
1240261986828587014
1240405801879113729
1240462011655487488
1242140072012476421
1242190097417723906
1242530515489521670
1243340189025677312
1243716747204665344
1243852075001315328
1244656146843140096
1245054730725818369
1234595723527806976
1235200252057202689
1236262796268011522
1237490941856026624
1238182402201182208
1240098293193084930
1241804657665564672
1241827489376284674
1243221648771252224
1244267757308383232
1235639731242913793
1240365343488397312
1240515969694515200
1241328245397770241
1241491469799534592
1241770521076867073
1241910475790725123
1242439113279713281
1242506922558992384
1243687754384445441
1244106906949390337
1235396096693653504
1235572317729820672
1236390941981802496
1237121608222773249
1240107709367640064
1240393706391384064
1241329047130517504
1241374648211734528
1241729822914682881
1242065904831205386
1242955629230206979
1243295153948893184
1244637705625047042
1245035528543784960
1235650904860299265
1237110273275842571
1238183022945374211
1238660761557315585
1238889926781001728
1239683840760668160
1240706136266833925
1241573589276475392
1242504275990925312
1243660998864756736
1244317481973329921
1244985290663616514
1236122023807549440
1237215772591652864
1237556456875933697
1238330048433631232
1239713056768372739
1240437590270107649
1241065212570189825
1241107131044171777
1241595012858740737
1241804183721799680
1242686482277638144
1243261020677734402
1238221564417630210
1239020204396630020
1239718477981790209
1240746076375855107
1241160298993778689
1241849431881809924
1241977467197370368
1242225480599822337
1242539193563111424
1242701047337975808
1242931285896593412
1243282490539851776
1243339393072537613
1243680560159043586
1244763589468184576
1245067465475805184
1245096573941559296
1236876199483170817
1238183786338226176
1239887980736757760
1239952620820676609
1240417731196977152
1240648582509846528
1240789077495963648
1240793674314846208
1241369943247073280
1241547894710288389
1241673830847975424
1242383926947176449
1242568138459353088
1243138158134345728
1244719256593448960
1238193747814420480
1239621470499807233
1239898610734632965
1239905359365582849
1240369166714056704
1241105967502299137
1241816754046873603
1241847527659446283
1242541055356088320
1242754140947824640
1234070463615205376
1235348873947820032
1236772486475321344
1237476324677160973
1238036887375433736
1238581427333103618
1238586720544792581
1239000060798455808
1239729245812928513
1240801334842048519
1241441128672456706
1241793786419666944
1242187652163448841
1242229431013269509
1242649524700659713
1242857016957304832
1242917784025210880
1243595347261296640
1243675317253877761
1243923481634451458
1235691300969574400
1236739619863105536
1238006149162700800
1238189884441071618
1238412091142389761
1238986298737725441
1239400067829809152
1239570896941023232
1239912094503522306
1240495563830894593
1242198549510660102
1242941783824388099
1243267673955258368
1243350048848650245
1243964133378310145
1244722406230577154
1244728070767955969
1244762601294356484
1238166378168934407
1238224701761208328
1238922944342118404
1239177900336787457
1239659652855599109
1240336261208059904
1241092750084313089
1241956444053762048
1242429300105777153
1242821864696791041
1243318144170463232
1244788591018024966
1235454666160275456
1236455123842465793
1239994761223630849
1240327680265981954
1241423424783896578
1242999922951102465
1243766269125459970
1244304530432389120
1244648831993724928
1234508858229284864
1234541066323255298
1238249500579373056
1239260103464886279
1239660912723853314
1239818545661227009
1242059407548178433
1243963944777199617
1244229351907954688
1245029941781004288
1235886096279625728
1238204783003082753
1238999973032648704
1239646369746505734
1239649288738742272
1240279385565016064
1240689657941114880
1242174885859856384
1243298533224005632
1244422691609874432
1244635698423971840
1244796955961720834
1245050805708705793
1235403412034007040
1237174634077917187
1238169580406743051
1240080886902722561
1240412781721071616
1241864879318790144
1242518967958323206
1242986218276761601
1243221121287290880
1243314019617947649
1243620828757008385
1244090448395853824
1244249592985718784
1244299522127417346
1244319796788854784
1244896208843390978
1245043948365717505
1238128983574708224
1238800152242073600
1240799928059867136
1241243139593175040
1241366147372666881
1241889911193702402
1242197122906234881
1242784127495086080
1242847458125897739
1243517802943787010
1243691914131582976
1244237899253477377
1244278639639789574
1244423353642835968
1235519447009579008
1236595063662280704
1240015631837278209
1240400449729159170
1240526175082033154
1241458308839424005
1241477134704619521
1241698503493136385
1242188017063940096
1243447270621790213
1243474930198614016
1244267561367351297
1244304731289391107
1236686004582481921
1236819589222273026
1238306752636039169
1238989675722706949
1239971988518522880
1240041615525392387
1240470222362095629
1241155193317789698
1242297083450634242
1242480523638984704
1242966221466808324
1243385769902747649
1244624446855491584
1244819364001480704
1245063997226979328
1233989806981603328
1235335178618392576
1236735705566580736
1236849191365652480
1238006144997756928
1238949292943032322
1239198191091884032
1241154083379130373
1241666164243058688
1242398742847934464
1242832723519180801
1243217745346519041
1244236387299270657
1244430464351375360
1236765700540137472
1236874722018594818
1238582235273539592
1238811753355542528
1241734747312832513
1243091386255245312
1243408647591301121
1243486275765702656
1243506661882499073
1244428525383438336
1244612573435252736
1245034726953562112
1245098486472691712
1235700833871773697
1237003874080342016
1237187157397250049
1237924539486605313
1238007403255300097
1239145656419323904
1239179669301276672
1240660392814227457
1240743675069640706
1241134364760723456
1241701858537811971
1242842458494578688
1242918509610500097
1244251031636074497
1244418203989749761
1244780019030859776
1234641352685768704
1236804578823360518
1239288432477851651
1239356217350189056
1239591995376578560
1239854321065439232
1240311077780537345
1240637268093788161
1241097636326723585
1241519788935045125
1241724296474636288
1243495025088086016
1243983526783041536
1244129514051047424
1244331902108123143
1244470666369228800
1245350249629208577
1246384308245364736
1247917047142629386
1249795662452895744
1249813601457750017
1249858660865650688
1250053137399980033
1250205880546512896
1250815816171282432
1251202561123717120
1251918806584365056
1253471698634104832
1255342759961034757
1255848217306152960
1255959884228681732
1245608664926269442
1246277736064339970
1246422268152090624
1246841144383700992
1246994231681482752
1247491945158430720
1247869102502313990
1248126487368208385
1248463573874925570
1248483414740619268
1248844677136232448
1248947515631828996
1250335115613327361
1251103935999377408
1251191968031559680
1252549326997532679
1253103118620991488
1253902592771579907
1254448110614519808
1245138891427983361
1245747227273953285
1245928499874942978
1246048206699376640
1247252186532380673
1248110439348740097
1248517804816510976
1248627801693073408
1248633091779891203
1249948535644094464
1251171170080174085
1251172160791552002
1251273190527119360
1253717578712862722
1253858110114009088
1255113167505469442
1245903470944825348
1247134237549113344
1247521628248047616
1247674095845683201
1248572490139553798
1248756726926639104
1249872515658321920
1250580416697860107
1251086316881707008
1251576895281311744
1251996875114401794
1252687788178386944
1252811871062654977
1253558675006001154
1253679595381014528
1254958774001053698
1255272701213761536
1255901124084801537
1245493607643131909
1246227475128033280
1247171354287374337
1247845844545687553
1247886960527458304
1248433203200708611
1249184520471011328
1249711130441850880
1250473739906682883
1250512544856506370
1250797604570447872
1250887632684343296
1250931161200758785
1251005505482391554
1251259993090899969
1251531988705648640
1251934224782770179
1252349528000192512
1253012225377345537
1253012225377345537
1253698315524456457
1254342464145633282
1245331329123827712
1245714017177554944
1246048261531721728
1246092877266108421
1246515896929128451
1247581293476487170
1248345758631374849
1248614975830028288
1249889530078875648
1250154912945766401
1251187172205527042
1251206581586481157
1252020119737425924
1252327679002587136
1252373498447540224
1253285587559182336
1254115543906304001
1254838167305367553
1245369514067472384
1246053519775408129
1247350884822114304
1247483910675709958
1247999415362584576
1248317560329654274
1248614224063942656
1250250258354827264
1250917272262246403
1252406021076611074
1253484720245084169
1253950175065890816
1245188436828569602
1246198941894524928
1246429859309633536
1246747727075192832
1246831672181411840
1248395943478562819
1249209315849916416
1250561894680801282
1250954878211559426
1251867866099564544
1251891608468901889
1253019740043456514
1253048373650829312
1253491259500527624
1253885595371405313
1254151774275096576
1254807498613297154
1254838575905923073
1255085941292662784
1255198391568445440
1246562591280939014
1247010472605466624
1247556266983075841
1248055391184969730
1248408670007779328
1249028637640310786
1249846895897239553
1250496555817283590
1250613171347390464
1251582327630725121
1252088580618551297
1252401891733958658
1252458286516973568
1252769340559986688
1252994115270311938
1253308425594904577
1253558081771855873
1253813285209726977
1254120660961505286
1254432138348249088
1254494449381584899
1247369035265855490
1248414423007375360
1249178592229163009
1250375286228766721
1250620489757753344
1251165926126497797
1252764361460011009
1253519533459070976
1253894290847272964
1254772100545384451
1254993768241074176
1255100009961398272
1255128129108148224
1246981613520551936
1247002989350584321
1247203142082707461
1247409505731821570
1250921172092497923
1250922332165636096
1251365401503518726
1251560541677670400
1251591210440945664
1253047753803997185
1255118582335385600
1255407596678381569
1246196026979102724
1246940824996282369
1247312500586156037
1249149889960951809
1249393042932588545
1249442478677282816
1251228206004236288
1251275165423427584
1252262752049147915
1252346475264094208
1252788912247971841
1253689931085557760
1254743752104706048
1255014488098701313
1245124109555679245
1245236096629342209
1245887735568781318
1246912766310600704
1247185436847505409
1247888378177015808
1247952408430297095
1248403179785469957
1248424504600059906
1249750694703378433
1250570143845044224
1251212770961436680
1252661945980850176
1252801003352662016
1253000140060872710
1253367175483703303
1253479643316989953
1253718276212789248
1254179876132642816
1254408058345852940
1254525662930575369
1254576593261023233
1254629422499540993
1254842972727902208
1254993960487063553
1255303517574770689
1245432290236338179
1245603631857938432
1245936808174727169
1246064951720017922
1246532542397898754
1246874045494280198
1247303708976631814
1248396613250252801
1248627686202912769
1249025862185385984
1249066226413973508
1249206181454909441
1249717043777003521
1250083406714679296
1250140030603010051
1250814676071591937
1251636879499431936
1253305261722415104
1253724830278586368
1253763533696716801
1254440705033830401
1254772876294537218
1255951459922980866
1246470066629152772
1247952990583078914
1249785822586568706
1249792037903372290
1250160147466522625
1251278022147178500
1252512837408296961
1254762796287393792
1255201510138535943
1245203226581970951
1245374852011151361
1246078987341713410
1246967494830624768
1247031393814642688
1248582584403210241
1250052497823039493
1251742920664899584
1252096566103543808
1252560589588553728
1253370438392016896
1253520268099612672
1254415004608139265
1255794504382033920
1245951704471830529
1246053028542795776
1246534377150001158
1247926331964350471
1248406220479672322
1248703172077481986
1249301946718130176
1251466978688188418
1251877912086745088
1251977362843017218
1252112243640225795
1252967776819515392
1254751475869396993
1254791548254007296
1245381968289771520
1245564521051119617
1246393644917161984
1246870958276661248
1247702809589547008
1247866767835308038
1248444584843022337
1248667657034960899
1249040170437009410
1249525449639620614
1249710862350385152
1250902812927590400
1251018009658798080
1252171383330742279
1252219596846833664
1252305002271514628
1252407148828487689
1252827383754678273
1253150439173996545
1253256844023341056
1254676095841873925
1254932225226932227
1254984112944881665
1255243588990107649
1255578659731144706
1255694061438189570
1255867001349656578
1246036700696109056
1246424700424785920
1248593738483580928
1249151374576754688
1249255439973453824
1249844458977443846
1250578910967926785
1251151508965490689
1251374625168261120
1252579293517033472
1252684803901718530
1253033166002151424
1253046061091950593
1253104162969133056
1253737028912627714
1253995368116883456
1254425926592421888
1254748697184702464
1254976992598020096
1255611751502143488
1246184756133482502
1246310743470833664
1246873016883187713
1247235801525542929
1247964514366246912
1248259737654886401
1249083654174838784
1249387321172070407
1250796100782452740
1251191014393602048
1251655936919339009
1252420575311478786
1252675805689319425
1253796158264074240
1254084022059372549
1245390104908218369
1246677381420666882
1249023663518687237
1249056194062430209
1249960381122072581
1250299058654072833
1250341568742973440
1250820024727670785
1251590453843156999
1252149225867087873
1252663521973809152
1252723173377871876
1253856779064217602
1254101097439952896
1254206468024344576
1254382549440266240
1254389476178251776
1255241043420893187
1255409507662008320
1255563518310600707
1245690692929835008
1246464313734434816
1246540655175839744
1248583596924981248
1249707160881238016
1251623614367105025
1252313155008712707
1252788088604168194
1254386764388728842
1255265844503994370
1255319491581444097
1255564067739185152
1245157459699826688
1245202548555948033
1245365422771318785
1246100912558477315
1246124333271003137
1246191904254881792
1246870580521041920
1247648589024649220
1247785739359674369
1248228892931956747
1248522808625250304
1249024392853626883
1249550173124075526
1250064727025356800
1251357591130832902
1252032933549838336
1252705793910157313
1252724073311997958
1253727853595840513
1253777525781790722
1254492381149310976
1254579127736131584
1254702696105312256
1255256511103803393
1255291253442387969
1245510281331179520
1246033409484509187
1248419895617835009
1248590021856317446
1249653455641346048
1249718146933633024
1249740532512894987
1250028680128212994
1250374384264470529
1250963335710793729
1251137470596435968
1251154210093035525
1252682956537311233
1253111817586565120
1253768171649069056
1254077040203935747
1254216884792238080
1254407758557908993
1254476987453845516
1254712010320875521
1254857222661824515
1255032091596783617
1255701225682632704
1246065496082067456
1246426904418189312
1246920809853202433
1248228871226433541
1248237579713089537
1248239948957986816
1248437612332724224
1249026715428556800
1250360903129800705
1251164033136222212
1251244429895258112
1252104273573425152
1252322499888627713
1254278245006090240
1254464099561476099
1245587224881541124
1246550927890415617
1246639993948233728
1246646501754966017
1247360921208578049
1247544163056455680
1248101715343224833
1248404123969417216
1248896126838886400
1249023343958900736
1249200988671664131
1249360441203097603
1249494992978141184
1249780028994396162
1249955569739407360
1252001897239756801
1252771944765612032
1253113635464835073
1253508174008799232
1254979771848552453
1246115752052129792
1246907164540784647
1247086989280792577
1247241351596519424
1248149597941198849
1250465743671570435
1251147219383676928
1251428192965066754
1253911189031022597
1253960931765366784
1254439902839574529
1254796200399851521
1246627345139666944
1247149555734413319
1253680280008785920
1253771300977475585
1255569888963428357
1245819597154025472
1246418237752999936
1247597851338772480
1248008927259680769
1248243905507676165
1248488674687242242
1249875148691341312
1250096935110934528
1251150438147084289
1251641939763609603
1252344197031399433
1253362331511373826
1253831863476477954
1254096459806281728
1254683633014669312
1254953385494642689
1255107153658077189
1255153564525064192
1255668521167716352
1245120962770669568
1245430658647744514
1245911482224783371
1245966514550976513
1246065911146168320
1246486381733523457
1246935973402775552
1247248732804046860
1247291982369742848
1248324078018146304
1248469167650422784
1248604620491980800
1250028910106095616
1250613476210376709
1253412402395144196
1253733104444825600
1254422370841792513
1254462836501295106
1255235346545197058
1245137685712429059
1245387641857740801
1245860994716291074
1246041315760013313
1247172545666744321
1247253951940038657
1247954593645867008
1248372672569823237
1249159128074924036
1249684035208531970
1249785052164009985
1252070239464022017
1252175500816023555
1254389476605988864
1254843383241216002
1255473218556694529
1246659256218198016
1246911523475337218
1247524907165945856
1248733566479065088
1249693702152507393
1250560465312329732
1253368324462989328
1253730716518662144
1253907539952984069
1253930923218874368
1254630085941960704
1254775089825935361
1254970326452178950
1245159199111249920
1245177471823200256
1246037771690692610
1246183170153865217
1247011444606017540
1247609491564253193
1248477264179691520
1248507838697295872
1249033907724582913
1249116583651430400
1249174355994710019
1249849553215512584
1251010770202177536
1251976337876795393
1252812385670230020
1254402401202774017
1254450746206097412
1254587629607063552
1254588640417714176
1255559466180886529
1245584826712768512
1246117230691024896
1248090682058854400
1248354889652027392
1248428814922690563
1248640236529352709
1248653216096681985
1248703339828850690
1249068454025576455
1249090467943387136
1249723590498570243
1250845731604369408
1251180495779618822
1251609690527502336
1251948433805639681
1252199689321152512
1253571106373545989
1254459045555179526
1254900780500484096
1255620922591019016
1245652331506462727
1245682967000813568
1245898197697998850
1246884769314398208
1246889416603418626
1247205131810156545
1248044084670771200
1248965743896596492
1252121517229592577
1252448081578086400
1252759441507643392
1253121177201016832
1254375045478207489
1254549388459991041
1254745897440862209
1254804538038632450
1255097487104376833
1255357842221121538
1245492103301541900
1245870012448952321
1246050555819986945
1246412129965572101
1246764175289958400
1247110024591224832
1247526137137221633
1248071160077615109
1248370391778643973
1248455283078094848
1248959404977856512
1249566135625879562
1249714782896340993
1250953982404702210
1251156256921800709
1251501222114271234
1253910445485850624
1254586799118258177
1255587124117733378
1245390251561848838
1245426013099544576
1245894790090276868
1246443358253449217
1248007769036218368
1248064126187966464
1248228502979203072
1248728887338635264
1249382226208448512
1249404845582401536
1250173256331603968
1251193163793956864
1252694710835122177
1253048672339795968
1253332056295133185
1253462171008356355
1253472108287533057
1254471166367895552
1254514241719033856
1254519413442781185
1254945671590719488
1255116191590486016
1255944801758916611
1246456031741444097
1246467799003922432
1248431528893280257
1248654652381564929
1249516346796388358
1249736103348916225
1249764419061645319
1250300258170449920
1250975180429701120
1252284856035430402
1253379560361639939
1253550671028088832
1253700225572560897
1254084845774557185
1255142555303337989
1245174478944043008
1246576622175748103
1246946774750617601
1248094726277996547
1249290355306102786
1250495083604033545
1252176139650584576
1253344483560894464
1253477968883724294
1254247213527707648
1254771505847623680
1254820845471641601
1245663864013893634
1247311655752445952
1248589671485095936
1250788842115870720
1250868631023558658
1252333040187080704
1253528941639450625
1254023600425832449
1254450591591350272
1254835488239677440
1245495060776407040
1246652940183535616
1247725500765700102
1248257361707401216
1248330778691452928
1248365845333581824
1248383774800281601
1248601740175425538
1250029627835174913
1250532674411741185
1250650604059279361
1250745789724401665
1250791318919319552
1250900203969736704
1251014034352193537
1251626660664881153
1252419727508385792
1252683352659955713
1253516492425093127
1254078973778198528
1254402280033583104
1254514332693606401
1255467984321200134
1247892345472700416
1248418942902665218
1248697392314175488
1249048729107210241
1249325776736002048
1249510257845579776
1249517101942886400
1249621137274949632
1249670353259020288
1249710622922739712
1250796128314052608
1250954147022675970
1252842852528173056
1253660110074925057
1253868021573132290
1254109391709708288
1254168129237856257
1254261006538141696
1254350954415001601
1254982262715801601
1245373500069732352
1246816607634145281
1246893682202234881
1248625982950395908
1248804418360836096
1249777941501882370
1250090874345648128
1252613894981312518
1253747191417573378
1254570136293593088
1245453017337364486
1246484400205959168
1246977337863933953
1247636697267003397
1248396575820283906
1248596597887258624
1248839220338270208
1250771216518074368
1250980586640072706
1251431240038744069
1252662156983783424
1253886382910705666
1254487002847735809
1254712792898289671
1254803360596852742
1245447144129036288
1246000850926878720
1246796565504765953
1247974866331914240
1248249312108097536
1249133302042279937
1249145165073264641
1249784121158709248
1252952345975099392
1253634548329570305
1254134027348574209
1254872036943380480
1255479375274876928
1245347082002673664
1245442151854604288
1245884838869192709
1246047435228618753
1246640933438763009
1248338716197818368
1248464058145071105
1248959045576404997
1249739566531182592
1251025427713449984
1251522201830010881
1252789921179287552
1253430920251445253
1254237082211487744
1254251250302017536
1254486846043762688
1254510087772790788
1255271997376016384
1245406082039599105
1245416784490049537
1245716504118792196
1246451068516605964
1246479146580086785
1246498371054919680
1247353226841559042
1247570163484016642
1248316736941838337
1250782583396413442
1250868293516365825
1251178084063227907
1252183234529701888
1253410247953154049
1254274005445402624
1246813592965517318
1246922324047265795
1246922969567428608
1247165850043314176
1248388372885692422
1248464061274017793
1248651909289795584
1249485912372895748
1249558213307052032
1250207624366358530
1250499026258100226
1251195791726841856
1251201970762911747
1251800585432694784
1251967828086927360
1252688650065846280
1253840527557980160
1253943082820800513
1254438480136060931
1254560848598704130
1254964416480776200
1255125742029099009
1255631017731411969
1246050597763084288
1246096137297317889
1246303686244151298
1246312261163122688
1246476216594501633
1246804813263888386
1247217982419369985
1248411734139756544
1248506632520085505
1249084636040396800
1249341653632065539
1249673307680436226
1249999332855685120
1251199018782375938
1251474596802551813
1251579904262656001
1253397013468778500
1254080804382216195
1254676245440331776
1255300082292981761
1246746906723672064
1246772440283459585
1246810480703877123
1247219046346567685
1247531950438371328
1248694930014375938
1249065002050433026
1251199810536976384
1252317034072981506
1252837854431961089
1253479697247166465
1253724279440629760
1254231034058682369
1254382382016274433
1254548341536567298
1254562004246855681
1254727527131643907
1254889841747210241
1258069421991608327
1259143004452818949
1260639584020504576
1261998067190050816
1256097969109008385
1261444772239204352
1262398329620697089
1263736182568960001
1261159386719887362
1261349443636539392
1261861757271900161
1267174236759695360
1267195757569941504
1257025933686583296
1258716204669317129
1261669169281589248
1266408390412111872
1258434787842363392
1260201308067373057
1260386019968417792
1261960062228144128
1263182464698245125
1260278195179458566
1262954108488683520
1258835833563631618
1261667535067414528
1261701780779474945
1262502535555883008
1266492184045465600
1256903724259303430
1257324367509250049
1257392568763121664
1257627706948280321
1259349009132552192
1261271788488704000
1261292589036244992
1264027995569676288
1265061334829486082
1265842751679139840
1266701920376360960
1256399160917426176
1257163868775858178
1258566310268715016
1262005222253133826
1267191655725174790
1256269532928323589
1258582531731062784
1259462389793198084
1261747293918617600
1264299267881082881
1266948163795070976
1256488534304792576
1259883233120071680
1272977976427192320
1274460690640777218
1268519199862927366
1272152758179815425
1277989851468640258
1267628098058510337
1269418922689867778
1271107699959386113
1275023750979878912
1271185503124172801
1275086642764828672
1274712764200648704
1277014157146165253
1276622013872865283
1278043171046465542
1268987064651059200
1269326460281671680
1269411879040024585
1274045792987340800
1267630845252247553
1272647858026680329
1276597709579878400
1275168503708954630
1268254239505203202
1271382034573938689
1275588982630428672
1268395949426122752
1274511169194205184
1278019981280755712
1276572895368613890
1278006010070917120
1268576244096008193
1270075499759439877
1276717483832094720
1272067777877196800
1273759702598418435
1277064625943506944
1277264411389038592
1273398997055569925
1274482168572579840
1277990197557329920
1271543434873094145
1273981378271547398
1275137502299525121
1269630961060282368
1271562273392386050
1274771719362957314
1276329616916066306
1267860288335945729
1271390439652941825
1278016138451062786
1274311738406641665
1271979713465106432
1269504843720335360
1273322921843470337
1272170961920421888
1269841130448760832
1272259565619462151
1267775162495180801
1272580854028677121
1274281150249340928
1277022944921780224
1269652328799444993
1272534933857357824
1277839630029684736
1269252214423461888
1269895913440501760
1269944079648993280
1275689026960359426
1268634839047122944
1269226213530390528
1273471684629200896
1275827291432652801
1270185228909371392
1271967820314808321
1267800664442195968
1273747482900455426
1276442285442576384
1273393024995938310
1271814497070702593
1277814337164529665
1268316010207117312
1276662041806204928
1269052300745756674
1277325910535012354
1270607941507432448
1273008971415203843
1273455422859550728
1276650528479592448
1268581145744211968
1271251902995496960
1272535274489331715
1273988630747496449
1277634495412408323
1268003391931854855
1272039251933196288
1273092936570408960
1272106981172666368
1272542014769373186
1273929933627285509
1271846996710764548
1272689332189528065
1277594592515444736
1269944784275279872
1271248985873944577
1278004350237933569
1268221019069845510
1271985417336664064
1276637606835437568
1267612277290795008
1267747216434880513
1270581438870667264
1276555330114277377
1277562822080282624
1277148868421935104
1271273095244865536
1272521131304648707
1273671830730166274
1274074140228620289
1276339163428802561
1272738951237980169
1268167127955124230
1268697094262591490
1269370340787945472
1269959207081652226
1273440665343594501
1274458226441048070
1267909284131565568
1273311066068574215
1275398891400237062
1275486276100263948
1267982344142675974
1272996075692056580
1276869542564659200
1267783446677655558
1271370405744238592
1273351976324157440
1272183531708571648
1273419915760787457
1271295215039586305
1273971818085351429
1277659991084863489
1267263705453965312
1267327370173788160
1269340800028213253
1270659107796721665
1268043351095296000
1273717405534113792
1277106624755372032
1272736982771302408
1277643198354141184
1277921052149063681
1268641282169032705
1268531226220036098
1269360676973301760
1267855064603013127
1269328338046328834
1274795577063231491
1268174629279076353
1268238927279919104
1276885701699735554
1277449014905057281
1267442444284526592
1276500561123323905
1267552839058051081
1272896223545044992
1267359759205830661
1277076703458754561
1278052284690305030
1275444745754406913
1275975097547923462
1271520403920506882
1271693234419511296
1272323315575578624
1276647280372781056
1274138861782925313
1275486359428362240
1271039225270591488
1274416742803148807
1277717114812538880
1267488516780457984
1268479467908935680
1270115203028402176
1277945742116761600
1273833331281530880
1274030176108572672
1276526672335036416
1277585012750155776
1277628854052380672
1269351265483489281
1273842949428658177
1272236531894403072
1274781927657091077
1277502571951898624
1272692378462294021
1273331523933044736
1277662743198339072
1267443200509313024
1269247674164920321
1271317815023161346
1267603066615934977
1272214549010186241
1271899393969590278
1272754103945433094
1271861245751300096
1268989392217157632
1273272259357130753
1276348399319683073
1270130872973475843
1267716944527933440
1271521318270369793
1267269977217945602
1267915303163318272
1270097794951376896
1271955885703737345
1267446609455067137
1269619864118988802
1272189021339385857
1272809405814202368
1274856935158931456
1276523987598807040
1268024851324944385
1271207031983259650
1267440235564204032
1277357761882357765
1268240714078486529
1277240172720119809
1273608882112335874
1273657393914642432
1277619450431373312
1268267742165192707
1269689517327425537
1270397903308304384
1277620947340554240
1277473944858243072
1272755978916806656
1273662729820258305
1274055613253914624
1278008023412363264
1267990648826798081
1274327630641197057
1275034632787017730
1272929460648624129
1273239882807336961
1276441937336250368
1276663983806840832
1267515395952517121
1272248312830111744
1277676534900445184
1269818932338266113
1267261419600388096
1272588671464677378
1278071836744572928
1273615053145673728
1274124934302875648
1278389703490834434
1284922895509135365
1286929091090931714
1282039658499776512
1284065434619334661
1284199495518031873
1289229527185530881
1288264360314441730
1279064316856205315
1280562119587639298
1284242906568523777
1283694577568952321
1280559388533481472
1283456315180773376
1284529822119665665
1285744116270354434
1286859739167588354
1288608416076902401
1287786971801071621
1283863149213556745
1286639913539117056
1283479770139787264
1283838814746742784
1284200646422540288
1278790963201298432
1279576646912299008
1284788311949807616
1280668394870751232
1283932179928682496
1285681126254825472
1282658207282933765
1285255231203430402
1285319328552951810
1287213940032909312
1287859943618609154
1289204661837271043
1281075158485217280
1284603729296203777
1287776829991014402
1282665128316592128
1281400521476145152
1282742151860936705
1280099374614315009
1285549625596882944
1278295630952218625
1283932210295459840
1285283232368300032
1285320374545244161
1286093471233781763
1286781899118186496
1279431006215376896
1285006642225000450
1278934977099583488
1281041665176866816
1281378915819433985
1282889722487078914
1283422839614382083
1280901455579435011
1284497914635497472
1281257023472984064
1282719476631429122
1288553266977144832
1284308891375820801
1285694903310258176
1283537361893126144
1285272742435201024
1288584954914447360
1278852425991049216
1281910119366787072
1282620067432337410
1282718957745704961
1282759465440292867
1283777621327831041
1284456928291282945
1289038014828748800
1283171510132277249
1285339768964907009
1286754575156948993
1280636894313877504
1284308156647120896
1281262488659558400
1282766486411661313
1283042232535261188
1285914906420744192
1288885447964467201
1278391214014947329
1281378853013934083
1283463202211270656
1284725347259486208
1285781859637420034
1286463199127183361
1278268103739179008
1280227697453527042
1280589973947912192
1282631505932701696
1280928535285301254
1282338130511761409
1282668118251376642
1283087525108752384
1288653834512936960
1280530729403912193
1282777771601793026
1289059116783108097
1281628388084649987
1282738388748181504
1280770832114028548
1281288944877858816
1282821465310556161
1283228233744486401
1283207986123603969
1283459799657713667
1283923872367161348
1288895529037041664
1282647919640956929
1288548297028898819
1280256635919728640
1281661580887891969
1283142115657232390
1285268267108454400
1286343288455417857
1287077702411980801
1288574132892979204
1282518173544218624
1284880792120950785
1285187836073959424
1285277363475898368
1286386439173877764
1288468987806994432
1282698898398642176
1285306175219736577
1287071754649841667
1288383171147390977
1289275559621451777
1280916248868651009
1285023634315022336
1282495769195548672
1282738606168133632
1283775610003902464
1285765598320963584
1278122071495602176
1278343247203651585
1285338819470987265
1286035203979386882
1286681261008920576
1279401037196152832
1280226369763491840
1283464405997490178
1285255711430189056
1286683569990127616
1280484924366163968
1283059045411192836
1283420017665728512
1283756572838174720
1278893774509420544
1282622106665193472
1283419408992538625
1283910662088019968
1285531926548434946
1288285494200147969
1283000167864561664
1284326880724697089
1284598067635920896
1281049624351047682
1282011228106371073
1283138730879049729
1280844208790810626
1281586329533505541
1287034976136028160
1287613161156284417
1283597283800625152
1287093861412675586
1283671581819109376
1288664827062374402
1280914671634206720
1282854861617287168
1288891457877749761
1280743939507617792
1285291626294804480
1286390759315386375
1282749612697063425
1287851555715244033
1278574710951940096
1283865236341026816
1288940045236305920
1279848045220212737
1283869753594064903
1283912509066485761
1288628976022441986
1278824876615389186
1279045853550952448
1281576729119686656
1284640068095938562
1285670769289244675
1280875912263643136
1282625295510646784
1282659461241413637
1286822796090388482
1278167744668672000
1279515279534387200
1285850474969796610
1284953042484449280
1287089425491484672
1282647251093983233
1287351265048092672
1279504979036901377
1282633869976535042
1285804307103846401
1286680605405646848
1288003376387706880
1288234545905532928
1287723709210472453
1286297796757291009
1284306945608945664
1282667836343750660
1285364046649266177
1279751690992918528
1288054856398204928
1285335418607632384
1278443536699011072
1283088148348710914
1278216916457238528
1282828247521210369
1286431607646191620
1288182217873788933
1278800236127936512
1279424376757256194
1282639548036427777
1283326521156030465
1282785852595339270
1282803527027482624
1285907738589978625
1282381367679094785
1283776230651842566
1284633643730849793
1285745232521441280
1286206735770820608
1288669201717235718
1282417948112683008
1286054426470502401
1287581098608717825
1282649880545001474
1288105331940261888
1288088576819961857
1288204718829907969
1283226737829122049
1284184524725813249
1282650285912084480
1282705610979540997
1281604579117854726
1285747148806651904
1284889362078081026
1282646466394120192
1282660098628820992
1283863489837178903
1284201874695032833
1284489313569378306
1288415974807482369
1280204946726674441
1285620032253448198
1278109558167216128
1282837518161973253
1283047651542540296
1288045110471593984
1289216161549230082
1278184645067186182
1279281878827241473
1283286660919119872
1283346885051330560
1285243179697147904
1285252704487571458
1285253958160744449
1283098941387681794
1279258955924082690
1281534622153814016
1288245263237296128
1278451537443000325
1278764826756513794
1288988967661166592
1280931776177807360
1284893018022203394
1289319098061475842
1280931432274243584
1281006459959074817
1284890532272111619
1286367420005978112
1280531765413793792
1283237049550532608
1283431174539489283
1283491945143324679
1283694153185058817
1288793839793311744
1284882360585068547
1289310008094597121
1289032557275774977
1281190064744206339
1284196409722494978
1284572376374677504
1288693014307786753
1289067257944068098
1283752533794619394
1284713113200160773
1284987098223702016
1284911495382331392
1283060668237840386
1279533680780881921
1282743351494795264
1284647426209525762
1278823679334498306
1287992938576982019
1288499946522644480
1278378360171888642
1283363628368965632
1283726590384279552
1282554506258128896
1284954315036127233
1286282139349200896
1279247012525940738
1279966295598026752
1281603422651809794
1285823064467480576
1280610552687910912
1288882027463356417
1290243067920830467
1293515742646685698
1291059192883752961
1291479602536361984
1297288118928900096
1299094098184343552
1299692056038658049
1296853103304683520
1297730236126244864
1292834052504875009
1293059107235090433
1299964714043072512
1293845661599899649
1298779340826705920
1298979984241917952
1295364534555770882
1290726480755011596
1291365539412090880
1293384903543926784
1296530964085116928
1299788488808828928
1293457997960581120
1293802010614038529
1299782037512105985
1294490723698356225
1290326204386619392
1296755875307229185
1297925675026976768
1292984276150112256
1300485558293102593
1292118736892092416
1292173857286246403
1290003418199687168
1291108999010480128
1293565263649157122
1289983482685296640
1295803754143416320
1300077867926278148
1290803280373637120
1297974986062417922
1291080657578479623
1291628582528327681
1292224574785040384
1291511188308795395
1300100731127693312
1291130371405484032
1290898129559203842
1291911008622129157
1294726518636261378
1289818126440378369
1290632285809713152
1293007889125314562
1294713800826863616
1290782050400829440
1296929469303648257
1299048665751998464
1291748747806990336
1291938130342359045
1298758499342716935
1291789826816188417
1293945472563007490
1296913517577039872
1291363681331281928
1293522830806712325
1297846062053457925
1299870330429804547
1295337259189915649
1290313976950263808
1294613223157768192
1291686085962149890
1292001084945379329
1295785920600268800
1300034021116829696
1293649608103600135
1296774824228945920
1297965339444158472
1292591879758983168
1290057618623324161
1293576052460199936
1293981486232854530
1293369599820431361
1295686973643018242
1291792957461454850
1292496382482358278
1296891551684100098
1296943099713695745
1294070426000338946
1294270056621379590
1295521713002885121
1290752821525127168
1291640051756138496
1294589776872402944
1297201523148152838
1298834877580742656
1294606262395600897
1294665858489311234
1294775508568289280
1291087953461153792
1293516573391704065
1296380312168075265
1298624238140764162
1290352326910390274
1293930511467831298
1298772389753491456
1292556461923598338
1294056650978942976
1290609012787089409
1290810261151129601
1290843833069117441
1289392521852968960
1299804105716781057
1289644343846789121
1290375397637529602
1292418425004883968
1295470460512108548
1291060417368817671
1297327420874412032
1294921977862524928
1297074934548697090
1299154460061716480
1291754852104765440
1295126831427985408
1295415986397548544
1300303304929538049
1289790592180879363
1296296894013079554
1290768484415266817
1295872290744393729
1297903368896229377
1299021100500709377
1289458436992675840
1291028281353842689
1293506435461132289
1297203066672832512
1291079949911298048
1292674707511107586
1294222650215194624
1295825250463121409
1296125344634867712
1299740834364108800
1292942098048716800
1291563524532178946
1292601052374630402
1295474472548474880
1296459602859524096
1297650175532568576
1291375292083298304
1294033821474725888
1294818099800223745
1299494492333051905
1292672594215415820
1294608550099070976
1292235070397276160
1292374030427795457
1292901193832955910
1293271704567980033
1295909168516403200
1295369182721331200
1296417134873063426
1299806345533829121
1294752318227992579
1296854935418671104
1289712153146961920
1291066837866885124
1294000971605897216
1298444723498160128
1298722080578367491
1298974753265520642
1300106513537806336
1293322320631611392
1294441402546388994
1297217461687918594
1293417980118700032
1297394594422886401
1298557018396135425
1292562760350523393
1289539515472842753
1292341407143858176
1295428385531928577
1293741797588586496
1294955626347585536
1300067814217265152
1289952893790035969
1291232838696787969
1294338168922275842
1298368691843858434
1298606963308343296
1290383313111195648
1299315053888503808
1291882817937448961
1293105852585394176
1290162019862081538
1294971093145460736
1299607584731729920
1291732891190386688
1295035329557278720
1295335167125524483
1289640615337013248
1291849058772848640
1297422742753550336
1299037914760966147
1291479176160174080
1293899562101374976
1294189476202209280
1293512026803838976
1296539358510698496
1292438138686771200
1299407064540893184
1292829724557938688
1292957021898248194
1296782281517006854
1298965503046811648
1290042138974195716
1295027884021751812
1299004491065249792
1292280585776439297
1297270119933124610
1292080995399868416
1292654264464977920
1295491375589285888
1290343990294753282
1293505462562848772
1294062723462987778
1297582042662797313
1292979968939454465
1289811246829600771
1296065797140480067
1291908517201231874
1294654519670763522
1295935397181022209
1291071890459697154
1293223784388984832
1299279217989877760
1293210526969815042
1297673617753477120
1292910045706018816
1293414041659088896
1295172641859538946
1293202561663721473
1299303993722785793
1293104497829412865
1294367027050745858
1295694863305003010
1296146171698847746
1298740790966001668
1299888298182225925
1290127293751336960
1294831859034025985
1299884050136563716
1291071376066052098
1293152352237740032
1294234461656231936
1298354092935229440
1292989612437188613
1294293539166343169
1304901382139449347
1305326751078383616
1306951424421572612
1302939989077041152
1304623520429879298
1306881400885456896
1308213093881860096
1308459578514968577
1302589210818498567
1307694324256313350
1310586147182120961
1308240443788931080
1304108002895634435
1311023679929749505
1304825325180911616
1306954710423924736
1311337940493258753
1305746923165450242
1306827536257568768
1307186154756861952
1306922631367622656
1303868084340568064
1302393845578072065
1311011627735670786
1305300471196930049
1307812647795068930
1310751264699973632
1304605778544939011
1305891382075232262
1308089824197435396
1308731727288905728
1310618817857335308
1301341867674664960
1306755763180892166
1306985303442444293
1308313895308800000
1302553951179603969
1305515875378712576
1310688011714285570
1301229665802244097
1303046536872505344
1309689239567831041
1302382375108714496
1308375495621455873
1310703008095916032
1301835584479080449
1304567916596064261
1305982447356706818
1308224092525547520
1304456671016759297
1306958883756351490
1308107401510313984
1306501213865738241
1306595816602177548
1306779386839007232
1307669656401043456
1309202141630914561
1302223038142914560
1305194236493651970
1306952873536782339
1311284361208135681
1306749620257796100
1307029780060045318
1311374305834471425
1306762172870074370
1309230380483043333
1310945829318995968
1311128400543744002
1306768653547745280
1306925480856162304
1310443301351444480
1302066572043853825
1303398754310123520
1306821637380009985
1308236649508339713
1306903931398873090
1304275397597630464
1308142318130622464
1311281899122425857
1311299485348376577
1301208522294800386
1302817905155989504
1305704449344704512
1306749259895767041
1308692565735157760
1301042370767654919
1303381165806583815
1306616868745236480
1311284256212226048
1301252668028063745
1310909125421862913
1308473371416502273
1301374830667804672
1302237538262953986
1307008735865384961
1308941878075809794
1310676734203891715
1306788077625643008
1310905119756759040
1307680303222345728
1308155036900392960
1300871572194983940
1306774112073908226
1307249311395328002
1308030884097011712
1308238933432696832
1308262967851401216
1303668297460838401
1302043007433281539
1301199282268143616
1304406062422994944
1307735287146205185
1301395798274449408
1303778995721220101
1305847154032902144
1307010842769018880
1308471140709523459
1308807622846558215
1304241044817620993
1306829034542645248
1310819870318223360
1301768887818747904
1303646600598884352
1300864247887470597
1302898868212957184
1306334551657132032
1306925359770800129
1304506954937663494
1310248456221528064
1310553955152191488
1304095046514495489
1308208138475180034
1309480402814472193
1309927604141592579
1300859628008411137
1305251625855078400
1306750879324831747
1309286253792243713
1304162841344212992
1305043957475237891
1306977101271236610
1307023788245241857
1300891459671990273
1306985018431090691
1308441438246629382
1307895791504166913
1302887107946569729
1304525495376150536
1308485071259795459
1308204634004127745
1304547486099476481
1304825990988869643
1304102512396566531
1304108778657165312
1306922800842711040
1309436843339833345
1310387626957066240
1310678823399112704
1301678906483912704
1303027982999662593
1303714487078400004
1308134276395798528
1310189163925458944
1307947107236614144
1308214146631114754
1309432747144826881
1304601284557836293
1307705898245255169
1308145529818427395
1308155678884847617
1308393861471928320
1310583286851416066
1301879157954154496
1301236892592041985
1304467651721265152
1308076191795027970
1310481921055567872
1308136216471261187
1308171905992658945
1310648804950126594
1305277523153084418
1307294633559429120
1300762273540198406
1303030186473074688
1303755436160684040
1307038487292645379
1304414667264188422
1301269417544671232
1308230013695569920
1305905755560841218
1306977716156002310
1307815964579430401
1305529712379334657
1307412718866100225
1303400424855175175
1305629509752848386
1307305548782678018
1308180295972204547
1308572267308298240
1308143585242611712
1308238033611829248
1301875802531749890
1306710979410001925
1304587605712023552
1307639234438758400
1307689267380940800
1308253173279227904
1301190374879363076
1307055476279070720
1305694397535866887
1305992728770162688
1308253610212556801
1308260559348019202
1310848962518286336
1306792415894949888
1307045858463055872
1308154344865517570
1310092523734532096
1301293566292037632
1303941692064702465
1304843247458619393
1306748229116219396
1306813314643759110
1304927671403589634
1308045511207854083
1310551893572227075
1304136253412122628
1303657023037374470
1304967568864706561
1308505365571670017
1310992994972168201
1302125481458905088
1302778446087503872
1302985626346827776
1301914240958296065
1301978583947042817
1302130075794538496
1303001892830810112
1305070757375078406
1309146594844061701
1301163961849651200
1301511988187717635
1302382637953187845
1306985014375088135
1308431889527701505
1310243501922308096
1310601303224193024
1303876638774407169
1309371344392466432
1310851982173908994
1303133102924083200
1308009055693221888
1308394489485107202
1308791599732793346
1314898112289308674
1314587624930242560
1317557193684733954
1319936105001701376
1314431621584637953
1318639191476129795
1318910353615556608
1319761040838696961
1320939819787341825
1321158234380656640
1312780749649653761
1314764335227469831
1314198901780611075
1320456150337396736
1315160875733581825
1318352618767503360
1312207258273546240
1312728832575778817
1313176381585580032
1313005865323167755
1316509465374531585
1312711386129141760
1313581577461522432
1316163564424568832
1313591246858878981
1317762911926964225
1318303331001851905
1312489189049466881
1312913119266697216
1314274635874209794
1320730777907273728
1321648267407564802
1315472618791866369
1317258462502522880
1318404931087486976
1312726736845631494
1314098606539001857
1317739502727778305
1319544442450333696
1312583057803751424
1312428667293884417
1312567201807970310
1321954123663740930
1312606719604740096
1312844329875103744
1320698630014193664
1318937811584733184
1320000208856616960
1312936744291983365
1318914753264193536
1320738045730136068
1313592137557200903
1322431731153199104
1312285346546298880
1317109512852115456
1312166832267091968
1312755959069110272
1313184691588038657
1318614107520720896
1314154838939312128
1314747316188835840
1312982870437363712
1314562054146142217
1317153344029413376
1317911986752131073
1317206075905576961
1315259652980920323
1318404900267741185
1319633622777749504
1313577033340006401
1317936598772674561
1320813580305027074
1312103510175932417
1314057732727676930
1315209041250070529
1320364245758939140
1319628003803058176
1319138732428017664
1313459244713336833
1317902376527831040
1316459956871274499
1312262250959429632
1319020042638495745
1313962464439042048
1311972432090103808
1312886817901879296
1313436134811328514
1316503299126956035
1318777081833132032
1319609087643013120
1316124204895531009
1317885265533313024
1311991397160022017
1314350109157658624
1320352141366657026
1313641018198241281
1315352394897788928
1318204039151210502
1318918063853621249
1320697569492819968
1322119065536663553
1312215930403864577
1313522917242736645
1319535039865098240
1312698990086029317
1312167851013283841
1312182564723933184
1315339355821662208
1319967203035328513
1321098784277934080
1312177491289632769
1318020376992059397
1312911607035559937
1316339372271206405
1318408670938599426
1315861844540653570
1317935544253489153
1312292558777864192
1319815446799974401
1320093960560205825
1315753084472242177
1314284373689204737
1315873243207794688
1318506960292089856
1313029065046020096
1315750761469411329
1313224646729359362
1314095471040790528
1314196570519351296
1318497237891084289
1312082545807372288
1319719619930869765
1316169433044398080
1316822892710068227
1313739125867020288
1315904814094577664
1317408810420625408
1320841712978350083
1322645485442768900
1311770824186236940
1315917515139227650
1313166311061626883
1312220907474219009
1314936772900651012
1319130993006170118
1317093498575900672
1318268691583205376
1311549880830029824
1319052630849703937
1319096996750381061
1313466040228163585
1317350217868607489
1312574597863272452
1313111609393459200
1316493920851947520
1319765202099896323
1314561829524430851
1319112245763317760
1311718064350732288
1312877250082029568
1312884870746640384
1320929770746634240
1321188167618195457
1312852506607857667
1314938570537422848
1319024444103290880
1312526318215426050
1317609560216129536
1311445869649166338
1313469054359932928
1317453592152985602
1312729453328363520
1316087396329492480
1318305541408485376
1319379119675670528
1314005630550765570
1319780116096954368
1312297062508236801
1312060507973545986
1312086017743237121
1318554441302331392
1314323856438501378
1314336433772154880
1315438739209019392
1317619169978888195
1319541091113312262
1320304178539958272
1312224592304406529
1313113263220109312
1318174499540434944
1319641020380991489
1314203481981345807
1317753482942795781
1314097451469471745
1315828003767676929
1316102571312975872
1321315470444613633
1314391382509981697
1320834941622636546
1312900463474376705
1315053764064301056
1315521053246939139
1317488583473795078
1317953294346506240
1318818030202355714
1316079021571137537
1313656716437979137
1317093871361380352
1317213275239612417
1318269409098715136
1320673108567625728
1315995557857501185
1312193479976472576
1312561090623156224
1315963043378008066
1311989779404210176
1319482043668008962
1315292141279760386
1320746431519420416
1313176902211981313
1319706814343118848
1315973915223764995
1320353765493559297
1320332227629228035
1317030043277774849
1320799519580278784
1314252476409802753
1312672420013248514
1318359115274412032
1315792610339024896
1320536487843299328
1322553632986943491
1314794495439974400
1312750118504988674
1318310960810102785
1318751748971003906
1315274974781988864
1319303563651186694
1315653805862727686
1313963282693324801
1314378850772553728
1313258338361245696
1319453229441294343
1318531575299166208
1319414044139323394
1316504102906593280
1311974495528325122
1312718615188307972
1325727853133107200
1323631484083863553
1323785319838306304
1326286669528633344
1331239761013510144
1323379489271853058
1329813880843931648
1328094698813100032
1330268625903751169
1330481947542511618
1324099246770049024
1331270655178895367
1323973525892485121
1333505757816426501
1323351052603764736
1326422878619889665
1323746241549946881
1324622557505556480
1330149928274976772
1326901712389541893
1333127105689882634
1328439581939732483
1330587715864326144
1327134739120189440
1322967880552509440
1327308466353008644
1323069891797274624
1331351668160667649
1322981191516147712
1327567436896473088
1323793581828644864
1323639802709872641
1324750437317300224
1327277999750778884
1322909191426740238
1325203078644051972
1325639541705699329
1325780487374168067
1328024939144769539
1325205394550001665
1323107457460297729
1323787316389990400
1325593302880706560
1323431152871383041
1326211838002950144
1323700817006940167
1330868882781982722
1329557026121289729
1330151722979905539
1323502415178539008
1325129858230362113
1323055325663105025
1323902060631306240
1324798274541363204
1327034101946347523
1328454553306587136
1322841223741276160
1329050196920201222
1331327819327148034
1331463419577442305
1331908063528427523
1324839957467451392
1332663021802561536
1323812806853070850
1323295197120335873
1331855517321453570
1330860353123717120
1322955385192484866
1327479698746732545
1333366535675670530
1326048909370724352
1326133526144618496
1330579291004940292
1327614807533637632
1324118122463399938
1326332232563380230
1330626370968444928
1328638273959366656
1332729911577092099
1323478343350689792
1323624657166229507
1329674844129128448
1330527430218485762
1330828031674494983
1325652509474516993
1323719972556865540
1327756423871258624
1326149548402728960
1328621474035376128
1328826508396343297
1323970253509005314
1331716237034926083
1331672720732540928
1333513428892327938
1333511227193044994
1328134304703123457
1331009499260399616
1329282811895930880
1328381779598737409
1331698780362711042
1324149507551088640
1328711387351171073
1329114268248264704
1324003540357046276
1325806341122891781
1327215345229291521
1328534494853390343
1326999400481079297
1330032934586380288
1325914953484824578
1328500787983642627
1330130585935810569
1322976189850537986
1327927864235323392
1328460345657102336
1333121328069685251
1328838136902782978
1332722064474648587
1326338870892515328
1323045030165123075
1323097512778018832
1326175225034264579
1326220717327835136
1328368133896351744
1326572879576752129
1331328020666339329
1325040996019806208
1323264484820090881
1323517318870274050
1324490470756655113
1326799335225503745
1332924340585771010
1329491873644285952
1326668812868087810
1328471660161331200
1333473154753306625
1333612688920997891
1338523144575885312
1340373113951948815
1340401519082889216
1344418464706998278
1335328050184146945
1337204793274748929
1339769981714767874
1343613710724722688
1343913124202737665
1337045068360900611
1340429668743262215
1340902626217627651
1333846896369131522
1343758106317217792
1344080632142585856
1341276724110094338
1341378164455579649
1336602952446988289
1338865174984368136
1338941967816925185
1340597951115239426
1340887022282674179
1343576235587334145
1335683805139496960
1343603810510516224
1341859993511841792
1344148963625234432
1335727774242365441
1336751192496549891
1343984685311901696
1344324271812841477
1339435352986177536
1342233134843236361
1336501553679765505
1343580757042868226
1339653786839773185
1343211076700274688
1344626412939079686
1343544645930934272
1344132135200976898
1333572957285863424
1333862495971315719
1337078583408386052
1343044392907632641
1339368022818086912
1337118109870804994
1343508412353683456
1337797999309824000
1343624933671362560
1344770077116276736
1336025961943412737
1336557793202102275
1338534155630637059
1340696210839982082
1339763487430602752
1334710984808796160
1338941017957994496
1343564248396529665
1343899908936511488
1336436028630953984
1338949718739652608
1334931043342815233
1342608692257153025
1343586679148347392
1343714421286252545
1343524473790730240
1335539628028420101
1333610896438988800
1343291223860273152
1343581454442377217
1337502822926086146
1341809247848423428
1343572919184666625
1340375893579943936
1341233875780067328
1343681264788901893
1337446570556608513
1339960074442313728
1336082771517771779
1341036248853585928
1343967648485318656
1344362753096523776
1339238501435371520
1336311849105633285
1341359076157091841
1343512018813218817
1341383188829138944
1343739956385214467
1334210610607788032
1343568945094254598
1343199097034039297
1339143092482547713
1341000988853940225
1340703177109225475
1336361777295204355
1339596807156817920
1337028596150509576
1343571170084458496
1333603704906321920
1339009141835059200
1335336152098693121
1340542344634847232
1343650809725083650
1344344484570656768
1340091000333742080
1342898916061229056
1338903881603018753
1341348936162963457
1343643128826384384
1333821408565227521
1340474065178509312
1335971968357523457
1344458693169926144
1339600119386128391
1339750296323551232
1339574701295865858
1343593216352903168
1336931531105898502
1338572485436923905
1338977902642098177
1335967032668528640
1337514472244719622
1341083632912494593
1343261510550827008
1343582219768623108
1344775196692029440
1336224526661775370
1336941280878882816
1341712169474383872
1342124222156570624
1333963389937344512
1343552576034381824
1333931196586332160
1337965183789133824
1337108305190195201
1343549176555122688
1337089273070280707
1341544678316007426
1343535812605042688
1340458571591540737
1343538603822096385
1344462026463174656
1335337399677808641
1337355866555740165
1344076257550589952
1343570887862267909
1336418559354957826
1339732655114498049
1338477207841280000
1335206144495808513
1336311295432384518
1340291323807625217
1336767596759293953
1334997931548680193
1338839549112414210
1340125401734131712
1341172916172410880
1335574136316436480
1337738959015833600
1344134517284597762
1343923108726468609
1343978196711043072
1338936677449019399
1339320355006066690
1341505319491547141
1343665728155758592
1258069421991608327
1259143004452818949
1260639584020504576
1261998067190050816
1256097969109008385
1261444772239204352
1262398329620697089
1263736182568960001
1261159386719887362
1261349443636539392
1261861757271900161
1267174236759695360
1267195757569941504
1257025933686583296
1258716204669317129
1261669169281589248
1266408390412111872
1258434787842363392
1260201308067373057
1260386019968417792
1261960062228144128
1263182464698245125
1260278195179458566
1262954108488683520
1258835833563631618
1261667535067414528
1261701780779474945
1262502535555883008
1266492184045465600
1256903724259303430
1257324367509250049
1257392568763121664
1257627706948280321
1259349009132552192
1261271788488704000
1261292589036244992
1264027995569676288
1265061334829486082
1265842751679139840
1266701920376360960
1256399160917426176
1257163868775858178
1258566310268715016
1262005222253133826
1267191655725174790
1256269532928323589
1258582531731062784
1259462389793198084
1261747293918617600
1264299267881082881
1266948163795070976
1256488534304792576
1259883233120071680
1261976617523560448
1266535304883777536
1265340479492808705
1257943825907056640
1260939533895401474
1256739076864184322
1260838191130705920
1264667511003533315
1256593914146033665
1257459239540400131
1258746066683469831
1260240679772385280
1264969238969753604
1266565973903052806
1260238204323725312
1260955530001920000
1256673200018259970
1261008458889007105
1258478794475802625
1258495512950407168
1260950455867174918
1261841933074411520
1256720965867839489
1258672620658028544
1259824400947458049
1260562210109165569
1263956814267396096
1264661567636938754
1265785666291544066
1257705268009488385
1257848074770223106
1262314967832895488
1262727431477174274
1262683690406014980
1264281586318503936
1264455497295462400
1258403392780677121
1258545666147487746
1259971175716990977
1260750745684643842
1261185806640824321
1266715216970219522
1266988768839507968
1256047392861884416
1261270563525451776
1265018840263667712
1266411729082187776
1256704858326999040
1258548416637894656
1261347496355409920
1262007592441839618
1262499978582335489
1266804053033525249
1260631747500355585
1262492160382906369
1262782108893929475
1267106121279574020
1256431746184347648
1256665809209958403
1260658683295326209
1261335262283661312
1261411134877257728
1261928973161893889
1265728309167632391
1259911142626992128
1260246165133627399
1261931792958844928
1259481799333482496
1259586407896698886
1259886875650805761
1262493892647227395
1264980081568555013
1265059565391024130
1265749631645949952
1259891066943275014
1261707238755962885
1263132827715096577
1256023900913360898
1259561224569794561
1260214424687775744
1260650550229520384
1263972673958395907
1264572343705313283
1256249232459042817
1262469208715247619
1256876314491043841
1258624447273148416
1260971142325710855
1261057494518059008
1261722732099756033
1265751406083964930
1262775574252130304
1266846517438099458
1259908006852071424
1265810506289500160
1258576771366215680
1256089063519653888
1258461660546625536
1263061918841016321
1265167425881780224
1256946975548870657
1263863338968272896
1264591561234530304
1265411786053910535
1256739025026781184
1257433367223599105
1263915709353963520
1256687474346246146
1259599512986882050
1260051302383525888
1256674811742478336
1256697530517270528
1257316669199749121
1258760995612307457
1261674056677498880
1265958118246268928
1256886387007201282
1257392218052100097
1258841822333370376
1261772690496589824
1258219758425604097
1259226639155617793
1260356187775733763
1263290212781883392
1265729873932419074
1266679437195726848
1256267306268852225
1257486828661243904
1261426027223539713
1261692445009428481
1256666301436620800
1261776712573935616
1262744326120984576
1266065413479305216
1259950298912763907
1262488479738494978
1266709173707948032
1256392488937553922
1259854798196740097
1264939752182161408
1260657511390040064
1262361924274184192
1264656555472912385
1261870137977823238
1265703428367540224
1266731126162407426
1256244207687172097
1258403642698354688
1261978521729204224
1256992567671107584
1259808561263239168
1260148071511588865
1256294245754908674
1261056441391120385
1261707089027698689
1258425876032688130
1266056792506880000
1256623318880452615
1259962896181866496
1260914504524861440
1261658815101046784
1263421354000384000
1259872641113976832
1261343315154235394
1262244755506819073
1264922749446823936
1266537525994123265
1256145092085071873
1256520209676075009
1257748192432656385
1262730866599616513
1265493948275011584
1265534280702341120
1257672546826272768
1258977748028178434
1259823710615322624
1265267309054230529
1265326075967672320
1256605765256822785
1257124537352818688
1260719410022682643
1260759782790590465
1261186771322376193
1261597312171868161
1261604274657779712
1261668666887884801
1258452563302612992
1255989735090196483
1261384075132231681
1264299210507198468
1255997960107761664
1261259009824301062
1263865983669800960
1266894849317502976
1256589592670732290
1259356117030842368
1262076899137904640
1256859893769875456
1257303574213787648
1257303574213787648
1257694832908210185
1261254448246140928
1259971494689542146
1259922356472107013
1260547847163912193
1260790109810692103
1261499316092403713
1256234174916239368
1258652107546275840
1258679290587156481
1260179534416142336
1264925423420559362
1256585515391950849
1257733872328028162
1261682344508952577
1261708077172129792
1264895051618029569
1256592532072521728
1256965922855804931
1258710354613460992
1261300155950592000
1262622343203037185
1263727106095296512
1266487507572723712
1260652526069624832
1262500750309101577
1264339755485081606
1258008441034993665
1261361135007133696
1262141253388558338
1263826432939241472
1257691792037810177
1258479998303862786
1258662223972532224
1258989548673138688
1260680728985186307
1266507351751827456
1258200270393298944
1258427854959767553
1262374449199841280
1266533803255828481
1256261697964331008
1258562020716183554
1258820995131023365
1262556438985150465
1263550544594993153
1256246730481434624
1256301418014806017
1258408881870573568
1263642909611524098
1266468989686947845
1267063276334088194
1256420088212787200
1260203507300339714
1261938408462651392
1262842999010181120
1263151710501064704
1264213999866056706
1259168307032309762
1261367242148675586
1261371383453569032
1263869731599192065
1264315621459648513
1267093295076966400
1258808744324055041
1259987886931206144
1261723105447165952
1262918131909111811
1259326820618366976
1256234424913494017
1261370075010883584
1262214463807250435
1264157698184151042
1265136590789230592
1257288181164265474
1260903020700872704
1263205417418711041
1263788497502040064
1263955919341314048
1265743400399253506
1258908389599596546
1259260134577979392
1263877604580438016
1264010434904043527
1265668863359942657
1259889651638140930
1261597258832904194
1263942485493063681
1258543659911241728
1265808057914671104
1267103017129488386
1256618940500971521
1256955048178974720
1258008007474122752
1258494848375676929
1256581840778883072
1260909126533763072
1264966653781164032
1265293576512196608
1266349254878081024
1257639510948499456
1259785560778067970
1262891754996617217
1259696660227207174
1261630586042580997
1262110684248236033
1265087881535725568
1261657503642910720
1261806659573354501
1262221164967079936
1266861219614527488
1260373986535280640
1263152670984097792
1256008979421028359
1256195966979407872
1257308923368861698
1257403081316335616
1258678200072384512
1259340341238521857
1262737460066422784
1264606999913824257
1264880454999646211
1262735440374685696
1257388316628000770
1258944521598984192
1259917690963189760
1265106326373363715
1256025973889421317
1261005962355322885
1261779243693817856
1256601619644518403
1257065142031794177
1258142004426543104
1258802485667303424
1260545603597189120
1265200513819316230
1266460593537650688
1266842026672304128
1257432542099185664
1256398609152643073
1256814857237614592
1266502057629974528
1260234885119250433
1264980314973245441
1266960746535059456
1258388568348729344
1260159502424432640
1259864982616854528
1259916099879124993
1259943499937579017
1259954379182006280
1262537924433850368
1262595688392798216
1265074845001199616
1256312153377628161
1259311311348957184
1259867109095546887
1260597115111211013
1260994068231921665
1262080594302861317
1262520793990344705
1262576514836705280
1257961120876441601
1258322709534007297
1264562447882518533
1265374007932538881
1266146762722553858
1257143554662633473
1260946819246325764
1261258678507896833
1263874322151735296
1266681141819510786
1256076722656681985
1262234207201505280
1262390856650276864
1258445881759510529
1258869007320375296
1258912525502099457
1260898016225120257
1261166521239220224
1261657074339110913
1256099973961256961
1258209453285027843
1263655333425184773
1266603482724945920
1256653172476710914
1259724926367473664
1257154303741083655
1257316725562896386
1257934038247124992
1260223838845050881
1260566243507085314
1267116615440543745
1257413051583729666
1257737338916155400
1258390681531359235
1264027786207006726
1266948050104262656
1258022299392978945
1259900038207156226
1261918016662654978
1256182790703525888
1257418633799753731
1258774270508924929
1260345305360412673
1263586928269463557
1260956031863185408
1265295486380056581
1256542254937841665
1262494265940357123
1259634475799121920
1257203771207299072
1257784398067294209
1256571721433387014
1256705905820864512
1257331853637361664
1258454786246148098
1259255879972634624
1263678355691442176
1264353256962052096
1264931345756651521
1266826763868475397
1256373351687348229
1257646401296781314
1261482270550102016
1261638956090896392
1262921859978399744
1263814010350325762
1258367845936893953
1259397447706648576
1259872549187604480
1260194052592582667
1261684241492054016
1256020622485811200
1261857784666247173
1262020591105773570
1263101601125765121
1256324770024456192
1256524261675749376
1258121955762470913
1258126800074477585
1262190970310995969
1256161701285822464
1258073280776245248
1262533298120790016
1256996988794499072
1257725371644104704
1263304605452005376
1263135028487131136
1263613447570436096
1264362811850981376
1265019173995819009
1256737480667168768
1258743731311837185
1261719174759546887
1256457315991130115
1257399679723192320
1257454321177956352
1258157892475260928
1265590522086817794
1260311076182405120
1260635432041226241
1260700156581871617
1266452451902750731
1258451005001400320
1261753516084940807
1262909119826100226
1263558272784662528
1263898376296296448
1264953898449674244
1256019918258143234
1256960083122098176
1263244527474749443
1260647157360545793
1260999598644047873
1261245351786434560
1258181330241716225
1258259853430140929
1259330012429369348
1261456301495685121
1262350187382673413
