1183154996025712641
1187002689005260800
1183207833610936323
1182770123913990144
1183140362799370240
1183131340637720576
1187459077540057090
1185201027848527873
1194742987869151232
1192283354437210113
1192251458869235713
1192494444316102656
1192051387409895424
1211758724345409537
1206763690806173697
1205665052738695176
1202306733336662018
1228163498833612800
1244041765222363137
1237849951587074051
1239419854433611776
1240386564783554562
1243647733761626112
1237046089620115459
1242500172615049217
1239643669201924098
1239296840480313345
1242888342041169920
1239353640634253317
1241126626076827652
1242991963890204672
1243930851634708482
1240015471958687746
1243562880571760642
1241120198540832768
1237392280824066051
1238582245226500097
1244413711932108800
1237085551343407105
1244263265242415106
1239933258776940544
1238134462413713408
1243751279941177345
1240799737600716800
1237183307147771905
1237414123912204295
1242827345217675266
1242962936123068416
1244981191696101376
1244666909427216384
1242138583005356032
1242911633766256640
1238439436230307842
1245074474304704516
1235588378659377154
1238099396937617408
1241851758239977472
1242851237378342914
1237061190888697858
1237206841462931458
1237332883703988224
1239267446378332160
1238569133802844162
1242549246169100291
1241397738903920642
1237477771946983424
1240022418116280324
1244368976190345216
1242525394273742855
1245886234037088256
1248656381349113860
1252936865356959744
1252282128168935425
1252293458552934402
1253795405260902401
1247534936787005444
1250804568700719105
1250455044769615872
1251269694390239232
1250501111829737474
1249813463062458376
1253345383930978305
1247913340841545728
1254889641376874496
1255519207795507201
1255826566652801025
1247245081016442880
1254384336033533952
1250449357955944449
1252418670787088384
1249759254237474818
1250088148035461127
1251550057779912707
1251869564813676544
1255586047691567106
1275217001577734144
1269258316905054213
1274084540491931649
1273267450407268357
1272957439076335617
1267646300201398277
1272959629010534406
1276663342136950796
1277605012454150144
1271490258698407937
1276594830790049792
1285244183398060035
1283382904853352449
1281709786036228097
1285979508248662016
1289285399630589957
1284680968050298885
1284467624777117696
1279916916879118337
1287747504918990848
1286274705876557825
1285217025741160449
1287206394182209536
1283388166112792581
1298612073333694466
1290359548188995585
1290302896114819072
1293308580062466049
1297981879182929923
1293635685451210753
1299096853829484544
1297984355088904193
1293555964029874179
1290395839677030400
1290035412337999874
1290784582405513216
1298217330225422337
1305472438411681792
1303742729168527361
1309522680186646531
1305912794961915910
1309820049176145920
1308520231279697920
1306640339927785473
1311006578623954944
1306246910664216578
1308511733959585792
1321623712773394432
1317087981115740160
1320862464624513024
1313894579142262785
1321135229512404992
1322596557666078720
1320925496633298948
1321180824868278272
1321628407436845057
1312819696857645056
1312080466623692800
1312087537968713728
1313146616417783812
1321919710552883200
1317449010018504706
1320907964136521728
1313167124743901185
1320967436846284800
1313146859863539717
1313123117552865282
1328340213739884544
1326183381890195456
1327444527192416257
1325180279342981120
1322806223532630018
1327678618298966016
1331922983141724165
1325861282352914433
1328034354073923584
1323313542376902657
1330132698531303430
1323681649301856257
1325598260677894144
1323357979056459779
1339310243822628864
1339552490409385984
1341175793473470464
1339550029590237184
1341962921736351746
1337201031931949059
1341808069538299905
1336457124646440960
1341793616205934592
1338297154557906946
1256252696983732225
1261293465410863104
1258389328163733506
1262058458402127874
1258860889119301633
1260925331579432962
1263838532084391937
1260600697067696128
1261313663086010370
1260565292654133253
1267140254504349696
1260525209246994432
1257112793549078528
1263173882170806276
