1184859465683820544
1186569289467383809
1189357091124895748
1186217029105262592
1186354085139755009
1184495464818860032
1189624243342008329
1181884425631666177
1189864731265454080
1181499880096837632
1186409325251702786
1189644392283291649
1185514287026130944
1179721194817363973
1183096854927626246
1186338806150160385
1187703385136476160
1183338478937038848
1186569566530560000
1187300492336123906
1186384728217116672
1183641518504140803
1180087799325843456
1179710420040462336
1193213091577769989
1192512489642188800
1197159340114927623
1200802817658757120
1193515188101664773
1193491631728709633
1192228869388087297
1195115452323844101
1195287828260933633
1200733332461502466
1193275028684623872
1199732227606794240
1199722417117126661
1192137211287920640
1199733863477633025
1193513396286693376
1195715955000778752
1192143358421946374
1192088183770697729
1197156391137529857
1197068337085386753
1200062101231931392
1195104444779765760
1203641212818853888
1201543796095410177
1205598253762437122
1202327967269081090
1203759764322357250
1203647829916442629
1203664272682704896
1202322393861111810
1207694459036676096
1215746234582958080
1216434059234172930
1218885792602447872
1223331114007310348
1218916020171067394
1226094537455624192
1233502804679024647
1229505222776676352
1226478656073191424
1228380438365757440
1233768894122381312
1233702385060655105
1223923911907250176
1223671102880329728
1227661521163034626
1239585969738670085
1237336145077256192
1241629058586292224
1243586832404750336
1237378948700540928
1239803848853774337
1240661143607271425
1240969730711859202
1241269766729367552
1241043574394744832
1241819604663533571
1242594543989481472
1243925264217882625
1244242620517437443
1244687025317576709
1244910371997089792
1239171960405401602
1241446983044218880
1243834236534226944
1239716036481626115
1240752143239450626
1242419928503910400
1243374385240715267
1243946860685012993
1238613593450569728
1239268288091369477
1239588379039338499
1239975785764618241
1240293380074229762
1241473406605746177
1242527086767738880
1242534148289581057
1242630583244783627
1243576514743959558
1245030913710440450
1234740824778452994
1242855565715439617
1244312283108556801
1244980321453584386
1235510008965730305
1240485540425760770
1241672662943854592
1242519046861606917
1243906264184340481
1239247489510883331
1241093039109570560
1243529795876663297
1243978437234229248
1238185721434955777
1239849638972346368
1243176311499169792
1235227086291378176
1239899390774517760
1240801016829767681
1241820400054669315
1243232498034884611
1244353637012262912
1240397569920061440
1238488236701315072
1241409236904665089
1244606421955682305
1239536899339030535
1240352929296658434
1240367371417616385
1241369003697864705
1241820206177103879
1242929733966364672
1239868751513862144
1243457317737238533
1243601961678757892
1241617713656737792
1243541393760550913
1244540564411998208
1238880069306781699
1240351270050893824
1244723304058859524
1245029793898397699
1238839155741917184
1239141035479052290
1239257556045795329
1239471980920934400
1240345309483597824
1242744697669529600
1241439434962341888
1235530339587633153
1238770156098256896
1242765086198038531
1244946052970696704
1242737442140160000
1242836135967145986
1243067071883329536
1238572793614090240
1235858252430053378
1240281120702369792
1242411980364881923
1239272555749552130
1240348934100353027
1240990222650765317
1235215347353030656
1238529005466406913
1241002050931945473
1241410996490637312
1242087647348232195
1242557646768668672
1243504953014005762
1244544118203863041
1245037406581071872
1242811297126899714
1238823619419090944
1239681258222952448
1244010121635803136
1239631268519669760
1240670949881589760
1241849771628904448
1244379477628633089
1244530464557318144
1239661467223363585
1240282997754081283
1242046165698347013
1243849015957078016
1242358121248538624
1242529522135728133
1243167416399671298
1239598346672713729
1240472290556391424
1240667095853039617
1241342571621859335
1242460122514968587
1243526938230018048
1243528202049531905
1244691504863547398
1244691535226077184
1240538282955505664
1241053640619634689
1242456131990999041
1243198524159709184
1243252811640553472
1235085352420937728
1239236334268690432
1244601292397465601
1244806447030042627
1243913233385193472
1243949723674742784
1236356697163280389
1243244243474399232
1243601460287475714
1244390911070568448
1234870978221613058
1239200932694495234
1243307994986635264
1244261227959914496
1244314244113408001
1240387171678334977
1244731123730653190
1245018015818584064
1238887975666229250
1241492281095368704
1252844256072314881
1247294261634072577
1255300759975067653
1247729716070670336
1253482813581660162
1248343912139370496
1250255532461457408
1250903041089458181
1253642527065989122
1255538660478509067
1245321642366185472
1246807278969393156
1254347182708228097
1246713241142730753
1249400505480163328
1251548545238384641
1246407726294540289
1251288078049857537
1254831051966423042
1246393193781956611
1246426181647372289
1246565322741727232
1247354351040987138
1251834473018261504
1247620208904339459
1252125646135988224
1252194803598704640
1253042246649331720
1253311130199621633
1255009445857366017
1247141259988406273
1250189589798473728
1251396343047880704
1252915614668263424
1246376461604401155
1248181356808437760
1253756838455246851
1252646300174213121
1254315499233697792
1251035704223764488
1248528370238963712
1251103112007258112
1253721181661925380
1245698497686405121
1247103191902228480
1247208330503823360
1247219889397473280
1247532078914142215
1255438578374643713
1255896878501244931
1246813705934905345
1247779259189358592
1250358638700609536
1254479494674616321
1250025061743984641
1250400774477275136
1253069818124623872
1255128652871692291
1251192919320596480
1254455198627422208
1254830953731690498
1245640543608041472
1245661987117371392
1247239729063571456
1246424782322753536
1249258655733682176
1251595604205035520
1246478889423007747
1252741404595494913
1253220760543518720
1254820092115849217
1250428754888781831
1255693113911316485
1245415632834723841
1252344033478762501
1255591010131984385
1246146398476816385
1255858305827733504
1254825134634029056
1255197786229915649
1253633559845310466
1255083106748547079
1245398883980718081
1246364458492067840
1252872566089248774
1254674496415584260
1245419690203152389
1251122472667222017
1251925907972984833
1254495384841445377
1255161098417762305
1246070708129509379
1250510980024545281
1253421390822162432
1247168241341997057
1254922809014394880
1251469271869227008
1254156981876686849
1245293582895976448
1245650016552673285
1245865033541664769
1251110730641932289
1255058335344267264
1251114433977487362
1251631592562294784
1245339520826052608
1246528033147813889
1252352592409026565
1254423105679822853
1254543151605452806
1245248748793597953
1245690637908881409
1245733483244326916
1245814511153459200
1246773329198895106
1248483629610586121
1253345385797599233
1253839600616955905
1248858685108916224
1250007270341124096
1255768057747836928
1253382480209629193
1247087416126713857
1248896701466902528
1254889307271319552
1255099481474895874
1255106991778914304
1246056103311532033
1247972325791842305
1250368425601519616
1251127303612116999
1250724847623245824
1252452162606641153
1246075404068085764
1247435150520188931
1248350471259029504
1248675819360268302
1251396116559560710
1252565243596660736
1248313477464084480
1254033301972701185
1255878577633087495
1246768890371289088
1247590107131019264
1251869408294694915
1251880733523742720
1258627691361849346
1259493333665185792
1257692574409732098
1265958622598705152
1258016709941788672
1260876257048186880
1259461937768742912
1258103447729115137
1276512766438838272
1268646281192316933
1275775690659389440
1272637967853662209
1267546459274166278
1273211425687842817
1267972883319488514
1275101379053436930
1272882530438590467
1267973087972253696
1271113714096316418
1273274955841536005
1273901447390863362
1268927551583457281
1274686220157751297
1268629847124766720
1268664561080635392
1276017867486646279
1276745447701278720
1274370324465889280
1274682640717754372
1270430463157510151
1269643847044382723
1270464220354809856
1271083590839947265
1274824416426364934
1270150008193667078
1275885257724755970
1269017653097701382
1268916948450115584
1269980040667619329
1271547486574907401
1270336263833485312
1272124300133359617
1275030137176764417
1276863431333892104
1269775465553833987
1268563158190317569
1269660391245852672
1267618317101084679
1272851643474862081
1268538085740085251
1267229530290184192
1274764016749932544
1272685128591032320
1267848454258266118
1270964107332792321
1268535235165270017
1282352605612695553
1282942487766720519
1287248977398829063
1283304928040148998
1284062478989758465
1282229231553044480
1284178553345585152
1282031906817748995
1284078504871591936
1287023133690601472
1280809218623365123
1280931225792888833
1282020099348672514
1282388107975897094
1282240488251195393
1283151427024683008
1282733420939010048
1278997645525221376
1280868547057651716
1286741845679144966
1282584638893023232
1282599170071769089
1287997588797521920
1284037482158456832
1285272431050055680
1286709478465904640
1287018949977288705
1282989466714398721
1285934400266481667
1285458176809238530
1286202678322831363
1278372798126153728
1283788617316540417
1283081239436689408
1288046863472615424
1288021910253703170
1284028379713474562
1285179112248815621
1288881128007442432
1280513478269308933
1282057940132864001
1283342318213439488
1281121836634439681
1284384996992733184
1280901401334419456
1280033188497293312
1281203424462360581
1285329952733306882
1286900839773167618
1282632364137611264
1282793173195030528
1282437471217815554
1282721056990605313
1282935575486574593
1278379542206459905
1287695586305748994
1282019325658857473
1281149825468313600
1282630477598396417
1282700157654573057
1284903528138506241
1283844900652560385
1288022780139786246
1297807512180338688
1291119212107358208
1293494014457651201
1295654930150285314
1299301586192207874
1290359262942830592
1290231184543191040
1293544013518139393
1291424041606303747
1293510300751233026
1292732790233092096
1297790663690465281
1292384394553053190
1297474215730388993
1293521364242927617
1290381446759305216
1290270717003681792
1290659798799863809
1290640276655157249
1299810600684589056
1292873901740101632
1292096901404332032
1293672642046640128
1295406042474582016
1290978545880240128
1293835765848440832
1296843251622739969
1292562581161480192
1291310252516876288
1289889935499997185
1291063232887693313
1292382884607799297
1295374845220356099
1295373685260419073
1296878484745105408
1291820405771173890
1290960535241068545
1291638528405798912
1294243210366156806
1294276029851357185
1297920330590289923
1289886999990558720
1311245797959315456
1303774675516846080
1308076018469494785
1308812368042954752
1307407474580885504
1305069695503085568
1311006578745765893
1308349554736197632
1307701268857708544
1301862864685355008
1305066342995853312
1307337949978202117
1301905360182099968
1308745431040446465
1308790729213435905
1306893351912968192
1301100397361274880
1306541646956421122
1309508735350513664
1309904315172220934
1306597526603096065
1310214382685687808
1302147857655373825
1304480108808466432
1301475466591830017
1303700513972801542
1303844730418196480
1310450246384746496
1310249190694494209
1305098904145260545
1307988181934116865
1309870349622931456
1309409070307303425
1303255577544581121
1309812369426612224
1301575704891527173
1309222396436647947
1310150857141477376
1310293128906043392
1304305617369268224
1309195628002639877
1303735312099807233
1302940702142332928
1311576997001416704
1315575292333785089
1313380929377886208
1320005877169115141
1316080235461386240
1318230118163238913
1317509787966410752
1317737565546569728
1312700848150130688
1317755328432398336
1313535240380448768
1320386062989037568
1322401233139879936
1318964655327424514
1316441641289482245
1322579211949903873
1317916855240167424
1312298102997606400
1315543999072083968
1317920677832331264
1315244062417588225
1317819908126855170
1314877917491593222
1321444785035616256
1322580340704219139
1315306162728779777
1323230103678177281
1328420071522222080
1333148222773227522
1327181365775839232
1326799945437941761
1333013824681762817
1331673258010308610
1331658917059960834
1327369770631634947
1323228711706132484
1333082039030075393
1332727201272311812
1330537774164807680
1331479955113463810
1325139705294430208
1330779435063250948
1331239900713283584
1332363446495703042
1330507575364890626
1324049586214866944
1322924633952235521
1327555649627164672
1331362321827049473
1325554682090106881
1326003448207220736
1330953010927767558
1326909416042622976
1331665729238798339
1328684559551127553
1326173065877868544
1332079031274131464
1332733028980887552
1331194081733713920
1335164420503314434
1333824677030969345
1338857595650646016
1338872695514009600
1339171058784546817
1335668616193302530
1336837171844673538
1336972694005436416
1336944260810231809
1339299772205846528
1336306977434185729
1335833831446900738
1337128703852208131
1339252847700045831
1339252847700045831
1339252847700045831
1341774882707824643
1337005257797275650
1341443387224805378
1339682210710863873
1335222397243310082
1339103329163620354
1341756492152774656
1338078948555706368
1340270696207933440
1336663286016843779
1336929400412135425
1343334519869464578
1334918109002674179
1334908382759751680
1335584184996388873
1336946595292721152
1335506264676294656
1337005941674438656
1334231162697428992
1258627691361849346
1259493333665185792
1257692574409732098
1265958622598705152
1258016709941788672
1260876257048186880
1259461937768742912
1258103447729115137
1261612358247407617
1256529769404993538
1262110640455462912
1256646598400126977
1257835980536627201
1257722711637463041
1262089667253547011
1258361140876369920
1256974485674176513
1261370884503277570
1256889972889714688
1259778895244648450
1259504827870126086
1258200937396613120
1261340572263936003
1259712901285380096
1261952507586240512
1262479234393653248
1263353207952203777
1256550251772571648
1259887526950719490
1264618228095037441
1266079725992247296
1256527499200204800
1259479553983930369
1263261131507982337
1263761913055334401
1259184540133793794
1266747001959571456
1256266823038832640
1257600665582358533
1264502559710027776
1256454554805137408
1256880441690382336
1259874125755138049
1262258986432311296
1256590214862159872
1257857680934350852
1258076566971703302
1257605517972852737
1259103379068014598
1263216897220399108
1261751865726902279
1258039940228820993
1257605477992726528
1258423327200288769
1259388295739576321
1256299348423393280
1263472819981221888
1256295616252166145
1261306592546390016
1265330607682285568
1261295273776680961
1265914713264869376
1266729363732660226
1258698383063162880
1259046745146830848
1264890108781756417
1261473928511459330
1262513920419467276
1262711040153968640
1261816621271834626
1256323759461371904
1258471068534259713
1266603668821864448
1258408747824631810
1257363537426558977
1257693549468045312
1261547305322373120
1261053957885046785
1259393815430955009
1266362492562726912
1263213407215517697
1256584230047342595
1256658378186784769
1259113597373943813
1261318168959541249
1262992742180945927
1266436646842429440
1256552970763800577
1256882001971462147
1257018706904920072
1259108173794947074
1260698838723178497
1264220794978275328
1266829232677818369
1257361857989533696
1265530176496074752
1263441973115052034
1265216381160652801
1264500635375976449
1263383217069006849
1256585956716613632
1261961501688188928
1258457263322345474
1262267387027566593
1266731091127414785
1257381101326270464
1264260773511081985
1256293560200187905
1258089793017319424
1259098628389511169
1260872256735117312
1259595825778483200
