1184899402856566787
1179071054414790656
1184845421794996225
1185658743838502912
1186347231047245827
1186083773621796864
1184914481375301632
1209527128015945728
1204894704996741120
1205272996421808133
1210665842809159680
1208507507347472385
1221452280517611520
1233061834120290306
1233063414227845120
1238506826930388993
1243561255933292546
1243538365787639808
1244886244183535618
1238887619209109505
1244716108667596802
1238125148919734273
1238812239982968832
1244383946328231940
1244723630103298049
1237024682051874816
1243232499435802624
1237815642146906112
1239107022160879616
1245070127000883201
1238488846398115841
1241024030607581185
1244789650344075270
1239174585016295426
1241774168045170688
1240322109177544704
1244640616962760704
1238917822228635649
1251972715390685184
1246958342549000192
1249233684411998208
1250466147088109569
1248072139049177089
1246965862273294340
1248385284594487297
1248518015802650626
1251606931451543554
1246546279343194117
1254842349664063495
1255263050925592578
1255227037746434048
1246122042774228993
1249028694976466945
1255142340911480832
1250063026490937344
1250054602004799493
1250100756088315911
1248552006488293376
1252362161621368837
1254825136424976384
1250189633402609671
1249224012594663426
1250154605595496449
1247889148200902662
1250546191210774529
1245337199593349120
1253413337716539393
1246504232804483073
1254843775735615488
1247994379760959489
1248400333992124416
1255953622132801544
1245402221275119616
1255164941981663235
1251261265479114752
1254153532112097280
1253679338375065600
1255232848912625664
1246857363656790017
1249066444366721024
1245457662172696577
1251556110915510273
1245389713852284935
1247588450527821828
1248264671481692160
1266826344794599427
1261748257576955906
1270361724697354240
1271949725856608265
1270814349637058560
1277717734697115654
1272964604021202944
1277082944205512704
1273452610733748224
1274870888480071681
1268226294036094977
1268242801508179968
1274795979456331778
1273662065895444481
1270874878653222912
1272221515841441792
1271081504026906624
1277941655652483089
1275818600842944512
1268556668159373313
1276535006580674566
1270802287603019776
1278040755685203971
1270726666835369984
1273780540932534274
1285363876247351298
1284482687063990272
1284098120582754304
1289282216309080064
1283026181038710786
1279809013065056256
1282109947241783296
1279824112387530753
1287474756502073344
1288868478296956929
1286252707876151296
1283953257367441409
1279073961863794689
1284094035670503426
1284933562463125504
1286124014147174400
1283423593637044226
1283779107772403712
1285946958100811776
1291688925896019969
1291768599435268096
1294357374199881728
1290641143198359554
1290661823281278976
1299703391757754370
1291393767463718913
1299461352742883328
1296526181769121792
1297904098583470080
1290037157168590848
1291512973580623872
1296484640325345285
1306896635520221186
1303308920618979328
1302307257997238273
1307294369331007488
1306223815169540096
1311350383772663811
1309938290804621320
1307313737968222210
1302616130192699393
1301768146362290176
1316788042225594371
1316826819253997568
1321519677005246465
1322282140667645957
1321619516674215936
1321016569842065411
1317186048112402436
1315023046592401408
1317006557855555584
1316815330564542465
1322191752808304640
1313969855813611521
1320817705683963906
1316816188429733889
1316914334216454146
1316997782608269319
1318174576359182344
1313834062004523012
1323040877950963714
1327289893341581313
1332858114211676161
1327252164415270913
1328457819746672645
1325559477060444162
1335411139270815745
1338768740205281281
1339298875992104960
1339706944035143681
1339616617458745347
1340027822518140928
1333788033317961730
1266826344794599427
1261748257576955906
1259137808259784706
1257444970363043841
1260193149189791749
1263571665130328069
1258209185516474371
1262087912608407558
1259928764357763073
1256727689278492674
1259158695361089536
1264294282145468416
1262842976159571968
1259551539372400645
1256206763579379712
1259547096719515649
1257022185543172096
1257763559808864256
1258413380374757376
1265024853104623616
1258871867865206785
1262032556788273158
1256048254028058625
1256297355185397762
1262784333963821056
1265405822068117506
1261448025509109760
1266606990861774851
1257029486249271297
1259190650127425536
1262350024505126915
1259498814324510725
1262858146940440583
1256740973889097731
1256566334462349313
1258415502461984768
1266384268768481280
1263930211059539971
1263507437803507712
1266841563751239681
1257747044573286401
1258826616597360640
1265006217870684160
1256621988644376576
1263471367648935936
1256606876709552130
1260401874550886408
1259264416970870785
1258048894359003139
1266422425446748162
1266422425446748162
