1180115188202258432
1184569267590746112
1185341289568575488
1178837135681392640
1188092216113278977
1180515338112385024
1180968884331073537
1180885415676534784
1187942431951638533
1184559754364018691
1182705816710926338
1184116586329923584
1183781678403248129
1189135410431234049
1184878083700088832
1183849073968893952
1180949727854174214
1183502674458624001
1183797920849711109
1185714190469742598
1180152652111532032
1184817907517345792
1182726697117831169
1184662370129448966
1181619914739765248
1186514401563758592
1184198765718179840
1184926893147148288
1184683921348403200
1187599964681064450
1181295275626893313
1182732635065372672
1189407075966816256
1187862317897113601
1183742050568671232
1180529495914102784
1179409177292267520
1179412017188352003
1182399421306327040
1184533266600206350
1187869631945609222
1180938151881146368
1185360844357623813
1183782244940427273
1185420460454023168
1182709168224034816
1181599416907714560
1184677879822635019
1187670662183374848
1180877774153609217
1183905126307766272
1182751073351667712
1179956058833526785
1180181026649362433
1179222018648084480
1183121418256433152
1191001959962226688
1193244840441589768
1197533877583196162
1199443812701163525
1192951577339936771
1195553044047564800
1192411728467939329
1197955360486756352
1199169546881523712
1191395519895146498
1199639696537718789
1190811303759233025
1191540726724739078
1199488097953693697
1199606138414735360
1199707721135796224
1191540961593233408
1198389727369605123
1200569075115708421
1195365988356759552
1192815832893677569
1194548030093037569
1190693208885547008
1199391784507457538
1191490305062842374
1193601686083964929
1193534094862422016
1194063487309434880
1200152714971365377
1192220356347449344
1193377968950857728
1199385571686260741
1192627705742872576
1199766905973870593
1196056275278278656
1191397315069673472
1190066431062413312
1191963463452708864
1192478641139130368
1191234174113517568
1196428225234161665
1196108235696168963
1199049885250727944
1199335395130888192
1201992353487081472
1205770104375402496
1202322955667156997
1208590016269545472
1201909996373585923
1206922309010952192
1204429844395765761
1206996317152665601
1211890764197892102
1208251736705716224
1201350401985044480
1209233985290854403
1203133316808900608
1201706707304382464
1202019348908576769
1209326589546250240
1206644448966434824
1203347185594707968
1203151850985398273
1203743995463122944
1206326417237172226
1202742966126874624
1209985118519078913
1204456061585043456
1205835661086986242
1206959813462241281
1210635269856210948
1213467192894906368
1218151171245907976
1217656857000644608
1213448280501374979
1222864224948490242
1220678158124449794
1212196316354359299
1215860830341865473
1221824154866982912
1215823401165692929
1222279709695889408
1220069471538294789
1214422675134828544
1217983414294454274
1222235512825614336
1216898715384008706
1218301943715528704
1212385381615898625
1214877609701576704
1218219140558667776
1212370108460523521
1212737868604542979
1213936644753121281
1212174366169018368
1217129913154723841
1218649567048105984
1214176382978269184
1218564385851039744
1218969466752495616
1214777414129242112
1214960528805781509
1217846399276064768
1219723333211762689
1227677826922373120
1227292854332141572
1232115512089268226
1233149553274236930
1224048394131341315
1233011899115167744
1232042468457242624
1233521402189406213
1227488415979057152
1226973351253549059
1232682465917112320
1233203431550148608
1233751682095276032
1228127179122176000
1228879806101671938
1233070107162816513
1233219689142276096
1226755410918379520
1226913733391220737
1227721938660921344
1232412776838111239
1229028960333389826
1232487659622158336
1233217797527752704
1228309209185497088
1223766784324427777
1231241982514622465
1232431674069139456
1232689557860208640
1233454986400583687
1228323777156653056
1232519722723401729
1233761274351280130
1224681630436069376
1226964891338186753
1230976908466229248
1226998601869660161
1233194541815140353
1232618718754201600
1233203892084604929
1226756482227724288
1232364210488672257
1233229343008153608
1233330653665488898
1226232574000979969
1228129500162142209
1232870539116601345
1232741865654489088
1238072819562536962
1240343704524603397
1241076633286725639
1243290011698683909
1238540105050132480
1239821603334209536
1240865158269939712
1240986361227689985
1241120425318518789
1241127306925654022
1241477409683181570
1242144218790760448
1242630922966568962
1242699074547126274
1236935531201622017
1237358171154505728
1238253482769031168
1238618731770593280
1239804909991735297
1240315716248784897
1242200635023425536
1243150050676609024
1243624445379596290
1237078829530783744
1237881359638482945
1238254089802256384
1238856472605294592
1239686446988120070
1242656403971424257
1242835414270042113
1234802309105770496
1237069021050265602
1238265885216747521
1238609462673489922
1239928025384243200
1242244753405640710
1242356728752046081
1242449713271431169
1242632977294561281
1242726881734152192
1243869775945596928
1237165270642253824
1237856226924355589
1237895188858601473
1238246604768972801
1238255692001280000
1238288954295603201
1238442275937665026
1238507150395289602
1241123492747247622
1241872995469144064
1242470636821372929
1242492309632978944
1244209617707708416
1244969048779218944
1235406125295489025
1237115379685773312
1241425543398068228
1242170863882874886
1242570126529925120
1244824005040672778
1235229972907819008
1235672023189291009
1238322356499570689
1238509079309541381
1240356430172962816
1240729316062900224
1241343526975258632
1242996104238694400
1237125685057110018
1237323003148419073
1238212425058484224
1242562786393235456
1242917128119951361
1244555336671023105
1234946618320998403
1235391242088808448
1235943679891779587
1237084793009049600
1237747940703248387
1237898993096478720
1239634784839544833
1240057345360769024
1240218657122160642
1244715965587361792
1237914819996667904
1238546044431945729
1241111423092023296
1244380987577909248
1237067956493967365
1238409414727446529
1238847656589504513
1238853092386451457
1242218997686259715
1242225015027892224
1242480734901653504
1242792583119732736
1243587084226457600
1238595455581212672
1240834428039041031
1241764455719088128
1242221454063808519
1242654021027938304
1235510990336212992
1238079805830189057
1238631003628986370
1239888057886748673
1239900818775715841
1241070406993240064
1241724470970028033
1242129519105806336
1242172535267041280
1243185337440055300
1237122354045583361
1238126821532631041
1238611378849615873
1239004791931535360
1239140011863199744
1239857053578952707
1240267587864461314
1240374728268775424
1242191855640600580
1242468303299174400
1242650856228622336
1243150599564255234
1244310698051563520
1244642335016792071
1235226504226836481
1237158395213500418
1239718622098075648
1241867911721091073
1242246594721910784
1243734805096861698
1244756172625735681
1244783342945435651
1235374227588616195
1237096559814127616
1238608541876924418
1240113498060918787
1240857579619635201
1240872002216439808
1242262382908334080
1242563810667433985
1243314306625798157
1243361002495721472
1237115640676143104
1238127291286290432
1238208704257732609
1240741653255729155
1241122599494660100
1241827847972556802
1242772383532015618
1244791339230867456
1238211063826579456
1239634330261094407
1239643138009870337
1240066167256973312
1240316218126610432
1240659732542763009
1242560993785413633
1242882592761733120
1244370176331657218
1235072582472232960
1237190484424081408
1237337728246845446
1238000449602510850
1238087684951871488
1238441023489138689
1238545083684679681
1239276353075077120
1239459507903684614
1240046947949404160
1240513520866693120
1240839844919676931
1245004050418057217
1235407883900088320
1236100155750977536
1238145102045941760
1239767228364419072
1242431523615367172
1242900997191729155
1235486479771672579
1238150257353076736
1238171660622184448
1239678703375986688
1240816173467361280
1241107077801693184
1241143995952254976
1241346316732633090
1241403719952076801
1242169381758664704
1242187060427001858
1243116466477707264
1243265726716301312
1237090410444578817
1239130347821883392
1243056330811691008
1244718044040945664
1244931555732029441
1239985080522526720
1241787004301516800
1242188742682705922
1242236818373795841
1244219130535972864
1237076323543191552
1237077057814908932
1237222623844732928
1238102688887439360
1238105217956282368
1238131142462595073
1240126016103866383
1240266884173516801
1240744204495515648
1242865815436787712
1237076671204929541
1237091497427771399
1237103403492347904
1237143463168217089
1242140888475852801
1242229787541876742
1243188457637208067
1243567372134428673
1244530691053846528
1244727340963434498
1238486319950712833
1238848417343782912
1239136206870294529
1242218086830354433
1242634564654305287
1242648828463009792
1242833970766606337
1242662001815543808
1242942493051752448
1243539244246851584
1243754993997549569
1237362570962534402
1239253577178234882
1242230463407616000
1242233580249444352
1245019084137418755
1245090260855459840
1237222665179537408
1238533335422509060
1238582914557841409
1239936020340187136
1239985874135404548
1241804957877178368
1242170541387243521
1243393479125786624
1237253439375237120
1238039212722618369
1238649014352052226
1239794165875126272
1240269906224058368
1240274084035870725
1241862354528284682
1242094275325722624
1242572768954028032
1242592671216144389
1237066296120016899
1237079535998337025
1238582541394882560
1238785593469009920
1239709568650731521
1239838359578652673
1241048408418406403
1241186632809644032
1241484972029952001
1242239658374856706
1242273874449846272
1242442859933990912
1242839165043081216
1243928893301624832
1240386104328630273
1241097094976253952
1243146575192481792
1243200293409632256
1243724344913788928
1244610388899102720
1237077247636496385
1237169111198773250
1237466598287515649
1239450869390811137
1239689109926481921
1239914239667646464
1240420114509508617
1241453632161083392
1242186583362752515
1242619631912669185
1244588173990211584
1238978978276413440
1241774492243771392
1241869739120418816
1242154391337086976
1242167886422171652
1242231534339448834
1242444297405775873
1242614649092104192
1243574498789474304
1243723573484806145
1244007189158572032
1244586984548548608
1237082315953713154
1237584038455459841
1237870860469493760
1240012001247715328
1241537230050476033
1242176729617227783
1242396075509637135
1244590196080984066
1244757308825120768
1237139616118915072
1237877135534104576
1238340099659702272
1239649464907739136
1241146839824576512
1242388849160065026
1242523912157749249
1243298749088059392
1244037219532365824
1235709510750265345
1237208941995720704
1238561194266542085
1239936935558361088
1240239022720651264
1241006490028212226
1242196023159775237
1242503562938236931
1235360327702847489
1235376102928977920
1235522484578816000
1235525729548410880
1235790566593609728
1241081569915351040
1242179655601356800
1242451985590153221
1243006511510687744
1243524723977400320
1235394928022257664
1235678453078388736
1236050881478619139
1237077214035918848
1238164166315294725
1238394818528784384
1240105807804579841
1241405517508907010
1242399034117152769
1243028031301505024
1235331973784252419
1236411711323865089
1239905965115420681
1240269016876318724
1242186708440973313
1242214885762744321
1242282137966936064
1242453611700871168
1243164430885584896
1235847599380291585
1237068001859514370
1237131368364224512
1237525473539719168
1239933679318827009
1240364245608542208
1240926475001487361
1242177946539958277
1243092556449267715
1243975582058254336
1237083324314763264
1237145644177002502
1239640742215155716
1240528172690616320
1240799918983385089
1242172451141935104
1242245319624196101
1242445346560770050
1242529424735641608
1243174258731188224
1243995011294863363
1235317095233134592
1237898815371272192
1237919796840316929
1238868317705658369
1242756881434554368
1242902558672371721
1243552923478642696
1237069265234276358
1237107147915137024
1238017747147096064
1240126124526653443
1243078386274258944
1243943049270616064
1238072417056182278
1241014681990336512
1242225367173210112
1242615158377086976
1243211615962529801
1243422962306301954
1237089423000551425
1237098308599939073
1238299089306914816
1239046699475230720
1240101669595013121
1241389648766734338
1243150989634527233
1243840252260708355
1244938424487985153
1237070815155363843
1237098841519919106
1237108677183750145
1238234556978921472
1238347194693976064
1238873058494078982
1239346799921565696
1239677560507764737
1240100046206427137
1240388731959488512
1240799887844708354
1241394180661936129
1241485204004450310
1243148797762469888
1236674589691871233
1238459980350722050
1238562290540195845
1241178720716484608
1244251031636074497
1244607410217594882
1238406386733572097
1238774201739366401
1239708084500680704
1240238387136774152
1242147621399138306
1242169209737687040
1242210935474880512
1242292226480394240
1242623686198398976
1243837397743222786
1245683709946130432
1246762088858628097
1246879705619484679
1253864167779393536
1254703862155374592
1245486145548570630
1246032085816471552
1246198107248959488
1246468207826726917
1247288590603825152
1248560841294823425
1249841451548229632
1249951777014853632
1251118244699820032
1251123994297851906
1251375143416463367
1253277916785451009
1253380142556200960
1255477646873497601
1249772693920067584
1252091768675409920
1253732603938713600
1254243863058841601
1246764103370248192
1246819019430268929
1247363005928669184
1248589568531726336
1248639258585423872
1253650152096772096
1253769069225897984
1253865425718390784
1245617036874506240
1247272049506205702
1247524207732215810
1247857491003748359
1247891820794671104
1250786908634054656
1252578826405720065
1253707031267196937
1254198759719911426
1247876877412233217
1249095221125820418
1249488652813717510
1249731773904363520
1252002524837474305
1252678922778693635
1253626725382184960
1253755811022671873
1253883338839822336
1255888853702860800
1245122850354274310
1245199984569528325
1245362240234061824
1245424003818369029
1246230015047544834
1246845158844440580
1247333295618220034
1247570905401716736
1248029617182605313
1248357062301454336
1248542521837465600
1250127801249861639
1253352603238400008
1253840370376552448
1254090038339604482
1245717399053139971
1247833017583730688
1249729602135584774
1249829339811721219
1250106300983209986
1252502955640492032
1253791176936902656
1254278249875673088
1255203916754620420
1245389409387757575
1245409475118301189
1245515668818182150
1246797649950498818
1247650120750882816
1249504139412942849
1249623457760972810
1252630592505741312
1253161965150756864
1254143041784483842
1254257076945195009
1254514527049318400
1245508903380627458
1245546055099441154
1248075427375124480
1252376966386212865
1253495711896920064
1253821051500482560
1254050955664003072
1254056468657004546
1255848760351117316
1246832894149943297
1247000832249397248
1248585475050225664
1248607143487344645
1251244443937714176
1251926115167334400
1252361250807230466
1253002037203271683
1253831744127553536
1254063620549259264
1255229498615881737
1255519008335544322
1246086632446595072
1247198072029003782
1247678975348027394
1248326506369163265
1248705264485838850
1249004969082204161
1251575406274113536
1251940642076233728
1252853607839367168
1253927308857090050
1245121768655925248
1245579716779634688
1246619222853197825
1246723087309078529
1247317963759329281
1247336255416930305
1248749851170529280
1248751882580963329
1253850710778580992
1254204664486166530
1254424999202623490
1246186375780728834
1247250317210800128
1248821823451664384
1250441462589734915
1253016539785297926
1253209375230930945
1253270683678801922
1253528106465464323
1253885472520105985
1247670143209091072
1255164974898597889
1255930427627507714
1245513896850407424
1245703066122358788
1246816838379540481
1247216158371205122
1247235270510084096
1247376010418352129
1248258904112365571
1250279878852628480
1250517922516291587
1250918310838968321
1253686233877876736
1254241104561659905
1255078660572426240
1255575728860643330
1255598712719413248
1247869511363170306
1249680947387215872
1250620522636832769
1252354615690948616
1252960470673260544
1253667520931921920
1253767593170800643
1245406811135541254
1247570716360237056
1250102615641391106
1252114902845661191
1252309319275560961
1252608349822214146
1253000983464067077
1253528106054422529
1253714742734192640
1254145972361363457
1255564201977712640
1255818227667611648
1246952111390306305
1247349311979106309
1248318494183174144
1249733206372474881
1250254482677673985
1252984120713641984
1253044666791944192
1253590745963003904
1255677007951794183
1245448027772522499
1245534685779963905
1246181727153926148
1248065858439655425
1248406421567201283
1248659740068057088
1250655017754939393
1252122729416929282
1246060045021970433
1246262720468582400
1246571844909572096
1246609992062394368
1249699486999425036
1249842553521922050
1250102587048812546
1252916650397097984
1253347354150875136
1253405948682665984
1253518887011770368
1253779091846770692
1254964720051855360
1245857311303692288
1247154734630395905
1252975821133840384
1253682543888662528
1255316653866442753
1245371720594149379
1245563110573907969
1246257174747197445
1248679650429034496
1249760467733499905
1249836506547720192
1250188400285626368
1251361340263890944
1255479271507800066
1255597496564400133
1255625703053279232
1246843244840767488
1247463338877104129
1249555240745123841
1250738923665534977
1251252287189577729
1253489974546247682
1253648151610830848
1253812120124141569
1253847812447645708
1254420429936058369
1255138249414029312
1255206539977252864
1245434090431500288
1245558230954266624
1246850398821834753
1248978211167444992
1249231374554284034
1251587374200631297
1252263939049771009
1253489397955207169
1253512474227142656
1253798018756882434
1254789287536496645
1245454732639993859
1246558938990026753
1250879298615029761
1251133812542705664
1252660346906607623
1253337067951554563
1253724383094415360
1253792435685273604
1254032965480349696
1255012919449804800
1255782710372528128
1245444357236416512
1245877693217939460
1247514595356372992
1250516463699611648
1250673209957113857
1252411530349404162
1253650648752668672
1245515314873458688
1247320908538281984
1247567924363173888
1247906399641878529
1248105529907568640
1248701832924467208
1252040762793091073
1252280812709568512
1254122368018124800
1255472792620982272
1255633570275758081
1253044399245873154
1253109691707559937
1253499811506118663
1253500628581650433
1254290022871818241
1245441941887737856
1246452145962041345
1253744582853984266
1254270999509512192
1255392547683348481
1245134261117685761
1245400226325827587
1246184916129366020
1247566607683137544
1248039683495538692
1248333885961895936
1248566894614978562
1250927753844731904
1250941301035610112
1251115842445737984
1252241869297184769
1252434908024172546
1253520278564401152
1253857460600877062
1255463778906505217
1246234559303299072
1246331796687642629
1246634664363732992
1246646832043831298
1247846378656665600
1248014106528907264
1249386680060121089
1250854770325110786
1252223909346381824
1253106581299965958
1253652696701206528
1255272131593674755
1255556425738313728
1246316954987757568
1246688642820534273
1247587948570333184
1247686830515945472
1249444469155364864
1253058583475994625
1253222094235713543
1253344448806780929
1253717357647757312
1254209381169795078
1255260370790424576
1245467746344808452
1245482562316726273
1246576449492070400
1247225472842416128
1250705094376427527
1253498999497244672
1253844189021908993
1253899071858847744
1245404421254606849
1246467781631053830
1249578717959139329
1250114765080363016
1250880434059296768
1252282604386041861
1253511798994743298
1253639361884753926
1253865428205649926
1254967757684211712
1245131671894142982
1245513053753532420
1248632623246782466
1248856333836865537
1251551066744913921
1252256143008808960
1253375383413628930
1245388231358795779
1245466457049141251
1247173380891185157
1247373284116762625
1247472251911442432
1247618508290170886
1250220068526592002
1250227088545722368
1251072886720397313
1251184824301256705
1255448674282455045
1245432088251129856
1245481258723020800
1246394425057644545
1246803823462473731
1246960140709965825
1247901481988059138
1248318441741746184
1251510918850195456
1253672735294832641
1248802417698836480
1249874065755521024
1250133064639971328
1251070655350669312
1251934251169263616
1252619660740132864
1253810058393260032
1245484760962682880
1246069058111516673
1247600741201698822
1247873112097591296
1248690574514929668
1249215812352847873
1249357022203691008
1249428031678054400
1251290334883176454
1254787797879144453
1255867715966963712
1245462011057704963
1246244679978491905
1248059821225631747
1248376158971805697
1251273232822546437
1253548440795131904
1253772207517507587
1255441175999373312
1255480185861935107
1251250864414580736
1252637668665589762
1252643196938543106
1253443582339489793
1253772510539194369
1253966289569230848
1245409983161827328
1247760573548220417
1250286043858796551
1252485765520592896
1253449422702170112
1253618306650501122
1255464157371129866
1255603645216952320
1245692501396250624
1246016723662147585
1247969873516347392
1248357175556276226
1250352984761851911
1251138770868613122
1252605644793950208
1253365946766381058
1253672932850745344
1255141026257203204
1255376620132675584
1245418388488404993
1248070404956028928
1249427166846124033
1249502713194348545
1250874598247346176
1251511296333352962
1254789736339628035
1255309143210065923
1255512686118477824
1245439320024064001
1246109765584945156
1246122033685004289
1247469873795493888
1247703125714251776
1248039087920959488
1248396788119171080
1250072859134898176
1250173799909085184
1251257779777441792
1253965877365612545
1254138221799395328
1245408031350849543
1245466503211823110
1247394998024355840
1247532133352013824
1247729240017158144
1249979331004239872
1251288856940417024
1252927160618307584
1253654740891811842
1254042069099778048
1245394493240684547
1245727456520278018
1246564412938506242
1248655730174877696
1249064958412939264
1251232523952193537
1253682163481866240
1254032823830315008
1254478293115568128
1245447144351416320
1247742185975447552
1248087876212064261
1251205611284545537
1252235655180021771
1253853172705251329
1253943162122444800
1254319616614154240
1245935954780545026
1248598885909528577
1250497474038562816
1251296674124709888
1251481501759410181
1253551158368571392
1253854263933108227
1254107911300608000
1254423516012675077
1255644298705604608
1256965074331328512
1259939822636077057
1265434947508207617
1259624746070630400
1260650030433615874
1262165311551238145
1257943492237471744
1258206248601870337
1258407515743797248
1260330106918260739
1262371723598606337
1262461042833195009
1258712694011592705
1259433728432013312
1260411773011845123
1260912267278921729
1259488849081884672
1259515106301562880
1259561371898982400
1261375222231396353
1263797265740726273
1258238242165370882
1266173299685388289
1262603575546580993
1258432591553859585
1259139711932776448
1262186299139579911
1273770224198746112
1273015257062137857
1275587456532963328
1273423336790466561
1277635871152369664
1269394177030266882
1273282320880087041
1271218384680546309
1270838476649443333
1270727244101701635
1272935766407237632
1274417288997986305
1274362565519388673
1276499097499795456
1273429709078949888
1274452817768374272
1268172833089339395
1270446087497748480
1273749514139009024
1267629669714714624
1270856587767435265
1273007723911819267
1273624414551068674
1273702508255379459
1278041116625924096
1276314102755930119
1276970338635710466
1273301086602883074
1273371113603678208
1275560190218207234
1273652544833798145
1270430497043333120
1268585123991089153
1270860069509500928
1276284114077757440
1273925984086089728
1277278875790139393
1271974623064788992
1271760559143256071
1275536364864495617
1277397269227073537
1273277673704271872
1273027760584298500
1276129051875426306
1276564789481766912
1276697058032959489
1273059386349555713
1273274880172187649
1276567144168337409
1274125574995415040
1271553224353484802
1274038218149654529
1273705453969702913
1274002947094073345
1269585396142407680
1271183993036251137
1271536798372712448
1275931922552836098
1272241766905843713
1272409466001068032
1273260357818204160
1269977583732563972
1272062825222062080
1273766496645320710
1276924153132654594
1270437296953794563
1276736503293624320
1273355829551513607
1268762531595681792
1273277867649044480
1270222410227294210
1270100950791843840
1271006412932632579
1276999204716584961
1276574962791350276
1271157527938465794
1273281890020179975
1277521498396332038
1273298352613003264
1275851999582576643
1271218531477020672
1273955568869392385
1276308891396014080
1268540938529452035
1272244298038349825
1273908653213581312
1275958311297441793
1277285784693997568
1274856848659750915
1271105025218052096
1271841401907679233
1274033047277645825
1277330387379851265
1273436952713400324
1273704604518297602
1270958592108007427
1272983211925057536
1269818505869787139
1270121554869923841
1271172092436905985
1271925535959060480
1267806681897013248
1275915178886889472
1273789554085056512
1276944336517816322
1269047373264805891
1279034840051003393
1282716158081327110
1289292437525950465
1279968927854948352
1280566227015000065
1289181414399913986
1283060369792086021
1289191153716224002
1281120772233334785
1281754279200473088
1286465931334615041
1288951910385426433
1279582488352960512
1287703472549363712
1288993368211689478
1285708920665919488
1289038721594077184
1289249790425890816
1286807476000751616
1289110043456086016
1280189132728422401
1284879296381640704
1284511010758496257
1289236925874761734
1289019520913375232
1289275534044622848
1283160688064593922
1289153840718127105
1288998667907563521
1285304765459521536
1282668654434320389
1281278043479257090
1283891377030520837
1288983415803514883
1289269729186783232
1282521711016054784
1284121754370277378
1289204743051649024
1284053697312337921
1288960256182308872
1289228177705799681
1288901658684952576
1288992247111995396
1288926446757568514
1288975786037346305
1288999380406734849
1289001309782368256
1288965114188767232
1289005824434753538
1282149172909682690
1286045451339345922
1289168726525280257
1283156235588636672
1289229891158683658
1285743347504762882
1288951685671350272
1289291594496008192
1280596844637302784
1281780040737460230
1283068739538292737
1286092208765128705
1284952452786040832
1280562186717282304
1288999251322773504
1285290429789995010
1289055622638514176
1283952077736153089
1289177500703010818
1284791233475489792
1289243571199983616
1286097494682738689
1285347787853332480
1286698260518838272
1281003589767495686
1289230491418124288
1288888490835546113
1289174886829588484
1289240373311627264
1289186858505654278
1285261531031248896
1288946741711118339
1289189099560038400
1289190376775901186
1280281839416913920
1289265233270173697
1289039670073085952
1289203494436483075
1286557520824328192
1283967770925899777
1289281414907609088
1289228217384148993
1288964384157556736
1287900672910929921
1289231381076168710
1278740682295910400
1279352893368266752
1283848524531023873
1288917209285382147
1289034028020977670
1288916108339183616
1289216958781698051
1281780615243862023
1279103115657175040
1288126235478913026
1283099702880174080
1288953845775831041
1289239994448535553
1289032703690645505
1283158616053350402
1289041426102329344
1282123177771048965
1287096531703783424
1289020473800568832
1280993951139454976
1285018651486064640
1278394596255363072
1287481212152377344
1289043677575249922
1289245263597465600
1278836134148050944
1289012484536500224
1284976238331756544
1286076534630088708
1278339087888506880
1289191585436049411
1284648009243021312
1288983296903389187
1288931686411952128
1278751228004950016
1281248195612340225
1281675287294607366
1289022720806535169
1284566880431333376
1280278689482244096
1284068555772878848
1289063416007663616
1284579012371570688
1285101182793527297
1289246901460639744
1280819613555712002
1289318736051048448
1289205359102406656
1289295042935312385
1281754497308454913
1285567316764352514
1280638602519687169
1283866941753626629
1286337516828798978
1280870630452269057
1289245614056718338
1288985758418665472
1283856007181918209
1288987902253432834
1289152064056995840
1289288044026068992
1280555292414095360
1280853615339429890
1282378496489201664
1289039933609373696
1279047034251739137
1289037703183392768
1289237994625409030
1287147885713403913
1290188437329330177
1290450589651013634
1291347397553995776
1289572026798112769
1289982304098508800
1292062930536558597
1293840606578515968
1293940825282564097
1293957585142525958
1297144061388894208
1292649313038938113
1297038394275450881
1290285790702891009
1291026800089403393
1289592695166398465
1290669008874864645
1298065012200599552
1296803618130141184
1298107518179254272
1298405691229720576
1290706677927485445
1294012990874955776
1298824249235263488
1298650223359733761
1291257443813658624
1299519790663512066
1296620511594713088
1289660328939151360
1298487660546334720
1294368606554394632
1289343377356414976
1289556298829148160
1295776865089724416
1296816719076511744
1289408000839409665
1296922877065744384
1297875897064849410
1299992401340239873
1290013279000186885
1296931192046903296
1295154359043530752
1297887581468852224
1294861632334696449
1290052072126128128
1296565239027245063
1298300657213083650
1298381783151583236
1297338645335216133
1289558213772185600
1290395849684422656
1293951054980288519
1298912339069198337
1290013076591226880
1298612452083609600
1289937452518367233
1298590296549330944
1289329979247874048
1290539001481322496
1300231080348446720
1296459597117632512
1298370915152080896
1289485945935245312
1291720012630089729
1297494182869704704
1298680786451750912
1295817990219456513
1292850050394185732
1297975544924057602
1298064679575728129
1295093723190005760
1297170403861954567
1289329810414563329
1291475195656638464
1296822373254156293
1298412708736520193
1294042178579132417
1296591895519354880
1289370296408047617
1298634977064685568
1297579745941610497
1289472303051538432
1296454025408393216
1289940866182782976
1289337038202789888
1296679304223318017
1291385604966686722
1292697270220193792
1298995752811655168
1294271921840959488
1289330520262733824
1289636840220196865
1291168419933552645
1295386228582502401
1296607567938904065
1298348007839150081
1290173731982069763
1289320277705281536
1289364751412277248
1296528058493665281
1300257546318557184
1295118658520326145
1296990306844512256
1290378234148859904
1290392088522129411
1296121212163231749
1289597506066608129
1289337574977236994
1291575300741115904
1297182462217420801
1290765682636804096
1292010417817092096
1289564924348215296
1293130330539319297
1300500034761510917
1300553070388994048
1299118722909720588
1289393440577355776
1297724297214140423
1298361550563147777
1298886509467181062
1298601709590188034
1300047892439347200
1296044570720043014
1298384882918400000
1289949890114539521
1291386288621330432
1295492487260372993
1293235581904977927
1290457459660906496
1292022907133100032
1289677022302572544
1289968584496541696
1291193766494326784
1289746190788173835
1298774518627028993
1299113148717256705
1290746237826805761
1290765355988770819
1291093321415360514
1291782123792334848
1299860468828434439
1301207620162744320
1301231234245296128
1301594560146145284
1306679533525970945
1300834289941061632
1303045912764256257
1305972551202476032
1306678001460019201
1301591535725748224
1306687231952744448
1302342423276814344
1303605885621751809
1304801872872521728
1305703390962487296
1309160503269371907
1310410864676270080
1308436495074639873
1307764514839040003
1308096207173156864
1309515829885632512
1302028965939351552
1309199595734478853
1300918585565511682
1301118126688333826
1301604439455936514
1302666595282673664
1301531590913392641
1307823233308139521
1301589930393698307
1307001573369929728
1306961218750623744
1307708317775663105
1306976944106295301
1307713947206852610
1308459062149996549
1309153538916995076
1304109928211079168
1306969260460331018
1305494154647080961
1301992165103501313
1307509707419119617
1306554326257668099
1309607452497846275
1309855742699229185
1300630169736998912
1302916885831274497
1304602706095542279
1306499636442480641
1306986142848495624
1301554829236469760
1305605159557517312
1301593231407411203
1307514836671172608
1300895853729607680
1304887576252252160
1306682198448365568
1309806370405969920
1300629214463492101
1301593759755493376
1308541924320645123
1303853295409287168
1308537414260908032
1300811481114701824
1307412369254031360
1306912914209730567
1304124624733712387
1305998426753171456
1305618001094377473
1306823704542736385
1307109796869533699
1300821740382236679
1307022561193099266
1304750307679768578
1306970543971737600
1306965414392532994
1301342010390052864
1306930395691266054
1309805573332844545
1310919261527977984
1311138084231184384
1300919918314098696
1304074490247294980
1307057116843311112
1303829266069684224
1303888297597513728
1306689009641566208
1306733209196007426
1308645593716330498
1310744756604076033
1300837305456959488
1300872508242104320
1302993769080315907
1308552337577959427
1308832802276868099
1308980567631896576
1303477418460471296
1308172724066369536
1300910344131563525
1301298049642192896
1305869891413696513
1300808613162876928
1301718436431777792
1307676885665689602
1301588923018166272
1300755108611928065
1301117719832530951
1301590421382987776
1301500257143074818
1304927477442260992
1309206226916515843
1301590867623501824
1301255379104522242
1305559608975556609
1300621371995836419
1302184051999223810
1308930643544342528
1311066172490563584
1306985184202502150
1308808762245947396
1303744300719669254
1305643071858569217
1309537785095708673
1304598179489357825
1306678810130165760
1307514562820935681
1307836433298681857
1309135291047960576
1306684382036586496
1307048960624910337
1309166135099580416
1301236166981713925
1306923273746362369
1301408171202736128
1311056105532010496
1306948303750299651
1307953104378363905
1309193520834654208
1301469521627226113
1301631793259589637
1302426807833112576
1301592870403616769
1304138063682076675
1305114941876174848
1309372833995382784
1301604720453320704
1300913260108095489
1306656188818432001
1306870948016975872
1306952170798026753
1308826305006272512
1301161038583341062
1301302151759777792
1301593378812026880
1300803525631528965
1300907389244375041
1307079235824214019
1301275962529603584
1309486644022706176
1305710574987128832
1300951448130387973
1303758374836658177
1306369839875780608
1306960295060013057
1308888344215146496
1310639191563304963
1310943274337792004
1306796039899418625
1301053152024825856
1306384654900092928
1306984579123863553
1305053663514308608
1300817330499399684
1308931282387300354
1300802568201928705
1301173229806026752
1305615595736506370
1300827753848152066
1305287491822391301
1302975192533090305
1300941012341121025
1303821443629711362
1308609719590768641
1306258354742984704
1307726625174368257
1307341990397382657
1313185998235287552
1313242794501320704
1313489991960604674
1315697955211485189
1317497855670652929
1313335089842081793
1314254871030308864
1312533832235540481
1313164830455599105
1319367194409603075
1320761060756869120
1314021321634983937
1315706669494566914
1311674326031228928
1317707892540297216
1313375673910607882
1313251547678203904
1322625968121536514
1312818235239268360
1317847926056550408
1312065372376510464
1322310742796759040
1312098624516448256
1313191449651867648
1317603706280562688
1322258207310532609
1312286555776512001
1314418682290868224
1316646065047695360
1312080720311906305
1313173652326809601
1313316026726064128
1313511741339267073
1313973822085758977
1321570213083680768
1311528395214393345
1312034973034205184
1313224062404091905
1314378401990533120
1319494812446445575
1311673691378507777
1319862601254391808
1320043983930859521
1313832145727696896
1319815963299250176
1322211447326281736
1316972360923308032
1319037539726946304
1313877884684173314
1315707981330354177
1317632875714543617
1319693679070773252
1313160893081939968
1312107349935497216
1316445921236799489
1319233761872064512
1313165128255311874
1317843850422030336
1313227629923835904
1316809922932338691
1313220899932430336
1313257880405995520
1321889995628728322
1313148145526689793
1313264749254238208
1315867672551190528
1312106716503314432
1320835847592144896
1321043979379613702
1312041480287137792
1312548259391365120
1314798448802054144
1312050394391097344
1313565227095592962
1320806174174961672
1315164154517491712
1313713629980581888
1319376381252235264
1314117710188621825
1316971484305293320
1312247792522452992
1317700119668482050
1319817323969130496
1312204496689217537
1312820228980604929
1313177564366733318
1321495061557878789
1313154214680461315
1320532112865402880
1313182110975488004
1312057118980288515
1313252432697126912
1317967134115463169
1311466334576881665
1314257652155731970
1316847725443506176
1312090367781752832
1313308837693194240
1313828982652108800
1320046353746186241
1311760908457250817
1312002543556403200
1317074540699275265
1312046997554200576
1314778824836612096
1317898203182755841
1322289868479762432
1313064775350321153
1321867866283610112
1312125706294321152
1313175135852011521
1312614080578945024
1322319588013518848
1313176772050026496
1320394170566135808
1314719937856929797
1319022212867829762
1313302181337063424
1317695773476188167
1319808174371778561
1312042427247726592
1315646717572907014
1317329633164013568
1312528536377282561
1320026099028426753
1320760412107923457
1319439752039436288
1321632251998883842
1322533710214909953
1312080949073645569
1317571001320755200
1318676171093995523
1320221918633644032
1311687250175037440
1312537733143773184
1313527476044419075
1320322133428502529
1313615849903751168
1313233826764779523
1317859988887535618
1319680929204441100
1319941953094549504
1312197837879353344
1317970450056581120
1312714376428900352
1321854585296818176
1315027306948296705
1315296916805218304
1320759533728272389
1314068949278109697
1313834455308603392
1315230910984474624
1322235390363918342
1313202973456166924
1314980498540699648
1316067909584646144
1316735192292372481
1322092469459312640
1322229511736406017
1312579912709021696
1314245214773612546
1314306256283205632
1314281030895902720
1314284680276062210
1321953029822795778
1311673945637126151
1321769770912485376
1313196958811484163
1313867055377133568
1320722197892255745
1315976758986829824
1320076707512999936
1313222359520669696
1312146839345393664
1315065049958895616
1317147939228196864
1318715610264580096
1313150914027454464
1314738365552644096
1317902385063211008
1321475234999009282
1313148633898840067
1319806832966275073
1312131744015937538
1318022310519926784
1319818644965261313
1321165700849930240
1312699827931754496
1313300016728072198
1313956072210812929
1319993536318758912
1316760673834106882
1315790796520599554
1319803136735809537
1323328093474476032
1328683449797005314
1323673550079905792
1324863646074200066
1329510245144662017
1325976155875233794
1323313490518548480
1329187774969360387
1325797764840652800
1327228017186394112
1328761573058486277
1329869334026608641
1331378062919938051
1325957604456230912
1330548570009767937
1323285895739543563
1327326004533096450
1327378458482241538
1327712718552322048
1328796183591088131
1328931387576086533
1331339709755232256
1333534543350026250
1330513510611075072
1329945456449888256
1327691652387913730
1331676171554189314
1324884508554919936
1322852020135645184
1329419830458368001
1331356067872305157
1326138186502901760
1325832828098023437
1325497946482356227
1326585463050805248
1325880323259981830
1322958333159026691
1325906296340615170
1326269037559607300
1323057817876602882
1323444788436357122
1325120413010071552
1331675959804747778
1326595243530215431
1333199811940671489
1328053502116061184
1332201034018660359
1327916914690068482
1329587313467293697
1326373643325202432
1322916360771481600
1324486329674194950
1331137746082082816
1329999235790594049
1325106025184301056
1326329203021672448
1326328139522387979
1329114748839997445
1331823755153334272
1333459285523705858
1327252480816771073
1330296230283522048
1326484828464836610
1323363964751958020
1325416184628432897
1323384423107170307
1329025586853974017
1325836575259955200
1328330263500353537
1332354161313280004
1332801479560802305
1331689357649080325
1331330029880532993
1327686879949549571
1323283886227386368
1327315809241329665
1325263476521136133
1331671891183104002
1333401649876971520
1324861293086576641
1327397760681738240
1340916942018932737
1341401784267530243
1340542461937147904
1341860376485490689
1336725260423532544
1336396130486202368
1338550101447467010
1335210968893317122
1342806304704884736
1340120867288838145
1342475637651603459
1344631281913638916
1338968464900448257
1341405280148578305
1339948703709327362
1339257461409280001
1338576994343280640
1344281333745520640
1339204946533748737
1340576918144487424
1340871228278509568
1341184093980004353
1343441920606019584
1340298076213415936
1341460196636409861
1340330215202058241
1340516817979240450
1338589178767024137
1340989928239493120
1335062311648686082
1338510736910331904
1340484651857698817
1336941102537043970
1337590457019236352
1340745486714585088
1343906625711710209
1335219384164368385
1339330056867364864
1342198539083014144
1335415109859020803
1335260650444972032
1340153116205985794
1341180931227308032
1337534052300156933
1340222967154819072
1342790818415976450
1340332558010224642
1336468508474023936
1340797105829535745
1336124769343705088
1336467129466564612
1342759202255736834
1333800411858309122
1340337054312349702
1340559573514674176
1337218186622738437
1339239709340360705
1339215289909719040
1336270341035991040
1339784643499929607
1342826793166888962
1337207766063198208
1339120999762157568
1340014051271663616
1340070332690927616
1339641529636417536
1343356860485820416
1338309110677303296
1340033224018374658
1340342603351527424
1342774435669889025
1334951404377493506
1336314947454853121
1340940094572814342
1344083263674048512
1340222463465172992
1333596537696497667
1339398310344404995
1338735975221002240
1339238951945584641
1341705861236928513
1340047632220172291
1340101082760953857
1339971308415823872
1339003886556700674
1340801883892555784
1336844788730126336
1340461407024914432
1339420779243573249
1343202524900323328
1341081815877103619
1334258308316852225
1335001272727064577
1333742720762990593
1341416437475401728
1344525092013940737
1341508166891257856
1341762996033478657
1340154019063472128
1338243333240524800
1340348218555686914
1336294959478157313
1340308928547217408
1340856329712361478
1342893253272739840
1339823041560326146
1339166169736081408
1337144836621619200
1338990912928686082
1339585202339778560
1341857740709367810
1344634865367584769
1339262843036774400
1340422756509224961
1340728260263600129
1334236876794945538
1340722522766135296
1335005954803429391
1342601850403647488
1339195345159532548
1341462885763936257
1340606989341138944
1256965074331328512
1259939822636077057
1265434947508207617
1259624746070630400
1260650030433615874
1262165311551238145
1257943492237471744
1258206248601870337
1258407515743797248
1260330106918260739
1262371723598606337
1262461042833195009
1258712694011592705
1259433728432013312
1260411773011845123
1260912267278921729
1259488849081884672
1259515106301562880
1259561371898982400
1261375222231396353
1263797265740726273
1258238242165370882
1266173299685388289
1262603575546580993
1258432591553859585
1259139711932776448
1262186299139579911
1256961507885084672
1260540573292920832
1261322935232585728
1263967653057703937
1265779031082971138
1259473976973299713
1258490056500826122
1260307560516792321
1260958257906094081
1264545230818328577
1256928760076464128
1260044733113610246
1263568916737114132
1265379389468008449
1259249610981281795
1265366971043819520
1261352244114423808
1261630668062314497
1257626204062003200
1259220631423463426
1259943901961617408
1260907585894584321
1259661809549598720
1260004069038362624
1256331326682042373
1259150386411298817
1259907014207160321
1260186182379503616
1259186850524278784
1259228999743651840
1260276011792568320
1258173455964332032
1260000559060471814
1256706461939273731
1257272074713915393
1258203874604744709
1257716760733777923
1259049788928077824
1262091025528414208
1258991676510666755
1259142034654482434
1258402630004588544
1259263883581235201
1259772347164307457
1261773301472509952
1263962974877712384
1263449156233973762
1264023349786816512
1258554388517236738
1259759099077689345
1260265849807605763
1262625125016403968
1265467334963204103
1258953082324606978
1259247075197247488
1265016047163379715
1259147588005236737
1258804343765118978
1261839736978567169
1259312567580790784
1259363048151748608
1260555728240234496
1265302176307408897
1265446317721104385
1265492602847203333
1256641642385285120
1262694497810604040
1257060926756454401
1263630498385006592
1265509458811277317
1256795847913857031
1258969967040565249
1259969310270914564
1261518582875402240
1264436287945269248
1256195743985131520
1257878096453275648
1262423438683254787
1263837373034569731
1256346443872448515
1258973927855976450
1259370197313437696
1262332768446373889
1260682381100343296
1256419030765797376
1256542522756812801
1258963563709755393
1256163739973410817
1258572061368254471
1259599679802802177
1265427535652950017
1259372968733364224
1259312802457624578
1265368945395216390
1257993039315959808
1262260260800090112
1262414730595049472
1263302158159667200
1265358971222843393
1257757302892843008
1259205527936151552
1256439209289605120
1265009930286891009
1266169306691362816
1256635280431493120
1261942725793980416
1262512654838566912
1259535493353660420
1256270231938490369
1256810991435886596
1257705670989590529
1257935712214753280
1259548648159039493
1263591086506651649
1265614584808984578
1256940266570878981
1258495345169817600
1259290903560228874
1256418269210325002
1257765938134347776
1260879145392680960
1260993029009281025
1265025161490829313
1259378425392959488
1259566224935092225
1264371086931582976
1257294355364274178
1256556650011516928
1258920871890022400
1262724367575912450
1263640196693790722
1265222131052212226
1258500026667618304
1259155340702203906
1260958687847383041
1261549553485938688
1261851026656616448
1257015274705993730
1258465091919347713
1259879713499160576
1264859386339569671
1259635208220966912
1265490760587231239
1259365553996791808
1256317500943298560
1256432118890201089
1259158108158517249
1261854592536588288
1262562398176567297
1262922832478040064
1260434954401521664
1265730804681977856
1258200326236254210
1261077002225926147
1260453669901918209
1260888831248805889
1256199306178068482
1257004591050362880
1257294722520973317
1258151077280657410
1261355353528123393
1263555277657341953
1265376247741284362
1256946702029926401
1263510452648267777
1264421892812869633
1258387853576454144
1263962701560188928
1258138107943292930
1259619445259087873
1261751447856852993
1262564784739946502
1262730413623181314
1256007790906277888
1257769378256306182
1260308676876931074
1260997914421166080
1264313470473945089
1265431263432736770
1259175417610731520
1263609226896609280
1256643592057229312
1258956566650290177
1260642062807871488
1266317432433438721
1261070861760634881
1266433048712753153
1258006729721348096
1258220744095395840
1263200450347704325
1265407704966656000
1256428387968655361
1262716252780453893
1259322382633725958
1262732504617742338
1256565159260282881
1259901561372848128
1259967633895628801
1265411398894522369
1265771895296790529
1257303001045204992
1259542844387123201
1261052134457573377
1266839250311409665
1258028342978191361
1259284518361600003
1262905028752412679
1266275170945134593
1258184423209611266
1259510709253177344
1262764672060542978
1265737817692549120
1257837533091823618
1258141792790290432
1259650756870840322
1257823640357425155
1266605933733523456
1261069392529559552
1262514158358200320
1256430224327114752
1259774515611082753
1260647291485999104
1256636703856627713
1257465484188028936
1265558435673919488
1258557995094401024
1265079546832842757
1256355162148548608
1260713893455966216
1257289847691071488
1262012482782203904
1256558654100307969
1261725309507907585
1264224946965770240
1256675500224851969
1259192580446838786
1260244298798379009
1265237508033597440
1257833145719758849
1258501281901096960
1263197898172489729
1265627312885817344
1257755458170949634
1259489579792359424
1261869146758770688
1265369918570221575
1265751350027202563
1259547084719439872
1262839633144152070
1264387922255589379
1265443096495640577
1257349490673168386
1258115256515264513
1265407826626658305
1258207576883449856
1260419190210662403
1260721759667597312
1263685288414633985
1259994747223060480
1261299345544171521
1259243718063857671
1261097506164707328
1265556176718172160
1260322089933905926
1262758817453883395
1260624180942262272
1265379968026017792
1256992026941206528
1258729367892615169
1258096794002743296
1260014336300298240
1261446396118532103
1260252511115661313
1262560464627625985
