1188834876335640576
1181642286733676546
1180216963471233028
1186263273055883264
1191901019845857281
1195022900006412291
1191728634375081986
1192903366390767617
1197393571759960064
1208093457660559361
1208736488759934977
1238157179271643138
1240492566128320512
1241070753518247936
1238503295821496322
1245036415035092992
1238200486211342337
1237733101213605888
1243556566567194624
1237770466212958215
1243276218897743872
1240344041658748931
1241053942622060552
1242868008957161473
1243420559423111168
1241452947440984064
1238088266945101827
1238192815928217600
1247518237476225025
1248629105613918208
1245364548040867841
1255724061340164098
1246747168460943362
1247189896994926592
1250772178934665216
1248679641562431488
1250115350659846150
1261320988681220097
1265838562890653697
1268982168962777088
1275555799352274944
1278004330386382852
1267496838673977344
1277641728934043656
1271215649981976582
1281785003387609088
1281407292802572288
1281620051779637250
1285618812415606787
1281943877969235971
1281331288402735109
1282313090525208580
1289214878796918786
1285693359785496577
1291280346923884546
1299441361393987584
1297579439862231042
1292805815133446145
1294312567276478464
1290768826985066497
1291360799571742721
1291835253561204738
1293982371533004809
1299030682346422278
1303703268053389313
1310611669526155269
1308059607286403073
1318923747051458561
1317097925311406082
1323296503109193728
1339243894572277761
1261320988681220097
1265838562890653697
1260576171445682176
1262850874050859017
1267062109248126976
1263484552795893760
