1182385830628921344
1182391599143276546
1180231636295782401
1182415477303169024
1189686027063111682
1186392579279130626
1182263131768328192
1182348087223820288
1179811368167464960
1189948022576185344
1186343761774702593
1186360809418579968
1186998308662849538
1186265378839810050
1186754621550813189
1181292768976617474
1184910421058314240
1181313512016158723
1184220255503212549
1188447697017212928
1179073963567308801
1187046378981056512
1181624051246211073
1189946140420165637
1186297940215828480
1186305715213869056
1186396157938941952
1186761303265828864
1200097268910542848
1195043559189229569
1200837837727420416
1192426815371038720
1195042379159363585
1207662264754593792
1203347287142993920
1205617577247952896
1207720149542936578
1205569507571441664
1204174401677250563
1207285976168566785
1207105633658515456
1209769591326404610
1214621755127537664
1217935919434563584
1221384843835199491
1220814593376817156
1223039278680281088
1217478045046435847
1217864258031177728
1222680268038782976
1219772109854920704
1232022404093947905
1223401180002488320
1233596216107315200
1226236704710852609
1232715666886549505
1231395936695472128
1233347667004096513
1224738998301708288
1231282435326910467
1228030605289541632
1233404909606899712
1232417920812306437
1225559775641030658
1226501529408065536
1242911312230977541
1240314303162413056
1240465361876602883
1242131956009185289
1242194929255952386
1237922760308985856
1239981112719486979
1240260944095256578
1243231383717400576
1243517589931917313
1243622422873604097
1242590636701777921
1243263025555128320
1241142722557247495
1240980357710786560
1240118887187795968
1240366390852411392
1242073764218712064
1242839140795912194
1239235340289925120
1243219828430770184
1239993614047907840
1243576084232372227
1243576084232372227
1240742289565036544
1242475381426475008
1239981695732002818
1241742900750401544
1242403532981932033
1239902434492899328
1243887771338629121
1238191268519264256
1240402833180164101
1242085533439975425
1242547659770036227
1242980332166660097
1237443097400938496
1240692530368274432
1242471713209757697
1242830668943503360
1239180684335472640
1242363844497899520
1243818692909162496
1240657307098284032
1244650790725320705
1239929944878317574
1235302010074943489
1237923477589504001
1242240177520574464
1243137439717363717
1243976111769427968
1239576050700607489
1240222390031974400
1238570245310353411
1239692142953418753
1242094278559649795
1238190102976872452
1240702088394338304
1243963657886859267
1242135270876684291
1243314074420686850
1244674143821455361
1241533694499676160
1239206414616330240
1240636360693813248
1244268358310211587
1241175923099131908
1244670910805786625
1242931032908861443
1243577540763168768
1240012578367168514
1240035443628027909
1242426089940619264
1239575892617199683
1239493021646884864
1240634216179625984
1237818752152059904
1240800738416214017
1243367656968695810
1238142237571076096
1242069100060389382
1242458633423785991
1244674413557055489
1238292157569662986
1243237801019113472
1242259724776681474
1239162246170906624
1242836926211796994
1242217726875258883
1242550755556495361
1250615426410741761
1251206841830260736
1245368419987460096
1250871003984523265
1251148930387070976
1246573782124433408
1248258565564960769
1246248177059024896
1248431238559305728
1247302256812347398
1255191655520636928
1250847942019170305
1255336363177762818
1246248891865018370
1247595397666701313
1247764855915872257
1250541007051071488
1252235237406371840
1253022292013170690
1246070756162695175
1246150002763800577
1246792724516425728
1253453408477933569
1247221559342718976
1251616916793200640
1245462808004890629
1249013777569382402
1254803005838438401
1255411265046020102
1251580500008812544
1247343871887097858
1249086875383578624
1254230353344110597
1245154546814418945
1247868165847224321
1247582290479374338
1246179224484024326
1249264489939243008
1246427602748944384
1248997249302122499
1254158897625001984
1247175936317050881
1247874289539350531
1251231495282360327
1251275891033939969
1245868011300352006
1247541139919400960
1252659822090207234
1245624780138532865
1252376082155593730
1249756058014248960
1250178413173731328
1251845040596451328
1255653085696983044
1245180355189051394
1247220478495936513
1248830016219009024
1245753024091287553
1247718019217920005
1245843626090995712
1246462338951192577
1250601476319334400
1250810221062246401
1250242958449917952
1247280661297332224
1248245967788236801
1247160913892761603
1247260821404766208
1247921773254971393
1249075680798740480
1250218454218461184
1252468696574017536
1251382376023949313
1254916005853306882
1246460541754912770
1247803762380402688
1253425718370766850
1247997321041907714
1255833417565868032
1245149397001940996
1250701174019223552
1253705777174450178
1253674422617157632
1245508739894935553
1251304030615113728
1247565098010492935
1252458407946149889
1261457442342408193
1261123219240730624
1262557656709050368
1267860024782512128
1275817702054133760
1275982560984694790
1267546730951827462
1276284554479833088
1273292333778378752
1276876176774926339
1269286668600848384
1268947941609390082
1272710647445250048
1273676586550583296
1272717077061619712
1275502169974685697
1271486576875503619
1268226452119605248
1277745921275465728
1275991855549702145
1267949633818353664
1277955560969777152
1267231739992293377
1277643118242861062
1276969111017467904
1275284531717607424
1273063324809416704
1268554707955519488
1275578545495052289
1278816542998900737
1287075093026308105
1289306593335496705
1279080552998432768
1285968359629172741
1288171282492608512
1285962584307499019
1281998835401850883
1286454558881992705
1288112490660806657
1287775712842113025
1280474945190051842
1278925074372997122
1283024507381387266
1282735815152500740
1286747950446714881
1286719152338526208
1287779458598883328
1282072371248148480
1283066739853385729
1280638070069608449
1278926869765783552
1281797566221496322
1281016471758438400
1282077945415245824
1282796761787043841
1283920407167414272
1286035447752339456
1284188418805837827
1278749164164153344
1298285021107752960
1290353122498342912
1296477613066780672
1291936175578546185
1291983993739542528
1291192784397963265
1292148591914442757
1290412295755976704
1296156455721148416
1294273739161571328
1294301917120811017
1299486898931544065
1300347821426642945
1298300284662415360
1292856308283187200
1299335698470838272
1291797202181005316
1299110736967458816
1300189231554400256
1297706829783285761
1300198398046461954
1290317561863823362
1304013684293939200
1308096668378824705
1308135934366547970
1303514210203136000
1301108348985774087
1305851075723960320
1301236703852593152
1303727164114767873
1306837009865076737
1311410477898100736
1305893990508699648
1308924539145990144
1303774614296776704
1306650312455921665
1311275723181744134
1306684224536276992
1307101490088116224
1304189053454053377
1304501029984178177
1302454772084154370
1304757838833750018
1300861401716662273
1301014303231938563
1311386335823921153
1305895602488856581
1305268952533213186
1304786731514892290
1309212259487485961
1316507086751236097
1316744874457268224
1319423371105521664
1321098325320368131
1317510402666803200
1316777061533528067
1319055462868914177
1314184843534663680
1317070495057993728
1319303290853654528
1319027129472978944
1313655265070329863
1319191898515476481
1321897866336624642
1315340776658722818
1311547098597212160
1316723201293070337
1319302850422464512
1311491062171484165
1316848629043339264
1320836615120453635
1319304020649889793
1316731567910252545
1321137468373159938
1322313710577295361
1321105910912163841
1314427943523934214
1323398634424225792
1329131869951156230
1329429921899438081
1323242741892075522
1327259206026719232
1330569231126106114
1325843848317329416
1327260503723429889
1325928819677679616
1328387835074932741
1330543059365466114
1328786116414238721
1328535658584010754
1323341657689870336
1326940837381541888
1328698178846269447
1328800941152350208
1323382289238269954
1323331054426488832
1333419661359243267
1330956585695408128
1332325501667602439
1326197938088005632
1325946196867813383
1326930393598226433
1327316855195885568
1322984514000506880
1334907308552359940
1339931557381824514
1334313814884405249
1336628877515362305
1339536192317108229
1343801863930568705
1344656935757385729
1342196579013447681
1343675372165091330
1339601266494750722
1334256290764382208
1340469730717691905
1341886308566892545
1339523462545727491
1334501504116514818
1340368234772451328
1344044542199296005
1335329940326260737
1335946607267811331
1342916102838484994
1342119473441099779
1337115602968784898
1333763302011375617
1343376364414644227
1336801109218742273
1340221157287583746
1343693266378752005
1341013754906030085
1335957643521712135
1344235076545093633
1341475596380061696
1339794967644925954
1336167220666363905
1344084476968710148
1341050511232004098
1343936310814400512
1341051063261081601
1344681589893165056
1341409749984751617
1339536878178086915
1344041014319865858
1335012030433124352
1334671393074495490
1261457442342408193
1261123219240730624
1262557656709050368
1262401911539580929
1260356074814820352
1262926832883642374
1258869804020236289
1262411735736164352
1259190915995807744
1258405738075926529
1264320266102026243
1258811920934715392
1257738575287848961
1260608158700953607
1260416810354200576
1261706315568726017
1263206758870327296
1266218694612594688
1260695850659065857
1256281559482740736
1262108610638872576
1265765332309901315
1266155280938778624
1262891399420293120
1263514375681269760
1257440863610961922
1258420460074631168
1259265194406092800
1256554628151496705
1265929212164177920
1258859440121491458
1259792324663615489
1260029776766484485
1260963599461363712
1264731096241115138
1260703394374668288
1261870631630577666
1263446913510248448
1262557356631695360
1260188489225842688
1260546308508655616
1258334352355651585
1260203723944538113
1261696739989434370
1258976024387366912
1261041715583913984
1258195887647490048
1261311994029699072
1260999227599175682
1262884232927608838
