1186076303558152192
1188228058471436288
1185357246877917184
1182739520845991937
1179428917649784833
1182666221193498626
1179419166354345984
1185971440228720640
1182865963177463809
1197372252108525568
1200489165189734407
1194293457810051073
1196943237723959296
1198394795430793216
1206604980578390016
1222294441588940801
1221156641632129025
1219012021158584321
1220497597552611335
1213144068282294273
1219756974138507264
1227561271073103873
1233474820282748929
1228559708350484480
1231716661893455873
1233056943989809152
1233459037083140098
1233459297125838849
1223650503269072896
1223457013004455941
1233248500768358400
1231052123158147074
1231392978502967296
1233571708671528960
1223780828884242432
1233440963831484416
1244045498140348422
1237187517625106436
1243999650211696640
1244682101196230659
1240766533212819457
1242276198777933826
1240371284548222977
1240400773776838656
1243974358550396930
1243330483930296322
1244940352890572800
1233900252698202112
1233930427741552640
1235638712010043392
1241377484592971776
1240727234182131712
1241828840399200257
1243031940401414145
1241176556455833600
1241800429807325196
1241816351712227329
1240683469870706689
1243330566432399360
1238441312392708096
1243901583059857408
1238591359449042944
1240658945787772930
1240700096104165381
1240848021933510656
1242849903417712647
1243396349900419073
1244748601886007298
1237091392440188928
1243398974494539779
1242448521095233537
1243254291797663744
1240066983195885569
1241766246237921280
1237343478448865281
1239195775407738880
1243412795783184384
1244090213602820097
1238129107982004224
1242306149614891008
1242395932907327490
1243595863986966529
1238591216641437696
1241033778165923840
1241346908129501184
1242178241076400129
1238549965858672640
1244021143817736194
1254629383895056384
1248042995896799232
1248153874722164736
1253327090197213187
1250931073124642816
1255702161003929600
1246721183090958345
1248699753702944769
1250231615860559872
1254128063593484294
1255892754019819523
1245439653315874816
1246212342704230400
1247212805834620929
1248247631937064962
1248614814865227779
1249037474896261122
1252674817242914816
1253454500628578304
1249353066878566401
1249556942554419202
1255862370838228992
1245729703354183681
1250611060282929162
1250911171890339843
1248025670329995264
1248218234278391809
1254403428341764100
1249447820664262656
1252961271449878529
1255706133005848576
1247255491287199751
1249765459236253699
1245894642173800448
1254656969811599360
1255942444325261312
1255233619527901184
1246958319018876930
1254831066986147840
1249456886593851392
1251151114667347972
1247358964762886144
1248055462479552512
1249396666555219969
1248283896862502913
1251870428735238144
1245392444365119489
1250774391102803968
1253280186285658112
1262786711496658950
1261519530624458752
1262467830651355136
1256206937106063364
1276141625182490624
1277984338118934529
1268309091534995456
1277994471544827905
1272642761955647488
1277802289105973248
1276952056561938432
1277646377854685184
1276634179057463298
1276730652029784064
1277706369014038528
1267225205967130625
1269177312584458240
1273292417689686018
1276984340547883009
1274049908979490816
1269477421369241602
1282510625466232834
1284888938453168128
1288230369330962432
1287760107292565504
1285795209893294081
1278672392697585665
1286089528587976711
1285641880433287168
1286610633111330816
1287361212196564993
1282681547552968710
1284207506655457280
1286121612803112960
1289191304543514624
1284977924802621441
1288603963521032194
1291801251923992576
1294376714139623425
1294083410634432520
1293206847248359425
1299302089491873793
1294366853318443008
1290814214907596801
1290860851398946818
1292421694519484416
1293659620846624768
1295015519200804871
1290515060377387008
1295409485989793793
1291456803243528197
1290475961096445953
1299049405534703616
1300309787825987585
1299053660865990657
1295344633669533701
1299019166922375169
1291412247189823488
1292960461231738881
1295320294106763268
1308587431310942209
1301441503320043523
1308358404478468101
1307099644598644737
1307807974434324480
1308737461586145280
1309180443007365122
1305769951999844353
1308004288841633793
1309147358702309376
1306042474440339457
1312801054296338436
1314763837548064768
1319123980134109185
1314608338584375297
1318761515982475276
1320806915283234816
1320193087273111554
1319145211726102530
1313878004762734594
1318341369165975553
1313240273410035714
1322620945954197505
1315694952094072833
1321623813151481861
1312024249708810242
1318270686763339780
1322771871180476416
1332385308252389376
1323614221662343169
1325318614451433472
1324900799252623366
1330995672397606917
1330036271520092161
1324935788128206849
1326974014338707456
1332528489183010816
1330517647574716417
1332428241127178240
1336792750000197632
1343446807754502145
1344280366945853440
1341720209942601728
1344065912203333634
1340727137142190083
1340841385809780737
1336435772753375234
1343368932137304064
1336122076587909120
1343977072633524227
1334556372273422336
1336833472476942338
1262786711496658950
1261519530624458752
1262467830651355136
1256206937106063364
1256944698427674624
1259148891011706880
1258617749082787845
1259189976463335424
1261789467678896128
1260298547758432256
1260802585658748929
1265435144128733187
1257676902241914880
1258542516413988864
1260180523298807810
1264239797968744448
1266725265876684800
1260041067186937856
1264588734118453249
1266873832310214667
1263567539885314050
1257911980423249920
1264098635198783489
1260160303536508929
1265629606717149184
1257866513916231680
1260401431330189312
1265801315541606400
1260022842193702914
1263958262560493570
1258105971169267712
1263254030517538816
1265379204683706368
1261378140674224128
1259668965971771393
1260704669635973121
1258194152207953920
1259727602358632450
1261600490812473344
1258099901994397696
1256685692794650624
1256911877965217792
1261468502759813121
1265727357064749056
1260403111765696513
1258277421717032961
1265894193924210689
1256327900841734145
1258895959951650823
1261248672421027840
1261817572904730624
1263361123706826753
1264243542337208321
1259906704189190145
