1179422354843328519
1182300953543892992
1182695170262749185
1187586991229063169
1187840713054023681
1180847143130525696
1189150166382608384
1184789440759119873
1184733505558732806
1189183993440137218
1191162987710533633
1194820202665402368
1197137912174764032
1200857286706520069
1190431392045252608
1197576149804580864
1198893603109527552
1192914551571795968
1193551069210562560
1197172154460098561
1194440974702743553
1190738964514144256
1211739261658992640
1201905171745214464
1211689194239729664
1206608486991187978
1202286227376001024
1211810984261636097
1211094370637582337
1215078351276130304
1223093624243572737
1213970009992511488
1223268258314240000
1214162424305074178
1222899474135044103
1214307954079322112
1219403425273634817
1213997382632783872
1214911787046322183
1224031386752827392
1231932578862469121
1232337715485478913
1224297171387707392
1232587544610476032
1229757039531790337
1226852978931290112
1228075966695526401
1229572553087188992
1226222398870941696
1232395659401027585
1233776390740164608
1232090712511877122
1240112872576835585
1238619436120035328
1243583004821164032
1242118639072849920
1243513077372354562
1234835762866089986
1235492163393187845
1243884201981575169
1243248530048745478
1243035128038735872
1242068961736318976
1241743127225847808
1236319434983145474
1237931779949879296
1239993265006379009
1238493363738832902
1238074470176178176
1241013674858315781
1243230088272859137
1236047010744029185
1243675371804884992
1240311028266586112
1241853148009877504
1239608507504058368
1237530729015214082
1242782574809714689
1235568090219311106
1239372473981734912
1239578165904674817
1237452062117351424
1240214395721879553
1240246637315772417
1252023181788844032
1253072542106968065
1245939255752265728
1249198021251866624
1253490642933518336
1247870908896669697
1254868249486831616
1246826401367392256
1252473528407846912
1250919249352130562
1249516716062720000
1253093689808715776
1252445883762794496
1251258132346462208
1250945941919510528
1249935601173815296
1251012572616159232
1252191749155373056
1253130176063561734
1254545938699321344
1251861709494444032
1253014646769905664
1254582319614005253
1246710579873468418
1255586712794742784
1251480843115130880
1252335090912251904
1255477618956292096
1249025764399280128
1254428574326509572
1249539199667068931
1252310153069658113
1248736122542256128
1253497869715173378
1248747666915201024
1249952876463403009
1259512407870726150
1262116006798843904
1257198483146108929
1270939467679842304
1268037269329330176
1273797751394824192
1272698093184540673
1277186431312510976
1271648623814520832
1275592179734339584
1271199573214547968
1277086719297196032
1271140358059986944
1275507706447577088
1269907144586874882
1278042391472037888
1276349671032516610
1269330125822193664
1269705784448782336
1270143682365149184
1275289797615996929
1278030995556458502
1272950980351410176
1271959358801186816
1275898472957243392
1272055089608273920
1274269329807138817
1269699509770166272
1276840333297381376
1276734687163998208
1267682531907735554
1275622080944324609
1273442485696466944
1272368257312280577
1277907326507327491
1272167081723621376
1267228178294005761
1287899416897007616
1288990439249387520
1279108204551520256
1280418843504947200
1286175662810599424
1280256614889484289
1279369423107702785
1278846275945762816
1279921846519922689
1286541745862238209
1286439841073254401
1280334893180784640
1289243459589611520
1281080804005646336
1284188795848454149
1285961581352779777
1285918883317051393
1278379965826752513
1281830649070931968
1286235142244184065
1281308569489387520
1282723303832973312
1284534704281010176
1279849918367031296
1283738596046860289
1288850911566000128
1278781915932143616
1288058817247186944
1279106438179074049
1279049924336693249
1293269750630322177
1291758176577101824
1291833590179704834
1294158861994061824
1295394994656690177
1290833831696588800
1292102172440551425
1290970905720438785
1295621839406788610
1291655537793236992
1297969641902321664
1299094819608735744
1298001339356573696
1293685588558667776
1291624076310482946
1297061079025979392
1298805039318749191
1295764982634708992
1297943722206748673
1292169386149568512
1300760947653373952
1306484466009821184
1309876793269051399
1302237229897588736
1304545573475774464
1303765181286080512
1303980625926393856
1302531120584511489
1308025818195529729
1306353683437740032
1303307503019593731
1302798872377397249
1303711229949571079
1304539147831394304
1303173780236242944
1304712750053031936
1313271575487995905
1315375564216102912
1312154246477869057
1313518284457693186
1319331656893755392
1315732566574415872
1320105195620069378
1320963596780593153
1317830527936725000
1317572910500909056
1319922160408817665
1320846903743897601
1322063344191172608
1319150362301853696
1316378397153525763
1321785710634954752
1313314349000257539
1314080463812587521
1320730759288639488
1313305494837108739
1322190720992636928
1319286316496908293
1314159885806759936
1317041533393096705
1313075365951139843
1317606728440057856
1322007656429547521
1316882946725355520
1319638923249762305
1320716997794017287
1314670816273989632
1318984200775634945
1328385875789549569
1331360782362112002
1330684559889899521
1326590969530122241
1331696280565809152
1329116041213984769
1328413918897741824
1330330233480781824
1326607704807256064
1322971880781873153
1332431571400355841
1332562546927099904
1329679667574366209
1330671213610291203
1329550059394895872
1329929723607072769
1342524467730239489
1340887292467023873
1337583011374645248
1342862922880446465
1333849795631349760
1337408159250403330
1333672506582990849
1338527992268484608
1338511647049019392
1334587443647942656
1336727360796676096
1337202256664391682
1336563552262320128
1335353315182329856
1343939915302674432
1340321086571835401
1338789590992179200
1335038520105160706
1333573864954105857
1338689074526208002
1340425541539643392
1334210765792768001
1337896451712507904
1341294953641570304
1338109056788008960
1334594553018343425
1259512407870726150
1262116006798843904
1257198483146108929
1262712235522093058
1258392530204278785
1257546203534815232
1260851235411775488
1259952748402888704
1257399753450688513
1260042133186072576
1256814649548234757
1264200865293824004
1257086384386400257
1265450008741990400
1260915114640728065
1261672962484088832
1260928456759504898
1263031787187392512
1259502075869720576
1257392132681273346
1260112542971514880
1262880880088846336
1264905340610465793
1258556112279728128
1256712744994131969
1265832755725602817
1262110667466665984
1267072248059359235
1257421049723080710
1263684580021661697
1266095671511093249
1259950428923375617
1256315028531105793
1258091503345262592
1261357110421360642
1261940202970308609
1257524099548475392
1258740783269568512
1262928632252522497
1263584147416571904
1258658092574621697
1263165280588460032
1266304751370530817
