1188638348027543552
1182679222269165569
1199745187976765441
1196897333692305408
1190705263302578178
1196525996775813127
1208896257554554881
1215125046722748416
1220814114005700608
1220855066904662017
1219354117031845888
1231676449834315777
1224411000612540421
1231677372266663936
1225949496179380225
1228050062456086528
1228151760587411456
1232375996495601664
1238546841526063104
1245104853170470914
1239329296734445568
1240966329542356992
1243935641672601600
1239360343153037313
1240420539929366535
1244021527693189120
1244073426098311168
1239679100102590464
1242527470794014720
1243306756916293634
1240327773912281091
1242974136655400962
1244943797932429313
1242541462157504512
1242831227398369285
1243656562163531776
1237792750487117825
1250092967290966018
1245379673237917698
1251180317932752897
1246070222907486208
1249325574524416008
1254857991926378496
1252312351413620742
1252191545329098752
1247628734133415936
1254965956713078784
1248219482033729536
1253496389851545601
1247641935289991169
1246499490426769408
1253352712705585155
1250749764645400580
1250948354227556353
1246127671005806594
1246833760726908930
1245370123982180352
1254504775443415042
1255864259545903107
1247620937509371909
1246436108830937088
1249434641611849728
1257704614369153024
1273235807164223488
1275893630369234946
1271123600754511872
1270394038223585281
1270056533120954372
1276219699878146049
1275844915436703747
1272283935037427713
1270746442336997378
1272918136598208512
1283809209075806209
1280619644949274624
1283925657811066880
1281693445015339014
1283133080144949248
1283371268683829248
1281231664715358208
1286136531724513283
1280551478806155269
1288941754822139910
1283862742617792515
1280551128032317445
1285693316294676487
1298291983056867330
1299094845320028165
1292079372187443201
1291436679010582529
1291520695080488963
1299479210499637248
1291913290340282373
1296582848376438787
1293228207471239172
1295869348872171522
1295744030576455680
1294020086169296897
1297278631430049793
1298463182562959361
1303316285921656834
1305881096542969856
1308769610976686080
1304533944097017863
1319383542338641921
1313564546267783175
1321918573586063360
1318155423070015489
1319325169991778311
1321796800383168512
1319100116389736448
1316723546413043712
1318294539736633362
1327305252073304065
1324834218875084800
1331179202582704129
1328152060139859968
1331734447587274754
1339763911046868992
1257704614369153024
1263209151469178880
1264338148844322817
1257490402510352384
1260944904093605889
1257919274473132034
1263292194498269185
1260403451525238785
1260429103821398018
1258464641967108098
1260355590330757124
1264941822641614860
1256570511972356096
1258796077064617984
