1182659406187491329
1182665153206247426
1189177673035071488
1184144290517139458
1184106030751305729
1205596316648132608
1214658383971676160
1233414306445705217
1233405112212606976
1233457393373241345
1233554298136678400
1242262584960487425
1239953286364409858
1244988776415260674
1238474631964536832
1237427238745882626
1238479431129133056
1239928389827346432
1243539115423010818
1243650933168324609
1240654503780597761
1242204277218488321
1234862069004062722
1243545497786298372
1234856571936616449
1245066685331079168
1242261228933615616
1244974845668057088
1255166208661282816
1248618974486474756
1252605415956725760
1255161351363719168
1247945680783462402
1252600537448669185
1260215340287397893
1283038379526021120
1291732469209677824
1293224007274074113
1293172948207976448
1291753193047654405
1305886498575626241
1305911649933680640
1305870029917949953
1304494926667812867
1304415204264931331
1301575118301270016
1301560917809799168
1321139580909752320
1316022284696481797
1313148229391921154
1313896790270390273
1316003725907902464
1330922259490418689
1337409158656663552
1339637039646457856
1337442115991654400
1341846332651294722
1260215340287397893
1262741831520972809
1262405568976822274
1257674762974724097
1262754861558329346
1260210080785461248
