1181744336611889152
1181668839085334528
1179977118425501697
1187134591095713795
1181694927723536386
1187277409655181313
1181896890398511105
1189909674562162688
1181598129101180929
1189716651668733952
1192956211018252288
1219998905854640130
1222305715945197570
1216713374307946498
1216951548183339008
1223042768307617792
1243521198895575040
1240841896869662727
1242308329076068352
1242916949362978817
1238170813678768128
1241893853755555840
1244294041610698752
1242481041014534145
1244701678726598656
1240796975965941760
1242096853883039746
1240247327723597824
1244961065642995714
1241022181955350528
1236448216268193792
1236866873381322753
1238434785057558531
1239218374342778880
1239628749219532804
1244765085505073153
1243856107115708424
1247951896742166528
1251898274396733441
1252776361355173889
1245215004317515777
1247927840949112834
1248425253014884355
1253368497733660672
1249022010493190153
1250131546503348235
1252279765513338880
1248246177478262784
1248944495544225792
1246407921442775040
1251228938912882693
1247565512483065857
1248358978498826246
1247895304776470531
1247563926210056198
1248350557791813632
1252785508566159361
1248978785711673345
1247494243653951488
1247869751268966401
1251918172338470913
1253671941736730626
1249275111561220096
1250888925700329474
1250522055554076672
1248472657328144385
1249147546016104450
1249542966865285120
1249396888970936321
1250379088927371264
1254763878401159168
1247569309104246785
1247947291534725120
1248306768582774784
1245339008894488577
1245709890255032320
1247976515586973697
1248659614243192840
1248762903148277761
1248832390203682816
1248761905709305857
1249708160883048448
1247505080175206401
1255872042919841794
1245382277355442184
1247980229144055808
1255851642315931648
1247898570356711424
1247935964988801031
1248039905810399234
1248783849355497474
1247745796046344198
1249032550753894400
1249738727968190467
1248374858729148420
1248696065701756929
1247485484269436928
1251627054950481926
1251865970894921728
1249687562626752513
1247601064259567619
1248043574920245249
1272377851489198080
1286103818631917568
1284200123275378688
1287810735247106049
1289079987392229378
1278896918005858304
1286313928033742848
1286021193238110215
1280936473798328322
1297897698129874948
1295008911574085634
1298761393399902213
1291573840896839680
1290502716125351938
1291821095360835587
1306093221341286401
1304465198057750530
1304013285369483266
1306450843827351557
1305532642234896385
1309197877961461761
1305930128443269120
1302963802842034176
1301173788030251013
1308264763500224514
1301332332109012992
1304108086593019908
1313333660955930626
1318850045937127424
1313842564206821377
1319633013450416128
1318210645175816192
1318080328603295745
1323738972821069831
1330928479550935040
1323679262763896836
1339076508774785026
1333880530400587778
1336257544218583042
1338877769606963202
1335987443611422724
1336197064649285634
1340352086685462530
1336280112325513216
1334422976595365888
1334955619665674241
1337851833151320064
1263453843083481088
1263278432999354368
1265861188912590849
1263272697955594240
1262804174674288641
1255985570133823494
1263885462248108032
1265742824139485184
1258792733931704321
1260710646540189698
1258832055531720709
1258107663164092416
1260807553547554816
1265137484406632454
1259855497403998208
1265384025398673410
1265319276459642881
1260610840987865088
