1187026189438935040
1186298727511875585
1185177229329698816
1204834483289104386
1210366931515138049
1218715563037511680
1227342747817906176
1231089418922057728
1234663213968449536
1241574205830955008
1240331726272020481
1236023664572801024
1237884167276204032
1237944069260804097
1241363970927349760
1236071463783981058
1233937825294430209
1244980285265108993
1243557021758226433
1240949309086076928
1240293605127921664
1235341499447074822
1247034163053682688
1253061522110087168
1246290332804841479
1245151280236048387
1245834683381760002
1249907524532346883
1250104254741860352
1256855197378211840
1257547816928448513
1257667472288858112
1263613549487718400
1258024835130646529
1260262913081663489
1257419037908373505
1257429295275917313
1257484198878883841
1257605919308996608
1264964848682708993
1269888031139352576
1272258161685102592
1269794176339718144
1268323916839190529
1276886604859105280
1273079967811854337
1270560229760151552
1272070539675422720
1270256479770079235
1270480380135641091
1273020211529043969
1283640739579273216
1286024038729388032
1288061386262798336
1279056720984186880
1287778630517620736
1288126232769392650
1288999355123286016
1283164018346164224
1288100666297077762
1288165264467599360
1288110905155178501
1278892990220640258
1285161358468812801
1288123400980840450
1287371358238908417
1288431500711661569
1285279822399275008
1288922189027147776
1288803373324668928
1288585055598714880
1283071974311436293
1285235808715395073
1285561399046025217
1279653633169125377
1278783617246912519
1289029053966618624
1289257108467093504
1289134352929099776
1285718733412081666
1279516605429551104
1282478438071205888
1288670199965577216
1289326818260971520
1293200799070289921
1289423731824132097
1289564220053499904
1293281183556603911
1296504463579111424
1295466100843589645
1293898067234689025
1295011421395341314
1289836954683547648
1304090717980184582
1311046120156561412
1306625248515821568
1310592824526635009
1316009453561556992
1320169850828845056
1314022909573169157
1321535298824753156
1315699079259795458
1313216566536929280
1316785290778869760
1316068719295168515
1320971726252113920
1329910530476101632
1328343819511853057
1329834287378485248
1327846760933257217
1332145565992316929
1339351251281014784
1341875038476222467
1334046030300495872
1337551960938074112
1336375607849050117
1256855197378211840
1257547816928448513
1257667472288858112
1263613549487718400
1258024835130646529
1260262913081663489
1257419037908373505
1257429295275917313
1257484198878883841
1257605919308996608
1264964848682708993
1266321660589731842
1262496297250181125
1257848885483012096
1257416667845603328
1257446629520572416
1257494792222588928
1257453654078078978
1257439492060991489
1263951390755389446
1257491378940137473
1257842500414443522
1257435700326273027
1258787184787836934
1257451127622295552
1257423737823154178
1257602298760445953
1256285384767467520
1257507711165566976
1257583344109465600
1257760921713356802
1257423832002019333
1257431485130432512
1257792853784375298
1261729350698840064
1262748577094266881
1257417130724806661
1260916159047774208
1257460785862893577
1257475275010510849
1257416822019821568
1257604328229044225
1257437863555354626
1257770267117359106
1262369008591998976
1257421124998254593
1257463151127408640
1257416099919880192
1258132365911773184
1257639059591254017
1257675439989981185
1257767757162127366
1257430033926324227
1257432719635685378
1260718691215380480
1257405222772711424
1257459449486364672
1257640370160222208
1257415999789416451
1257728288711217152
1262749589985062912
1257455827847385095
1257604009445199872
1257509071927873536
1257727024258482177
1262140040542662656
1260245384980553728
1261342339009634304
1257677956752855041
1257469303558897664
1259707067016851458
1257754893718257682
1262703759710453760
1262831022388854785
1257617632544481280
1257826890573742080
1259497907008335872
1259521431454584833
1257776932231548928
1257890505569910786
1258350369056239617
1263308518448222208
1257421027094773767
1260428389376233473
1262412267267584001
1257695796360863745
1257418357994856448
