1181666742143262722
1181035635156672512
1181761102964826113
1182263802865180672
1180993998074339329
1180987669112872961
1189365485176901632
1188861455711391744
1181775252885393408
1181789892038316035
1180285712492568576
1184154991013052416
1180988159825285121
1181669363432247300
1181961116735299585
1183093763368898560
1180223639926530049
1181664256892297216
1184073867679141889
1181713385601126400
1189950632494432257
1178866982881579008
1189979614178885639
1184734398236823552
1189230616623173632
1181669862822830080
1181742259223400448
1183948883245830144
1181366104368672769
1182786322139942919
1181728856748650496
1181673259768651776
1190840596715323393
1205652116318171136
1216328622937522176
1219431066777223168
1219346866585919489
1228843444631552000
1223708647626301441
1244979278577643521
1244274321431896068
1244138209056935936
1241031896689147911
1239617395330822144
1239310523201548288
1244974343538577410
1244265705446531072
1239525151601037312
1253691929591640064
1252299973712019461
1255568483884113921
1246211061298102278
1253698382608117762
1273249669355835392
1268951137354473473
1270433022215458816
1274326309133586432
1276659024348446724
1271982821750509569
1276554318842343425
1274333653661650947
1273806404399190016
1279400836582518784
1278316424562442240
1282060064954753029
1284205877621293056
1278870378169982978
1280997425629614080
1296472308396285954
1298270805487312901
1292868895754387456
1292554581575192576
1311418040764952576
1300965340743118848
1301261372546785284
1307030639909040128
1312857232770576384
1316098882623791105
1316761409691283458
1312028283148685313
1318608068515713024
1321483585640157184
1312708215373803521
1312953765507596289
1327704393291079687
1333506836746661893
1323564065323589632
1327364993097019392
1324460745434763270
1329877812254179328
1329546761006768128
1324025183733051392
1331723296325382153
1330931587651948544
1330225234704785408
1338560057735340032
1337317801355259904
1343286162325078016
1334988738976354304
1337081024480649219
1336906356922716160
1341511719458197504
1335971354269650944
1334999126946295808
1341852968027443200
1267190985542586368
1261009704597192704
1256231877322604548
