1187416785336852482
1187410866414727174
1184812827846021120
1182827127839903749
1187405429497839616
1187896980342636544
1183951937340723200
1184626152725532673
1181990556551041025
1188567715969191938
1184661696679501824
1193885075747876864
1195759810677018625
1195802169154256896
1190660532912709632
1195424874585608203
1191746820168441857
1196506505845125121
1197495249184186368
1194847193011638275
1193744747124232193
1191787783804870662
1191407779879309317
1207535319785934848
1203333742217043968
1203392478025601025
1205535900379353091
1211817003276754947
1218698713457156098
1219752879185068032
1215263873705611264
1215122214388994048
1223052647650951168
1215156407256764418
1215156407256764418
1215258737830699008
1221925228684697601
1219320272219754496
1233093956499640320
1233109433464410112
1233429739882369026
1231009571935793159
1227430110501969920
1230905416722325505
1228402412253253644
1237014395571580928
1244125047754821634
1238283347996086272
1238322990661742593
1240330317623427073
1241058333852872707
1240428082047127553
1238299817379536896
1240668034848583688
1241451371464986624
1238274158968045569
1241494920898039808
1245098121660641281
1241637325098168321
1242082390920564738
1244458601567129600
1245002525067087874
1241528504627408896
1243669873051516931
1244824187442692096
1241055769178656768
1244069657314611200
1242177167041200129
1238464292980211712
1240045214246543360
1240484181727199233
1241538909932265478
1244373941516251136
1242104688838918145
1239647384537309185
1244132827731578881
1245047985706283009
1238497736388939779
1241355362332278787
1245108247838756868
1233947168811208710
1236769469340561415
1240618470770913284
1242105972291538944
1241014284248920065
1244823157158092801
1241885372843536387
1242325696774434817
1243282021578870784
1243544685664186370
1238068598171631616
1241150665025556486
1244616832406994944
1239704112477777920
1244734740634140673
1239581642089472000
1241139705850105856
1241521359597043712
1241801960728203265
1242462903367864321
1233970644225650688
1241519535452274694
1235660302605262849
1240481308150771714
1244272509446492164
1242841156288987142
1244659673783025665
1241220936969400320
1244047541232074753
1244091674394906626
1234898520747970561
1239505734494232577
1243303083809144832
1237568871315324931
1241726161626861573
1243357042452000768
1244733557353914369
1237555277030780928
1242957889498746880
1243590339031707653
1243655305529090051
1241034569282879494
1235634104374358016
1239705372086206467
1240765099448528897
1244405464668016641
1244584884829593600
1239951714817658880
1243623823846641666
1244158975031025666
1244252420869414912
1244826235135340544
1237045265892356096
1241103449732808704
1241344626403037185
1239362436072964097
1242164626806185986
1242629926328496130
1242885328492539913
1235052992593707008
1239986864406364161
1244368612120502273
1241659451297239042
1237206995851075584
1247756064679849987
1247756064679849987
1253428214925365249
1247547658090184710
1250465090786246659
1255554160826744833
1255902854289805312
1245388355698909184
1246120797837688834
1248561391998558208
1250797396042399745
1246588445373448193
1249801715353870337
1245729989108121602
1251168433468846081
1247094399064039424
1245388417816543234
1246974379835174913
1251194447938936832
1251209181132132355
1246621530601160704
1250254917761105922
1245880107677474816
1249017245923147777
1247246169761333251
1252001221306613760
1246518988676399111
1249460813817163777
1250438527596167169
1247905839094079489
1253082641991184385
1245351214352609280
1247686162409455616
1254966112938348544
1247000209269428230
1247313402994872320
1250827733963354113
1255193572304924672
1246707132247965697
1248400502619951108
1245539622169587712
1248066341099016193
1252428234131517440
1253017772889722882
1246608385035902978
1246261311186460672
1246267041658613765
1250921145190223872
1249890986362318848
1252759205494341633
1246630985942413313
1249481281739595776
1251849941795864577
1253733056906657797
1247332085515325440
1247277968826732552
1248323382040559616
1255171221416808448
1246775872616640513
1248034147018452995
1248770842294734850
1245550661430841346
1251344257232916480
1246979136977022976
1251999726414725120
1252018492565606401
1246983950012166144
1251244025484660738
1245429253560127489
1251277128487833601
1245911766288211968
1248798447618199552
1245718736021213188
1246845741320060929
1255140959332913153
1257488104199503882
1257426903293714432
1256774887697457152
1258022962466258945
1269762161083064325
1268339699627819010
1274539948092395522
1270004566801686528
1270034050900770816
1276332227035529216
1274902015408254981
1275847564353581060
1274701597067575296
1268640774423564294
1274674274364805120
1274786766772461570
1268678968493977600
1274720035328741376
1270922354919686146
1283918355498491904
1279028883942072322
1285098410383757312
1282890685029523457
1284119107475038209
1284138631863644162
1279402922904817665
1285056267061321728
1282072994374877185
1286297895789101056
1280701869757693953
1287451219707998209
1284927265986326528
1286613317470040064
1279970320154271750
1286389521983053824
1289229863442714624
1286399310523924482
1287867170374836224
1286126934179667968
1283147380343345153
1288146541182701570
1289019363169906688
1284488453695168512
1285139543902093313
1278406528366776323
1286457826240606208
1284893149513560064
1286132956705304577
1283222063323525120
1288907125960445957
1288524826429333504
1286318579541934081
1296573795474571264
1292083843076423686
1298497218920538112
1297627998523400198
1292163466229407746
1293902429138935809
1292688670344925191
1291169542652272640
1291790940428959749
1292194996557316096
1292968932903657474
1296208773543940096
1292999743031980032
1294425203351662593
1292874897459425280
1290432287134425088
1291789281531498496
1310430007177732097
1308775813697990657
1309503140136394752
1308761666851545096
1307110700767211520
1308586004882784256
1308770982438600705
1304043197115621376
1310706326163599361
1301086778456182785
1305184101767491585
1306134351533481984
1303043584854093824
1306047782340485120
1305888829400854530
1308783594731528192
1300611192751378432
1306711268548661249
1300953974196113410
1310957250836561920
1302308140717871110
1302979064190455808
1322012314133024768
1314168015718682624
1312361477974765568
1313313092353302529
1312151819603255296
1311455023700815872
1321872494656131075
1312396429722353664
1318661973278679043
1315379191739748352
1311708134566756352
1321251712804343808
1315440982922493953
1316085148161650690
1312360776192188416
1311462228260990978
1316013860135096320
1317518089609764867
1317518089609764867
1312984525715062784
1314764080834662405
1322314088094072838
1315406136510763008
1317518758706106373
1319393067040817153
1322325970037186560
1316747115746516992
1311708137846644736
1314045142588960769
1325268176494612481
1331736881399275523
1325414337218011141
1331450699863953408
1327423769565081601
1331757996326739977
1331953081018363905
1326959799553028098
1327091465370169345
1330172158576881667
1325283610677678082
1329079728934854657
1331738169654583297
1325243209442848769
1325591185889652737
1331766608205901824
1325273488307884033
1326967874334945283
1342071484479459329
1343571394064506880
1344318962935463942
1343679465793044480
1343920287474200578
1339045749745717249
1344100491505098752
1338475374720790529
1339211626055168003
1344688389086449665
1343743781225570304
1339761986628956161
1343567158077485061
1341244900579438592
1339274045708242951
1341561229802954759
1342070340957188096
1335260292306120705
1344072325294014464
1344645057492598786
1339270372236128259
1341552230189703170
1336036995127238658
1336307359967277058
1343684511578660866
1335691530137448449
1338940681310629888
1343657736253399045
1341420978983854081
1337204509022543872
1341475725157617665
1339334863124566017
1339234506704826368
1334342063605821443
1257488104199503882
1257426903293714432
1256774887697457152
1258022962466258945
1260388096597798912
1261478095535640576
1258958339482038277
1257190811793580033
1258432984274751490
1257387824053202944
1260439492592271369
1260647115425865728
1263981510585200641
1260176238137745412
1258893382816071688
1263958476474253313
1257516190248902658
1258843215496699904
1256342721238835205
1257859304167702528
1257425309235847168
1265858927478145024
1262870423676628998
1261435399081267200
1262411155793940481
1262224735963738114
1264618526322679813
1263808377811095553
1259659285585432578
1260026964175237122
1258568046211469312
1256298090841149445
1265399855318474754
1264653408998510594
1261818866105225222
1263112891265359872
1257495227348267009
1262174961931862020
1265046641465319425
