1203623463786823680
1242135430897840128
1240700758820970496
1243963071665557506
1237435497334611973
1241801372011503616
1241004371929858049
1240336258867568641
1238260152018632705
1239987455098413056
1246031682353819648
1251668939257466881
1250822023334572037
1245676167593627649
1245629271172759553
1250058151166128128
1245864592951009280
1247231710279933952
1252899753559556098
1252503404452159488
1247864219002961923
1296481268859797506
1309866698246299654
1336990322111483904
1336744207680217088
1344584582511828992
1343781739718725633
1257959153756143616
1256168762203607042
