1189208076949176321
1179463565406883840
1180160106580893696
1188027440519696385
1180844153502130178
1188859601762115584
1185168903661481985
1191207543604940800
1197902025041645568
1199327762475032577
1200412552099848193
1197997935599898624
1200005571304402946
1192792993851305984
1207814628954251265
1216727461989355525
1217409127544172544
1217512171070017537
1214858394416365568
1222362557081501696
1214019872511840256
1228338429446017027
1224377681497743360
1227543608607289344
1233448716738220036
1229421258485456899
1227485583708045312
1232009806451499009
1232696211217534976
1235533801616441344
1241801884991729666
1241221616752713729
1241317744299126784
1241351991592394754
1243971507904225283
1239544406354657280
1242424747759226882
1245060563450957824
1241706158622150656
1239602899740581888
1243819678373421057
1241034475150233601
1241904616343769088
1242137876592128000
1244677023936786432
1245059943545307136
1243303736904163331
1238765955964116992
1240799115086147584
1243013453414936576
1241288939362713600
1237256555751407616
1241465388304457728
1237390023554510853
1242368286387552258
1242092022019874818
1244309598263300096
1243042338080985090
1244338600285745153
1241333524071841793
1244998594995933184
1242858937931759617
1250806410016948228
1245848354745020417
1250545553672470528
1247180260157919234
1249764375663202304
1250774549941059586
1246191920872714240
1245829352668962816
1252254455698882560
1254817725681209344
1252635761813438466
1247331078601408514
1247551068923482112
1251945071425073152
1246447513110011912
1248154004393263104
1254064801191510017
1249278026610860034
1250679834289856512
1247192843879399424
1251874523617656832
1247222670854426624
1250961517559906306
1247971919044808704
1250497613922795520
1249996364060274691
1248305549604786176
1249684269850558471
1247944879675604992
1250081479092207617
1245144580917530625
1247790210512867329
1246783968156037120
1246512520124182528
1248367313176453128
1249849860737519618
1252001452379144192
1250888511584157696
1253388968810422274
1247202026838044672
1247811660162543616
1249946141422059520
1250885628356702208
1253816523845783558
1264888404015222784
1260257447807193088
1271039392648294400
1273767368066502656
1270784328730128386
1272981984680296448
1274838730470277125
1268167342153797632
1268262285379866624
1276230446406266880
1268820746282971136
1284555683988410369
1287876662827220997
1285561503454617601
1288085186836668416
1278765657249767424
1281584569293115392
1285977006170087425
1284443226309623808
1284327073318756354
1278780664452714496
1287758408381235200
1285705826628501510
1282304924223709191
1285109202323517440
1281474303926517761
1283420135051726848
1279386865716658177
1282007116060987392
1281549928175738880
1297454918048022529
1299296998538047488
1293636352349790209
1293977156347977728
1289939026300960774
1293310323357818882
1298793279350341632
1297171001382404097
1303427235743924227
1308866851657707522
1306327474297622536
1306972674602790914
1309212542548361217
1307315049178869761
1302378392856211457
1302615111761240066
1314729758857613314
1314693262284857350
1321007910508498945
1318184077552332800
1314601101237288960
1313504565971554304
1319582581139116032
1313798375901466624
1320832010345066496
1311678757460217861
1311459659606372353
1321079580988375040
1317272315567198209
1317072411829932033
1316824720759758850
1321250905799286784
1321477916367245312
1313960410257584128
1313912268413980672
1325398196202377216
1325927322671853568
1327259045292617728
1333229601779294210
1333455936753725440
1342213053232930819
1336828978443632641
1338007995591122945
1335732782237184001
1337895023887736833
1339646420228460551
1334441255879716870
1338518152435687426
1339654137726660608
1264888404015222784
1260257447807193088
1257464368494792704
1265682016655118338
1259436337289203712
1265543080352112647
1259729838144802817
1256144723208798208
1257371183378505728
1258099264456134663
1259883181865656327
1256276101170528258
1260443746182856711
1256675799559745537
1263981676595683329
1263829691439263744
1266366941393911811
1260654700568801280
1263869078218977285
1260963379071586311
1257488485738569728
1259532298774433792
1259555086994255872
1259552295362220035
