1183671890822516737
1184157199733612544
1207259291033505793
1204547694787809281
1205615863937851398
1210366554484948992
1206988246858776576
1223238274791157761
1221142094099730432
1228563105719967746
1233588803534761984
1240916234973126656
1243111590234390533
1241529737840865293
1244959625725841411
1241170214659727361
1242597814766653441
1244375896032591873
1242872842057912321
1239600695575101458
1239600936818839552
1244591328073265152
1242365080844619776
1242529794216116225
1244745116440563712
1242879738051465217
1241426092361011200
1242550744231956481
1240098574177796098
1241532532660862976
1244606989625425920
1244075463200378881
1244568737409388545
1242904735549722624
1240891920584327175
1243176068695146497
1244052867528392707
1242357085251215360
1242566968353460224
1240093073096376320
1243964421220827137
1244406830287093762
1241952901142056961
1242744934811275264
1242917547189497857
1240899647838830592
1242792292437688321
1244010152958791681
1244590749263564801
1244980257511231488
1238551073914335233
1242609798224338944
1245074457372360708
1240572691557560320
1241154167244230656
1244558444746735616
1242876113610838017
1240965089211138048
1240064309750910981
1239057091039498241
1242599457436454916
1242723013822382080
1243423561143865344
1243859551084044289
1243473949872345088
1245726983108964356
1246258033006698503
1252549093001433088
1245707053043089408
1246834454464794625
1251891058545430528
1245303050253852672
1251929102178832389
1255741897861214208
1247018659878522881
1249401729214492672
1246681795099267072
1247839241125736448
1248405204539543552
1249898905241821185
1251219413921120256
1251483316127137798
1252015040636559360
1255592212391268352
1255472795284385795
1245335254942056449
1253450587313786881
1245323591639588864
1246906902178607105
1248332110403952640
1248599740524224512
1251596365232320519
1254434436814422018
1247538917156352004
1249607006832463875
1253538016704036865
1248680320599285760
1250494492450455556
1254544172423528448
1255467682650042368
1255473999255146498
1245727172142043142
1252630928050073600
1252630928050073600
1252630928050073600
1253300107145068544
1253535198031106048
1253780474029240320
1255593947990294532
1247212701279019016
1254839858268381184
1255883724031324161
1247530599922819074
1246635696544088065
1246786073163894784
1253418123425767425
1250404335923728386
1251491081868513280
1252200606942535680
1246214530671218693
1247050133969174528
1247722602530869249
1254333405967376384
1253694959988944900
1255561101141520385
1250247426742669312
1251220332607930373
1248669621852520449
1252350031316652045
1253694793030537216
1249627621824094208
1253752394627743746
1246883005362319361
1245209406528278528
1245209406528278528
1255473545104232461
1247238917927165953
1248167107361112064
1254125828054622208
1245109731460513792
1246809215798259712
1248744406276091909
1249055875299491840
1246769098048049152
1252989435920220167
1246824161915396097
1255431630887493633
1248693579695951872
1246853680730640384
1250465039812898821
1252002382222893058
1253628800773963776
1245996528969420806
1249354723746070528
1251111668450504704
1251130394809950210
1253850023462346757
1247582596634152961
1250517279844032514
1255056250200612864
1253711195061858306
1254051144550187009
1255334295520129028
1249901337904648193
1250892716189388803
1251125302064971776
1253311042815430657
1249254731249340417
1250984944349990912
1254047963313311744
1254994510427369481
1253159753015947264
1247329867135365122
1247580836918067200
1246551602699386883
1246724064582021127
1250501710256263170
1255709391153750018
1246111223588028418
1247797223397588993
1248418011448373248
1253318441605332992
1253694797623300097
1255425596995371009
1250219895318609920
1254750256740175872
1245209644013768704
1248922357990690816
1254088138315558912
1254829397946892289
1246803372398632960
1251826980623802368
1254804480127893505
1255562935272902661
1255858298169053186
1258361559451140096
1257576093516783617
1257660433982521344
1260215797873590275
1276648842361032706
1273361079134031873
1272543382087360517
1272364533894590466
1276979183076495360
1277555885737312256
1272476990705197056
1277253103067246595
1277087214212538368
1276939652830826497
1277019081955258368
1274104711776526340
1270649095179436033
1274834308650405890
1267229417048281088
1277238196406009858
1270339954804219905
1269688508115030017
1270541772142153728
1267795815512375296
1274391082063654912
1271052364229816320
1276245090856558595
1278030347784130561
1275859323344879616
1277319443551596550
1270289310844104706
1277513299723038720
1270818065379397633
1275483287230840833
1275852498201456641
1269975634983387136
1267555733899481097
1269616840898228225
1270313662947917830
1277300485201047554
1276232020792938498
1271150750840664064
1276270620989362178
1277329997015986177
1272137064478277633
1272382232758493184
1277516936486797312
1269230464679714817
1268877782240702468
1272187332435812352
1272939843065126912
1273798691133022215
1275587507271368705
1271639764014333952
1267377667151671297
1268598895040495620
1267770417151905792
1273708368889348097
1276226089640132609
1277517517284683776
1275128930530451456
1277031896388636673
1269663072068816899
1274812838511403008
1277928410275352576
1273043999209766917
1275468061894684680
1274080152528527362
1275641130575683587
1272282267059212289
1277101551912280064
1270823176683937792
1269299358505320449
1267588147463860224
1276479463782584322
1276686503016566789
1273208886556794880
1268802867705585665
1270648059937128448
1270132299133263877
1270503826299039744
1276789192169787393
1277705387517644800
1272151160137416704
1275862854936129537
1269544492476051456
1274482316551782400
1276443405921300480
1276980858847744008
1277723522152841216
1267550528889905158
1267605436393500672
1268157400789499906
1275360045962874880
1269980792819769344
1276159610353790977
1270293438857175040
1275856247238070272
1282041976905498624
1282041976905498624
1283855091750117377
1287352501445038080
1284919218132209675
1279361530706956288
1281341660346019841
1279791424783945728
1279881887364734976
1280633661856059395
1283520290908254210
1283943567472447489
1280318751003439105
1280829194612736000
1279411926880133120
1281946666543845376
1288656501352157184
1282046374440124416
1280789539447910401
1283582521788137473
1284163381767872512
1282367993352265729
1282985030617370625
1279808579114065922
1281909489470496769
1283624291125334016
1283245282982014977
1282050434799001602
1284576625724719109
1287754174566928385
1282399975532568581
1283540075427635205
1278910290554486786
1283898206061920256
1278950862904270853
1282599161884483593
1286938247025889282
1282945085798338560
1282776234678788096
1280834552232054786
1279216697291837440
1284521630644015105
1278729812710879232
1285727379810398209
1286264334071599106
1282377573737984000
1282773625087488001
1279860762681511942
1284202531128778752
1278822582339481601
1282101479495602176
1278981569823281153
1281279366564057089
1281953693198426112
1284897107120476163
1279194291424952320
1282125626116313088
1283841998215159809
1282047125497368577
1287048879163285504
1284932088723103745
1284568296474451969
1279025034095472640
1282349820695511043
1284184540383195137
1279898840733114368
1278825560316108800
1279053258112237571
1279453506609577985
1281813282282778626
1283372058483859457
1278941958409342977
1279187687703019526
1287564673689190402
1283773368123174916
1282654345599889408
1279643236273774594
1282717101430583297
1278358998513864704
1279012975031058434
1282722769898283013
1279069253501620227
1280461850581270528
1278820166407786498
1280694356949770240
1284134329258512392
1283664298133397504
1281155508762669056
1284589332972568579
1280903503435771905
1283387948600381441
1287416635725418496
1279068909602127872
1278788050626240521
1279131737340235776
1278911674519621634
1280544105039187969
1284589737316147201
1280465768061206529
1288769315563614209
1283273379215216645
1282707323732008960
1280176289782079488
1278766705968283649
1278801579450216448
1280921474975571970
1280622190409527298
1286709021005746177
1281163020740091904
1281674952329105409
1284040497863041025
1278412995962568711
1284043261905076225
1281221060638228484
1287939102562631680
1280839601771421697
1284594385045401603
1284929267030253571
1284590255560167429
1280532793500381184
1280566738963148800
1279254746654576640
1292940804802203650
1294894236710711297
1299028899926601728
1296473751371096065
1296757736387076096
1292108312880840704
1294161862486102016
1299801931985162240
1291593376345870342
1289836717449424896
1297525696911126529
1300525052568440832
1294481795572850688
1298671546760933380
1291941874521870336
1294332166432841729
1296824760932982790
1291839208668172289
1292964181533175810
1294080055996448769
1291151103359193088
1289471772966838273
1289975576011341825
1292095169110724608
1290233805341696002
1299868749420519425
1294058560976871424
1294186464675270657
1292476950422982663
1295845498017001475
1300243077399891968
1298778053154308097
1294284422443827207
1292475893332443141
1297979342824366081
1298660276645048320
1294966482032635904
1293926589550428160
1298044570073280513
1294374528676777985
1290795509934895113
1299802779335229440
1296367426079162368
1297008126848245760
1307408635451052042
1306610051847684100
1305399827048673281
1308965680365084674
1308997604903129089
1305390571050106881
1302943115750313987
1304549852152582145
1309205365372760065
1307572886056493056
1305116686681616384
1302870985398513665
1300668663708737536
1300841292130205696
1307349969037271042
1302688092634189830
1308466370955350016
1302198306412658688
1304479080507727872
1306805623850496001
1305072718325231617
1303109785160740866
1304778130767323138
1302442724898017283
1306421128982933509
1303755273807552512
1303456959119720449
1304434588979261442
1309690461263736838
1308351423525130240
1304425624799502339
1310732324049498112
1308029521011118085
1300860073246437376
1309305307416461313
1304979424564183040
1308872857917816833
1302906871875952640
1309433070102208512
1300668547631177728
1311034633379811332
1302689518634622977
1307329751057608707
1302306843851710465
1303714852263940099
1308239653330444289
1307721333862617088
1300757161144877057
1316670205318369280
1314551358306029569
1314503912356024321
1314304418339266569
1314353378768625664
1316779411010727941
1314249690687381504
1316122863162855434
1311616440206798850
1317203102169243648
1315272197783650304
1315902846940917760
1322576148199575554
1314085928974143489
1314386225378156544
1319703356118601728
1314599869642936320
1315002919876546562
1315863038805721088
1322332103573491717
1312563446941208576
1315693139106164739
1314573311288971265
1320803671781875712
1314318750032842758
1314224067558494208
1314631212015779840
1314407995648946181
1314167399160123393
1315287576740327424
1316411847667519488
1319933804547624960
1320504157808316416
1314166525968998400
1315080505478402048
1315968770645659649
1314768682350858240
1319702974449463296
1314367617860132864
1315001100211232769
1313246394946387968
1313601228367187968
1319904858871418885
1321135885845471235
1315066117644341248
1316674598885363714
1313709007530582017
1314980215555346433
1314222815458058241
1314643325794824192
1311734992226136066
1314472866126200832
1318863406938599424
1313888120090361857
1316727273567911936
1314268529227636736
1319852427345002496
1315768707143131138
1313246390894690304
1315286392939982849
1312523508807659521
1314637281777651714
1316499148108070915
1314299739395956736
1315301380404523011
1314479571165573120
1318896869972455424
1332051450009186307
1330329716285431815
1332016712796037121
1333374694209236993
1323010873456316423
1330968216471015430
1332894474146639873
1331426521001697283
1326377312758206464
1330129684823203840
1329073976719536128
1328776248240332800
1329878476711731203
1330155843325730819
1325790780229902336
1330548714771976193
1324782404964360192
1331482203298037760
1328977079703130114
1324389509392338945
1329621538883178497
1330836673530368005
1330829332110077957
1332494707918860288
1330980529995456513
1329850774214602754
1326658461870985221
1327712320907304961
1331630759065645057
1330796795274752002
1329623542405750785
1329836793487794176
1333405069627305986
1332983124658171904
1325039556689858560
1325364970809253889
1325167449063493632
1328179956447289345
1330553256637067265
1331403788809363457
1329073505707560968
1331511660364902406
1330219184765214725
1330007829940297729
1332875148404420608
1330533619488571392
1330295462725824513
1331081991169695745
1329463238975770632
1330635012593623041
1330226336292630531
1332030914705158144
1332493907414962176
1329981297637421056
1325805695145553922
1329218214446960646
1330850335578091520
1322858277068263424
1324025368555233280
1332397320722235393
1331711109091483651
1323266982666506240
1330789826178715650
1331707026376822784
1334677382108565506
1335143830685949954
1335332028770906112
1341487962933092355
1336137220592459777
1340204678819307528
1336737725345501186
1340572954560778241
1334093744702976000
1335530365159682049
1340305827723358208
1340714331063738370
1335918265999241217
1338559411787243520
1336004934324662276
1341603670920716288
1341367980295380993
1335583876492767232
1344300834872565761
1338474636535861248
1340149222411280389
1337334296047218688
1341434288441602051
1340506273452703744
1340568907053150209
1334483821782327299
1337345525713051649
1342277018516410368
1340131033195298816
1337209680565837825
1335014199190319107
1337231280367411201
1343676179568463872
1337428913195249664
1336504097973751813
1337797579313197057
1258361559451140096
1257576093516783617
1257660433982521344
1260215797873590275
1257191777255272448
1262745017312882690
1256520343881220096
1257406172535062535
1257287761092059137
1262844283352240136
1259162457626611713
1264590928641130497
1263637077209554944
1258399867690508290
1257720300717948935
1257956253449572352
1265557718473072644
1260324212687986688
1256259906975330305
1258453947414720514
1264848684082135042
1258143209328447491
1264559146948575233
1257827154710183937
1264378066245054464
1261412764624523265
1261617795340685314
1258225575942119424
1259334445062119426
1259531980439351296
1259565026903494656
1267082083291336705
1267212652394303489
1257998701894815752
1260759447258959872
1258822308547964928
1261300363342249984
1259236598857768960
1264937790120304640
1266998041330024448
1261314395361198087
1257447494797135874
1258062146472206338
1256662997516324865
1256483707399090176
1257735664440762368
1259965545211969537
1261402721942482944
1261010786752892928
1266986865728651264
1258672650991222784
1265017349494669312
1257620870547140608
1256601316018868224
1264589517916459008
1256484862250409984
1259174052675104768
1256735268440289282
1257017428346908672
1267163759405121537
1256492862822375424
1256939919647412225
1263705977897058305
1261036248707354624
1256953958683348992
1258104818859741184
1259195108047585281
1256929854789910528
1265556825052786688
1263499834268487681
1259242798580195333
1256272208873259008
1259694721041141769
1262490616593813505
1264136407255339009
1256935261268656129
1261513146159726592
1264246474180907009
1260695147391696897
1262962473143066625
1257106837620486145
1258487480875180039
1263205895502249984
1256483964686123009
1264301415280803846
1264376920764035073
1260588015497490434
1258326574799237122
1264572812943114241
1263194114893312000
1260214110723223552
1260482508841418753
1263717370545074182
1260272206963245056
