1182725756230815744
1184479484847607808
1188613136062013442
1179075336916484096
1184121836776366081
1181315183324491777
1184865446090199041
1182045371893051393
1182080320767700992
1184720421226086400
1184256660350652418
1179550590474412033
1184850308645695494
1180918146305314821
1182660914862010369
1182693145844371457
1185299548727631872
1179071063101251584
1182334586447187969
1188387864222093312
1182426844022398977
1184702204147580928
1184828609132937218
1185242927288725504
1188589776225652736
1179119813366444032
1184492150609854464
1186623341475631104
1184899393813659648
1187369877272780800
1182423253517656065
1184673380190052353
1184800986877038593
1188902190720651265
1181403935439015937
1184857589835845632
1183534131717660673
1184445334417747969
1184131492722683906
1184250511714856963
1188226298797264899
1179836070864789504
1182685988923105281
1185627668244582400
1184827437219270662
1182217800137478144
1183937558411124736
1187117454331387910
1179719756162617345
1187444077882511360
1187840143283097610
1184237058132529153
1184697043249487872
1184445453989044224
1182661759976574977
1184806872303493121
1181558641402494976
1182328696050462723
1183072795841957888
1187693108848287744
1180107512630190080
1184941429761531904
1182370212412317701
1184114356235177985
1188227574691811329
1192454750769438722
1198264713802584065
1192289273971654656
1196755094685069312
1199070441580761088
1192384917126168577
1192563418349228033
1198393525240520704
1199493701753548800
1192283775776043010
1195457606883643392
1192898367065640968
1196572445035024384
1192291644583710720
1198305344377819137
1196183619921825793
1193318838609338369
1195728560016809985
1196648453889298432
1196555117811634179
1190994325305483264
1194366828329472003
1196586400826765312
1192480275512643586
1196929912243965955
1192625622809333765
1192646429136826368
1197531379812229120
1199842088604577792
1192106564146077697
1198617220114472970
1193342285158797312
1194062581364936706
1192441990388035586
1193264040254091264
1200000828955922433
1195569788862554113
1192474894686023680
1192509379746127874
1190422060763209728
1194416552206053377
1196599472366723072
1192831049824448512
1192287407107915776
1192501365446078464
1196670577118978048
1191404314373361667
1196935285314949120
1211761079824588804
1205018121918042112
1202226047498014721
1202632488155111430
1205658191029264385
1211380328062967809
1206150930397323264
1202012325752004609
1205326923250974721
1201923699496103936
1203116400392491010
1206017213196460032
1206615999023325188
1208434153127108608
1206101712638840832
1204124815872974850
1204205000391417857
1204141484775288832
1205326766430134272
1202373213055070208
1208134660028542977
1211511368337281024
1205214494785507335
1202668043240968193
1205929696610979841
1204409289605046272
1205159167855644674
1204143707957714948
1206951384639299585
1205104908711555072
1207345038298103810
1211062661678616577
1202666680096378880
1207452650746318848
1207793984837472256
1205110215097626625
1206189412339503105
1211424077837156353
1209530314671849473
1200970274239324160
1201215073399631872
1201676456784478209
1211423450788552706
1208431696430936064
1211944047469875201
1205163415070806016
1206650272031952896
1201089456033415168
1205279923843321857
1206657881912815616
1221557250688454657
1217815279230689281
1217867837085122561
1217864536969170945
1217895846299066369
1218356124346277889
1221549008906260480
1221238740208771078
1212850348144177159
1219737914109845510
1218625704826417152
1220318022629543936
1214973819456233472
1217869448369123328
1217879305696485379
1217988630423142403
1221984206391300098
1217868119177383936
1217912359408324608
1223310138444058624
1217549482969174018
1217894594215661568
1214910688155652096
1214980655055900672
1217878508745240583
1217890006032953346
1223007636829933568
1222693490125045760
1214988897442258944
1221292967614451713
1212848542135574529
1217863524027977728
1217865720588951553
1217874505005174789
1216055151431233538
1217957052275986434
1217872804609241088
1217890885544939521
1218054037116985345
1223027773687517184
1217972844665212928
1217868670719987714
1212416068657926145
1217910859760128002
1214387821005246464
1217889275947163651
1220141744429453313
1217930444412456963
1214315583531032582
1219287340067237889
1213939881078149126
1217885566362161152
1217900746655571972
1217924046089850880
1218293023471230976
1221805763213086722
1214765218330333186
1215151342685229056
1222377377059213319
1217893158371184640
1217862162263302149
1217942763079110659
1218058082930110465
1221191085675962375
1214905483015999488
1222516082239512577
1222975164528226304
1217873573857107970
1217988105812267008
1217990558372765696
1224475200789663744
1233381676790710272
1233743163459805184
1229457619539988480
1233186716472791040
1233199514527375360
1232349826681122816
1228502120338542594
1229459368627843072
1233211558026760192
1229184114298949632
1227404501264584704
1229366637905752065
1233534851971723265
1226672135827083265
1226815303662931968
1228274819504001024
1229417809190510592
1232110559979560961
1233580202820800519
1233756031576137728
1226826143753523200
1229539617746997248
1228021210056818689
1230560192040824832
1229220533507588096
1232289164848254976
1233852006521090053
1226855857008336896
1227269779519688706
1233153768159494144
1233433296513773569
1233526544414494720
1233638662358872065
1226854135485648896
1232077836661465088
1233482027392958465
1233614742180118528
1229508079252799489
1229561685716979712
1227307359128768514
1229220164433932291
1231011672371929090
1223841552448909314
1232394845714624512
1233759610785366016
1233821886829727745
1223721380014739456
1233255881535606784
1226797313231859712
1232097074780495872
1227359199153270785
1233832138463744000
1233223463458000899
1224134015264776192
1228068882172256256
1229139968397701121
1228491004388335621
1229506158681088000
1230925296347385858
1233290010104713217
1227343441325121537
1231448903276486656
1233715574334795776
1228477513594261505
1232263934612320260
1233858601615265793
1226689117687148544
1228338853796339712
1229480735595286529
1230992507057692672
1227736655894917120
1229141274223095808
1233853382529601542
1227309950411649024
1233433228695961601
1226799958755545088
1229507515731365888
1226302170355638272
1226331924744065026
1227706564234141696
1232118352245473280
1232140031520837632
1232672464515354627
1232743742957932544
1233486991326511104
1227344168885899265
1229557735655649280
1232076816296431617
1232409810185965569
1232432758024130560
1227405494597406720
1230922710131367936
1234808311125508096
1240080500557066242
1240672224975171584
1241743216178860033
1242216186588217344
1242226102803877888
1242514092339925000
1242524956052815875
1242892910099673089
1242942812980535297
1243282147378483200
1243667197022457856
1243686146934280192
1244671709002772480
1244705176176525316
1239710578911969284
1239907955669176320
1240612686796402688
1241608085967261697
1242124729198227456
1242196944560234497
1242228637002272774
1243684353995157506
1244470111366496256
1244606917504372737
1244798130115227650
1234924124461584384
1236668580852305920
1237397659050270720
1238605396060839938
1238966310375239681
1238988333445001221
1240669374240960512
1240722518866083840
1241065692998389760
1241069989811060736
1242106964605370368
1242433044100911105
1242792792037957632
1243043214690410496
1243910827490623491
1244692365786390530
1235963834025881600
1236043381341597697
1238633147283042304
1238639455948296192
1241078925872099330
1242567949598240780
1243171405203681284
1244310270039732226
1244353561804320771
1244704842280468480
1244736551789174785
1238570612408430593
1241021564348329985
1242480494626955264
1243635802732625925
1244014028281638913
1244403768684232704
1244643130445455363
1235765081583034371
1239242837515849733
1242250654808182787
1243952334042017792
1244363857994317824
1244403698253451265
1244434257700929539
1244617836108144646
1244728643873579013
1235304182741168128
1237105023445843968
1238995718049796096
1240313570010845184
1241528386079436800
1242158019401732102
1242262398834290688
1243153243867205632
1243391490702753797
1244124258801840128
1244335698141777920
1244360935680151557
1244649704253612032
1235950927632187394
1239590639123091456
1240347778745798658
1242434128709967874
1244280219780988928
1244602918399066118
1245107563038941186
1237517953513304064
1238857070272811010
1240095583861379073
1240322250118696960
1242881891767902211
1243259001497886727
1243318220460683264
1243678332719255553
1244884543506542592
1245064144736464897
1238200593925255168
1238615849080143872
1238689183209848833
1240079228990881792
1242495113391157253
1243539631158767618
1244067467921514496
1245047171809824768
1237488801477509120
1238407198780383232
1238593267186520070
1242078493107683330
1242134100737241090
1242241881662197760
1242870545445793797
1243206201124544512
1243624054457761792
1244283491015065602
1245060244188823555
1234151311031066626
1234789973171298304
1236804029394702336
1239242875709394951
1240031238850662401
1241061036935057414
1242478715680030721
1242855443367632896
1243013414143680513
1243613932176228352
1244788701735067648
1245014606277259270
1241325009638916096
1242467260305793024
1242784367400955905
1242794597656539137
1244440435273203713
1244673761783283713
1244733270253867009
1235618055096500233
1238351026807332864
1240686775011442688
1241413329098342404
1241596706807894016
1242479792517234689
1242497930524676096
1242504017705611264
1243136228536528896
1243766862275473410
1243974290455908354
1238265281006301184
1239235074287075329
1239659863313199104
1240070715644280833
1240244235258826753
1240998862124388352
1242270720861679616
1242351238382903296
1238208142011490305
1238837170619715586
1239213546015043584
1239280852703383552
1239691694913789962
1240422483901263872
1241414801328349184
1242408996981653504
1242489904933687296
1243244645267668996
1243342065116856320
1243568757068488705
1244232496973152257
1238585708207538177
1238781310816137216
1239295305675419648
1242109460383817729
1242250598747168770
1242329529504288768
1242568566261587968
1244679646970556417
1238198890005811200
1241030056358678528
1241546787661312002
1242209515711410184
1242231323256897541
1243253399631642625
1244273865427222528
1244277538119192576
1244485397268189184
1238410698184679424
1239621115598774273
1241107487249567744
1241213483112374273
1241583462663909376
1241819330372939790
1242172101009780736
1242852041766117378
1242892482280652804
1242919245945733126
1243871189707227136
1244093141235322881
1244607809536188416
1236997175781076993
1237088913597943816
1238608263408693249
1238727539302031361
1239517122038059008
1240367374051704837
1241027888410918912
1241508522942136320
1242436009771454465
1242859097596342275
1243355937781366784
1234508912675762177
1236079192384643072
1238242499363102721
1238965945772707841
1242074594682507270
1242185630508920834
1242949402609823745
1243624377444433923
1244805582034518016
1235688163974225921
1236979016969662464
1238593187171663872
1238874344589328384
1239555169324601345
1239567692606124032
1240012307083583489
1240518411303747584
1240756673058353155
1240775150011854854
1241118669536661507
1241368712835411968
1241380546422484992
1242227072774348804
1242485850396594177
1242494213893296128
1242674958549032960
1243984039905832961
1244653169134755842
1244715376203542529
1236441563993161731
1238446042984701952
1239592002926317570
1239990908587855872
1240416415829626891
1241718941262766080
1241871278354636805
1241950141298249728
1242497263881973762
1242823189744369664
1242927737116848128
1244066832237150210
1245089001301630976
1238930628319629316
1238969302214205445
1239650213234704387
1239676871807139840
1239990477652451330
1240758602446430208
1241552711331581952
1241919329219854336
1238641345398321152
1239590857868705794
1239622226829144064
1239969217689997318
1240678214432731136
1242065122769526784
1243325020442681345
1244183722326478850
1237243715976077313
1239192287818551297
1241412199882596352
1241784373785001984
1242153126766858243
1242204500695244800
1242222851522007041
1243182005120106497
1243877528835686401
1244685272123494400
1236963080736624641
1237242016595050496
1240450422017601538
1240863929800122370
1241582526218375168
1241900899846455299
1242223299553353728
1242523694154412033
1242591628700737537
1243992238876766208
1244693657694986246
1244731191376445449
1244765676897624065
1244983505202950149
1238312845051416576
1238888767525715968
1238935506345435138
1239340603726540801
1240213804295880704
1243137595334201344
1244738743833149449
1245005188458479618
1236094225609089027
1238105134732849152
1239265158058434562
1239508079101784064
1239775681246093312
1240321359890137090
1240447262674714624
1241492524071616512
1242238508112195584
1242494377429053441
1243267684978098177
1244141059212484609
1244418729338789889
1234501478955528193
1238814324430430208
1238873213142216705
1238957828351479808
1239299072743309314
1239301610293075969
1240296767645679616
1240488262952718342
1241308430972981251
1243622972331405312
1244400184974508032
1245070040786857985
1237404481731661825
1237926474155425792
1239558241492914178
1239867090552549376
1240244492029976581
1240745588594900992
1241953349903278081
1243247401630085120
1244960044715827205
1245040678809350144
1234640963022344193
1237236946306510851
1238540389059039232
1240000015877234688
1240241499297722368
1240357757888262144
1240453357765971968
1240757549697302528
1241393017665159168
1242620653938724864
1244428036482596864
1244617944937582592
1238404173785374721
1238456968613957633
1238556948125057024
1239563016343097346
1240060372964515840
1240450464832872449
1240793084587167744
1242200190607675401
1242556355766038528
1243973631874461697
1244307427291521025
1244622709885145090
1235629836296540160
1235751990799618048
1239355779347623936
1239660671341662209
1241484853486456832
1241704122237272065
1241758850073722880
1242166464133476352
1242511570808254465
1242987136875462658
1243528843757002755
1244347729683382272
1244796672816930818
1245029850965934082
1235399674451853312
1236046172193787912
1238548354965143558
1239146953927274496
1240042770196320258
1240695391063957504
1240833214941298688
1241002451395903493
1243228778530291715
1243326032406622212
1244389889073991682
1233912323590565889
1238420712077099008
1239725651915149312
1239889524005785602
1240036963668893697
1243309429614948353
1244960503996338178
1245000433971666951
1234705898825711617
1238120147174506496
1238585177049350144
1238948912154763264
1239585054185025536
1240359244332797952
1242407848585433089
1243696279793700864
1244581558297608192
1238080378730164230
1238132907522306048
1238185617802113029
1240494678925074433
1241714698241945602
1242235240736677889
1244701165960519681
1234984446756974592
1238948074166398981
1239865261848555520
1240639281263267843
1241573253715570690
1241787795246649346
1242089832609964037
1242217127022559232
1242859007305568262
1243936599936819200
1244369814115606529
1237083245176598528
1237105908657913856
1237492709436186624
1238623381404164097
1238890100240637952
1239352424286097410
1240458046859550721
1241754864599867392
1242140814358327300
1244654245963579392
1244944290582798336
1234705919780376582
1234828635598675968
1240044425213906945
1241411097749524482
1242085311699734529
1243651548099547141
1243681201879019520
1243744657642790912
1244468839397588992
1245020701892808705
1236058475089846273
1239985377353629703
1240263951402876929
1241338020760031232
1241745943793258503
1242567249900081152
1243595332149227521
1244655677743804418
1245055822687846407
1238608298947104775
1238879827911938049
1239225589631987719
1239310422727106560
1242606141303119874
1244027458460045313
1235657483118456832
1239967264624893953
1239989944724185090
1240397652770140161
1241045836760571905
1241431291498835973
1242281512197857281
1242409095627300864
1243830746483249152
1244700468066033666
1244707535468351490
1237881989375471617
1238438972004712448
1239000941598248961
1239615802891997184
1241032001840390146
1242187820212588545
1242485770687897606
1242876562556342272
1242954291251253248
1243334995617484800
1244206520784629760
1244410113667911680
1244419825151197186
1244625507615936513
1244875349583953920
1245022141814317058
1237321392913354752
1238525419835572224
1239619400921161728
1240607133563060225
1241421638043926536
1244635558447427584
1244889733647355906
1234629612799430658
1237301695379537921
1237977206107889664
1238518610429120516
1239847637043630081
1240125857563369473
1240349994168856581
1240797741221122056
1241893237197021195
1242507530225496064
1242919818258452482
1244647443679059969
1244797450155483138
1234662273077006336
1237368964642148352
1238838720989736961
1239592056810602502
1239812058494824448
1240495719909412865
1241054457548414977
1241377149036064774
1241867354142846978
1242936226383970304
1244416114198827014
1244637223057842178
1244718694850330625
1236806185791045632
1238998735423561728
1240196183823470592
1241524507522879489
1242198427343216640
1242215619765899271
1242307516962201604
1244679781204897792
1235000468969000960
1239304722747711488
1240062207049764866
1241394227734622210
1241741651338379265
1242191519290920960
1242385238698967041
1243270839094607874
1243712952752111621
1246618707540967431
1247085593655418880
1249917826267328512
1250657684392742912
1251229977489506305
1254933327972360195
1246220752270979072
1246231024150839296
1246274655280750592
1247190427423461377
1247208282990817280
1247539633136664577
1248340910019973120
1248380432116092929
1248410619608313865
1250302842419548163
1250567548589838336
1250765448452493313
1253534188277567491
1253826023684177920
1254412974577549312
1254893201464471553
1255108262510448640
1255109582294319109
1255839008355164160
1245389167703592960
1245992195808616449
1247184079293947909
1247906068698730496
1247926988431659012
1248017694374260737
1248174505228468224
1254516687136862208
1254766982169161728
1254790247122006016
1254963620082900992
1255625333941903363
1255713379110359041
1246950172946505729
1247252811110395907
1250570464013008897
1250587702233378816
1254251357143474185
1255100831394721792
1255255581339910147
1245198877214617606
1246505331531886594
1247314388727533568
1247321262143176706
1247611721889591296
1249749989728935937
1249827267938856961
1250549167153438720
1251216386703179782
1251282555053244416
1252619859302678542
1253323041397850119
1253405789659770885
1255029017645809665
1255142357957148677
1255179897913380867
1255550847104278531
1255899721140486148
1245494669355765760
1247532332048764928
1248421088343683072
1250921169819074560
1250924354344452096
1252404574062669829
1252601514117533696
1252693072363827200
1254616032242593797
1254781073445142529
1255276094984421380
1245545507121958913
1246156306789961728
1246540500867461121
1246588363261476865
1247495289398755328
1247755788312907780
1249400649214803970
1249895185217130496
1250335335382274054
1251071352028700674
1251194441550921728
1253074169513771010
1253887113692504064
1254391743014813700
1254858737967235072
1254941356235132928
1254979047345606658
1255268788175622147
1247509557389246465
1247525174737432576
1247987822537170944
1248290845691908097
1248294155018739720
1250177027694399488
1250633485934608384
1251654276444758016
1252971765585805312
1253658685223563264
1253768215232118784
1254983764037566466
1255578081030475777
1245400606463995906
1246195854630936582
1247389994706141185
1247741320837373953
1247977520705789953
1248015303172182016
1248292734953234432
1250546478042558469
1250837619304550404
1250887855984922624
1251876006408880128
1252601624389988353
1253394962466705409
1254600307855654912
1254888336596119552
1255331889331740673
1255595290993790979
1245478607008432131
1247300003451854854
1247300213330632709
1248632166701051904
1250222814537408512
1250269251178344448
1251512107452862464
1252393631379419136
1253825328142675969
1254125236489842688
1255180252193660929
1255309452531597312
1255534811906785280
1245826879849934848
1246148990313340928
1247008094447480838
1247538008724664332
1249752047731314689
1250196604377800705
1250786097015263232
1251352258002014211
1251626568390041600
1252347305006477319
1252748982260031496
1253366906670776320
1253465033239154692
1253963889164910592
1246344288687943681
1246943197286236162
1247638806444093443
1249744500257423362
1249750997272059905
1249820845398245376
1251892477952430081
1253098546821292032
1253288995301330945
1255543771535728640
1246316587180863488
1247313414621483009
1247386161930256384
1247751104000974850
1248072771898228737
1248390553810505730
1249321538341527560
1249404921092419587
1249788451660201984
1250454162590105601
1251631599025885191
1254165803269787650
1254975134689103874
1246051573446426624
1246416164894490625
1248104737146146818
1248656543974936578
1249549242290626560
1251286829799784448
1252733855448137734
1252804575867932673
1253154133923659776
1253790960930217985
1254569556594397184
1245150248462200832
1245871211185197057
1247529714870173698
1250275166975717381
1250400075358052352
1250446439647449090
1250469040683986952
1250481394226286594
1250612386651869189
1252303005510184962
1252985504280313863
1253503945776992257
1254081759177826305
1246815533707800576
1247828491925704704
1248324804517728257
1249171961047105536
1249461103857410053
1249805766506295298
1250537350305681408
1250948666422149124
1252839572632829956
1254174139738279937
1254755263329992710
1255854405867524096
1245736567987146754
1247164270737006592
1247532560067878916
1248230780645658624
1250434977545596931
1250865898984005632
1252374671682494464
1252375923397025794
1253420905423765506
1253752640149823489
1254538248287858689
1255504647424544773
1255591704008069120
1255859665646256129
1245131325415329795
1246498222278873089
1247084980242731008
1247235249555361792
1247665195062677505
1250059258001006592
1251208848448290817
1252399540885323782
1253511513731674119
1254488543369388032
1247592547230322689
1247720112985161729
1247890966742097930
1248614938332938241
1248649824725057537
1248777813911572480
1249765320837005317
1250574964110966784
1252620688424423424
1253603361682841600
1254626813860593668
1255503078884859904
1255935653742813187
1245189624579964929
1246521493204267008
1247894162113880067
1248103612464730112
1248203155202084865
1250422005699997697
1250539414255788032
1251201382645932033
1252288550692888588
1253152441824092160
1253399202912186371
1253527474232684546
1254379826972168194
1255555639356518400
1246105338480377858
1247225966369411072
1247244078783385606
1247555390448922625
1248240607904104449
1248327340947636224
1249816779171471361
1252273425361637378
1252522544374128642
1253199788729937920
1254489175589629958
1255547244171808768
1245340111996420097
1246564844570136576
1247612072625491968
1247980090853449728
1249065799551258626
1250139329244155905
1250232675765489664
1250370999318609923
1250665283674660865
1250928821768982529
1250957936014188544
1251661804612222977
1251818267699752960
1252400954357346305
1252639010574544901
1253156677957963781
1253728279720148998
1255670011659612160
1245498694444568576
1245840817257943041
1247342690863382528
1247702212010115074
1248810905766449153
1248981710882168836
1249077144606523392
1249759274701643776
1250335962552340480
1250650150898466816
1251728045393743872
1252650869386022912
1253644934587924481
1253851228796305408
1254613745386639361
1255097419836129281
1255270679655694341
1247248097429741568
1247622727659401218
1249434664986607618
1250455296411140097
1250531804735574017
1250562448316338186
1250760596192219137
1251219714463936514
1251671393722421248
1252058040666218497
1253862342166790144
1255517350528417795
1245627233097547781
1246514573328465922
1246909115726774275
1247173354223570944
1247273484830605313
1250863381587857408
1252055784126648320
1252257261717684234
1253177382640316417
1253413364635590669
1253896298627059713
1254084338255355905
1254914929838239745
1255150009865117696
1255639683637411841
1255754965693464576
1245443929417244672
1246180717085831170
1246498194885935105
1246556840730791938
1247231688612159488
1247300429039521800
1247539941963264003
1248213201864572929
1248754310013427714
1250558241429487618
1250613590064869377
1252054512891842560
1252657652280242182
1252711279678152712
1255542370608742407
1246273536819376129
1246490219525922820
1246761963948060672
1247457006316859393
1247722852284911617
1249569175720189953
1249775661608103942
1249812151520411648
1250054820096102400
1250265127074639872
1251114882633740289
1251168168938266624
1251180512573632513
1251918538018893827
1252341283588210688
1252635948799664128
1252712113887477762
1252805208511373312
1253830402688589830
1255519912128282624
1245521202933837827
1246256182815268865
1246408680423079936
1247510274246139905
1248017013278031873
1248042552407851008
1248430619433914369
1248527623673782274
1248767743379353601
1249415369074380800
1249449737264287744
1250521834119991300
1250537762744414208
1250589743085166596
1251269270606172166
1251322054319714305
1252762145688780800
1253173339641614339
1253850317822717952
1254032825659150336
1254176519087423490
1255515933910675463
1255655621921292289
1245134466231795712
1246369327105925121
1247917258455887873
1249404421026525192
1249430844583948289
1250070188013338627
1250259320131944448
1250976414112849920
1252371514160103434
1252834663518765056
1253664598982606850
1254083047340642310
1254442227406909440
1254926869662765056
1254969062750289923
1254975569168445440
1255174426607316993
1255645047867035654
1245364527044136966
1245644901057835011
1246196675678478339
1247309195508097033
1247974642083672068
1249911485515681792
1250739141777788933
1250812680958627840
1250937069976850434
1251027715211366400
1252380446819639296
1253911623552679942
1254549736926982145
1254805622694055945
1255677141993222145
1246682389939662850
1247224469267124226
1247403737464950784
1247619204553084930
1248270853143515136
1251923538342301696
1252560875984044032
1252612741778608129
1253536977938452480
1254382277288529921
1254538271088095234
1254749538436280323
1254762918182346754
1254918239609516033
1246283390019678209
1246483217173098497
1247335552556216323
1248490929310162944
1248589632264167424
1250385069451227136
1252447044607905792
1253443568166895617
1254091226430738432
1254249131666812928
1254787313625755656
1254928288952258561
1255006331028848640
1245818310454849538
1245865557636726791
1247388710569738240
1247590492050788352
1248714312136392705
1248762749548716033
1248969132898426881
1249741151525101569
1249841338767609858
1250455387138134016
1251246640243097605
1254039765994913792
1254213651646631937
1255029298152509448
1255536125529272320
1245945584558563328
1247185346430992385
1247682710501556224
1249495022678036488
1249847476577693696
1250976687027826688
1251374899899310083
1252258323023437826
1254100378787942406
1255560822786580480
1255599186667548672
1245711987390197760
1246195774234464260
1247113560695558144
1247271270250688520
1247619686898032641
1247864328067350528
1248849453810962432
1249053372990316546
1249074334431412225
1250596905341640704
1252362962074918912
1252363982263816192
1253193048680476673
1254767724611489793
1245188760490385409
1245433354788515842
1246188286621687808
1246467587925520384
1247318570960392193
1248233852805365760
1250816453139365888
1250830121369587713
1251370372282363906
1252555679874891776
1252887080251928576
1253856251789873152
1254343432035696640
1254933350856503297
1255164901376634881
1255198073313165312
1255198933137195008
1255217734415245312
1247590360290865152
1247924399573008387
1247928832235012097
1248098323543842816
1252246683666309130
1252854677999214592
1253749404810514438
1245380582722408449
1245924097554448384
1246219158792089600
1247479728300310529
1247988823361019910
1248022922939240449
1248086396369358849
1248737710698827776
1249010874599321603
1249851832542932992
1250280192355921922
1250917514227441665
1252311143172931587
1252609960707608578
1252754293893074944
1253888974793433088
1254228830312595457
1254523174848512000
1254558141766918144
1254799525321080838
1254991236781539328
1255110694439133184
1255134932046712838
1255624764284116992
1255674486982152193
1245733231539994630
1248294849780109313
1248765080826777601
1250213121496453121
1250537100845428738
1250539253894983681
1250556861784391686
1254412613867446276
1255211113513250816
1245706802697822210
1245757946644004866
1247380851593265153
1247690661232549889
1248377684922515459
1249118974417215488
1249734676597444608
1250094607251185664
1250234912399130626
1250431405525364736
1250849846220615681
1252541593577566209
1253670340351401986
1254401981961158656
1255547810625343494
1255859283826262017
1247213733690163205
1247542119662665729
1247545041729527811
1248287307196780547
1250528768722173957
1250620346467745795
1250988862396080129
1251665378096238593
1252943146348163072
1254771746663620608
1254918055714598913
1255185460818837504
1246206416161030144
1247588447688232960
1247895255476604931
1248302157729759237
1251367355847970821
1252379032173154308
1253134011800727553
1254767473754341376
1254912892656287744
1255059246519066624
1245463526765887493
1245514812458708994
1247344774798966784
1247386888144445440
1247558492153667587
1250558732171436032
1250619991990419457
1250915931666210817
1250927663125893121
1252722597697110016
1253752706034012160
1254732759966183427
1254927414649552898
1255146410858569735
1255197854672384000
1246100690314891267
1246220994571898881
1246831296124420100
1246954531721818115
1247212523235028993
1247314924537249793
1248075280557711360
1248688995057504256
1248732564090732544
1250037166278934529
1250121769433907200
1250261964183371782
1250559529068015616
1251370923711696896
1252419660789592064
1252687152682545153
1254899608087560192
1255650545899114497
1255891439092826112
1255935098492518402
1246570730852098048
1247435915611570176
1247490644345532420
1248419019201196043
1250915717752520705
1251154172625350658
1252401767100211207
1252561489459732484
1252582522514313217
1252635747154309120
1253390969489235973
1254096027382165510
1254885567768256512
1255190535612104706
1245370348738088968
1245706737174417408
1245897660726460418
1247267002906902528
1247282169757786116
1247926722789404673
1248230952339415041
1248904653003051009
1250207624873852929
1251220401071497217
1252312870785822726
1255533782985252864
1255779999518515200
1255882134809649153
1246053659600879617
1246848854730985474
1247637199891443719
1247810266353418240
1248332550264754176
1248461622122692610
1249834836967243778
1250272766223241216
1251187842681843714
1252232247681273857
1252477246767579136
1253020910132625409
1253720406998974465
1253723047611314177
1254038128618344449
1254712100787814401
1255347862390611974
1255376190145204226
1245486115009769473
1247337204680187904
1248388410546380803
1249311367112294400
1249351807626891264
1250914371020169216
1250981906793013248
1251012516530081797
1252142916580962304
1252255914129870858
1252439439328055296
1252633839370985475
1254097570479120386
1254564672629506048
1254583544346640390
1255202711752052737
1255242696580628481
1255353631483756544
1255541941497978881
1245380048447664128
1246068323147636739
1246587963368026117
1247194245376749569
1247306333134733318
1247508487472664578
1247870237804048387
1248999763904610304
1250114120294322178
1250445489914425347
1250496634468917255
1251190002878382088
1251616521799024640
1253289744139681792
1253685256881877001
1254175906643525633
1254971744810668035
1245705169637183488
1245728064165810181
1247542608961744905
1247592386143936515
1247985115864629248
1248310744606703617
1249766837245616128
1250041868936777729
1250884115483639808
1252884853109882880
1252997187274969093
1253314046218113027
1253473857152974849
1254738438680698880
1258222567338520576
1262914329646706694
1263543730671366145
1263914633435525122
1265900643119742977
1266106670494736384
1261355727718952968
1261378316868546560
1262191262859292672
1263160199164170241
1256735244557975552
1258913456729796609
1263489763010543618
1263961926243147779
1264964245390790662
1256350250178097157
1256380427054579712
1257417547949002760
1259418788337868800
1261454913160179712
1262064994063200257
1263093787368337408
1264647393364099073
1258864276946718726
1263847309600862208
1257644035671539712
1260631989952098305
1261376790074818561
1262256139850448897
1262478629616967680
1263202132645294080
1264088753443913730
1264981135626514433
1265930891873914880
1257354108635426816
1257683298664488961
1258203419497631745
1258472614605045762
1263809469026369537
1260380860412542976
1260928773324750848
1261695446721929217
1263174381578203137
1263964699705704455
1264296612815233027
1264928781342572544
1264956961281454087
1265255741150990336
1258972262788558848
1259612134507524097
1264331052299976707
1264590752530812928
1265422317951254529
1266061707824082944
1266403377833021441
1266465202717044738
1257127180003401729
1257682182866440192
1261330562394075142
1261598517757390848
1260728255125970944
1270340342445998082
1275285004818489344
1278048872032600070
1268152814024392705
1272089808618303488
1268799819855921153
1273178643603369985
1274435621818454019
1277098002872709122
1268736719295307777
1270711817615011841
1271615779902021633
1270485938767114242
1272547988393558016
1268777131192057856
1273340929022341127
1275368079938269184
1272371910563725312
1273762676674625538
1274109963477102594
1268261400612417537
1271351605653356548
1271814825254027269
1272499127482449920
1270484750583635968
1274508649881206784
1275977657260412935
1276576061590044672
1277391972366454785
1270693001220759552
1272458926638972928
1276667795799969793
1268784620243496962
1268319327658246144
1272572772997349382
1274069491966775298
1269148701169266688
1270133066594504704
1274107241050890240
1272552083733053448
1276317098080231424
1271864770921140229
1273596921848958981
1268227669721788416
1272533137504047106
1277411134170112002
1276236290170793984
1271455272779821063
1271514911663783936
1275052216521576449
1268633729188212747
1270539956985958402
1267453587854163968
1271170376056348674
1275823139084054529
1276677630146818048
1277572203270283265
1273298176804610048
1270657098796408834
1272694474326642689
1273969063786504192
1267893140465356811
1271869885921058822
1268777978739081216
1277134649790210048
1273930097515360256
1270351640151941120
1270777870839881729
1271120686782676992
1271189649491451907
1269130506169450496
1272355103970861056
1275866347273158656
1276987421683519489
1269441448354742272
1275889023203119109
1267499253397667840
1271517824981389312
1272689114760896512
1272309809686048768
1270733951846494213
1274177315161829376
1276296831211896832
1277349809826004993
1268218433906376706
1268651376722219008
1270335649908961283
1273598279545229312
1275035971634057217
1277713223073107969
1270120953981394945
1273050239893745664
1275995115232940032
1276606536807309318
1268278823130484740
1273827976141066240
1275843585749987328
1277700869216260101
1268864012780998660
1273359765914005504
1272325470273536009
1267356393667014656
1272513610909130752
1270181358904672258
1275248393619681280
1277648026236907522
1277665810756976642
1267546212820901888
1267611120539402251
1267897902313156609
1267434430437765121
1271906447669026816
1267915615089672197
1272375954778791938
1277057580385345536
1270084620487462912
1267954198886391810
1268674921816825857
1270799518976675845
1272996038413111299
1273759581143838720
1276046871627169797
1268351460472913920
1268522617411117059
1270542661380907008
1272449575161262085
1276690253609385985
1270002007169019905
1276437770777571331
1268899896871940097
1277715988138655744
1267856113740939274
1272331505377869824
1267848567584063488
1272504785179152390
1276319340795760644
1268585930434248706
1268730270364008448
1275247204605796352
1267680966132158467
1275818210785406977
1268762015482499072
1269595064264790024
1271797899085651969
1271883807159967744
1268159895381200900
1273374865098256384
1276834279104958470
1277391611643801607
1271818730826235909
1268541101708894208
1273873229782888448
1276525810820751371
1267425788594466816
1277440763299794944
1275388908164001792
1268649488417263616
1271221895300435968
1273068591454261248
1271872466156236802
1276530813388161024
1271078022293016577
1271724506420146176
1272333018238238721
1273576428974551042
1272596704286486529
1276657025146028038
1277319610296152065
1275783292936245249
1268226137475502082
1277022060028530688
1270825547799592966
1271145382811074560
1273654321218011137
1274567579676241920
1276591078112714752
1275203758125965315
1277957640736452608
1270458250958385154
1270589854984876032
1268396148122963968
1268699507321114625
1271823416316878855
1268596653059043328
1270363941110194179
1274079145933373441
1273538371684614144
1274265816729600002
1274446936720977921
1275081135786086403
1268588389068156929
1275135874099863552
1268150442925740033
1277680116827426817
1275212050248208396
1277298851670642691
1277910040129802242
1270108178332749826
1272671824434741248
1273088090098339843
1275594536975286272
1277565566199361536
1271132202030546944
1277406429763248129
1277685839192080386
1268257499330703360
1267249115538182145
1268263809417981954
1272162400872140800
1272731095038144512
1273763011438706688
1271516319897341953
1271139988969713664
1269679012189745152
1275670028512346117
1272317901417197569
1270845739434942467
1275194378835894282
1272453900302462977
1272544158058786817
1269720796504743941
1270045499362611208
1275239712102342656
1275748511833866243
1277970246339407872
1279127806706843655
1283869468918153218
1285877389080367104
1286496225081135110
1279384311519731713
1282174105421336576
1283416982117916672
1287255705209188352
1278923950345588736
1282007960655364096
1283359064404176897
1283898117918797824
1284529832278319104
1285363880256995331
1287438672514752519
1288229399595294723
1283166157160112129
1284201402164797441
1287442413951361035
1288867340453654528
1278151584728453120
1280853917480484864
1282189723151339520
1283023512735752192
1288930012637417479
1279120230703419392
1281003369272872961
1281401576775659522
1283494072544632832
1283873296107409412
1286775743024947209
1287430854101340161
1288172618286338049
1280743453203337216
1282713566840332289
1284185381693468672
1284186140099182592
1284477823663714304
1287729279153758210
1288924026182795266
1289221869116125187
1281595773084471296
1281596630286860290
1283513096808660993
1286948933382443008
1287357335736918016
1287824013616713728
1278790165545312262
1282434564997165059
1283007394604343296
1283453795637264384
1284691939024150529
1287507994977210370
1288460056942596098
1279901627999289344
1280826764470730752
1280901371663806464
1286375614321250304
1284246513988841476
1287044783592976386
1288593359456604160
1281418115864301569
1287085293653372931
1287119180853116932
1280863167292334080
1286103575316160523
1287316039542374400
1288915675805884417
1289022370116755464
1280298020924469248
1287161806608314370
1288602758489178112
1278673768416772096
1278910343968743424
1283876128235466752
1288973405383995392
1281817483184230400
1287042755466792961
1288519974110269440
1288976037540499456
1284166904077312007
1285949010553995269
1287261488428744705
1288950012706267136
1280647565952856066
1281231287236407297
1281936350443438083
1283468980913659904
1287476343962132480
1288236311812476928
1283473644178608128
1284004981025251331
1285071835248427008
1289057678073847809
1279195735041466370
1279417015883780096
1283406290077790210
1287417030585528321
1287553419851362307
1288744451704336384
1280707291403005953
1282238299986366464
1283034250799984646
1284295378049929217
1278108895450284032
1279445014821642247
1280848144889196545
1281247366566248448
1281417170405273600
1281507947735126016
1282953831500972033
1283129174845263872
1283959657225216000
1289048212511371264
1285394136124854273
1287138247169077250
1280849254014046210
1284194810476331010
1286011282273968128
1288673424479604736
1283369094620893184
1284129040002146304
1285309034342440960
1280580979720105985
1286405792195903489
1287206982383017986
1288479707252563968
1288779754787803136
1282895096648806402
1278901774993305600
1284943304946327552
1286448833489022977
1287239816229330944
1284686510328029186
1284479455860326401
1287468481512984577
1282744132587466752
1287476501047390208
1287549314177413122
1284254054089187335
1288270002639056897
1283808887918014464
1287451347785338884
1288826032368365568
1279019223898038272
1281226665352474625
1282763115768274944
1283189538882498561
1287519482408103936
1287030882017001473
1280973763090296832
1280566545001918470
1282744128992927746
1285688502437453825
1287220863159472131
1286471808514797568
1286984539521396736
1287218113692479488
1289240701293666306
1281433915987767296
1287458331058208768
1278365593041854464
1279188200964214786
1285653924595281921
1278405324609925120
1280828010866839552
1286130068373282822
1287366081192120320
1288172552486105090
1280968560291045377
1283610375888371712
1278384374044602368
1281981310169493509
1285759320722898952
1285945263727808513
1287982547708907523
1280963304781905928
1281105933200961536
1280061505992634368
1286149054892834817
1287013317144244224
1288844299011084289
1285359081558073344
1286171715790397441
1289273664223866880
1284533439467790342
1288895066069770240
1279197227546750982
1284589812490604547
1286519029281312768
1286768190937333768
1278908875165642753
1282941254670704640
1283801273704132608
1281317268245315590
1282706552928063489
1286363085314424834
1287564673714393089
1288193357924114432
1289011951847211009
1286020800328470531
1286359176210513930
1287202284523474944
1287908135819149312
1282458990736281600
1283215828645797890
1283778610638336001
1286431025690705923
1287122953235308545
1279867795510104068
1282041981150072832
1283160050500956160
1287825357886889984
1288566202198036487
1288678229805600769
1282708072113168387
1283305311051280387
1286982820129394690
1287532830222716929
1283722128588775426
1283799853865156608
1288176748501377025
1288844153074462720
1289178805404237825
1285394125106360320
1281045849590697985
1287396205270462466
1288595288354160645
1278137170012762112
1283485763322220544
1284927104929406977
1287173282203160576
1287533830019133447
1288602743167430657
1283717172095782913
1285650852125048834
1285903972587405312
1286096206180032517
1286320998581583872
1287032432697528321
1287445626515464201
1287734463347208192
1287164820572327942
1279543049765429251
1280694940016787456
1285760233323876353
1278450094581440512
1278918646719365120
1289272195839963136
1278158373502894080
1281507634160566273
1283891528746901506
1289283618410504193
1286715832203128834
1287204469394964480
1280922130213941249
1283518442684010501
1286898974725677056
1288425844688461824
1289282217068331008
1280279528343035912
1280858392937017344
1289273139512262656
1279218396421382146
1284160117861228546
1284493573644333060
1289273609320423424
1281634415073013760
1285569839021666306
1287492542343401472
1279511123470024705
1280536320415354881
1280838880749641729
1283242423880167424
1287224086385635328
1287296740949975040
1288967364319383552
1278405879923200003
1278650389383057410
1282438338545430528
1283769315477594117
1286087808944353280
1288655552466296837
1289272946561875969
1279050064606801921
1279558107564253184
1281062646327005185
1282804529189343237
1281569025202561025
1285152593036140548
1286081134820982784
1287439616312774656
1281961899962388481
1284589985228709888
1283204769507663876
1289166671001923584
1289210652087599104
1283044214167736322
1287787334059032577
1287878592202854400
1288195649263906816
1289289763040776192
1289297296228663296
1283652778103980033
1284198090447237120
1287757179483762688
1288518389699194881
1280667959015419905
1283496172003315712
1283733193712193536
1284082174094970881
1284262573651767298
1285871716481236992
1279988457922854913
1280269554321707009
1280822978641645569
1284430530386305024
1284667877640015872
1285972788537249792
1285982191596367872
1286866302678835202
1279573216856608769
1281335405674213377
1283393471815004160
1287115413311160320
1278440748585803777
1281890989242810368
1284262423751356417
1286848292899389440
1288142435026194433
1288859507590860801
1281955036122275844
1289010680776056832
1280926888979021824
1281709867108007939
1288266959939870725
1278536647190016000
1283755012095524869
1288778533884628992
1278512837166587905
1287254266604904449
1279852571239251968
1283134674982899714
1284111863933022208
1281034133981052930
1285553790737887232
1280281256396304384
1280973274646798336
1281220419035398144
1281675245917790214
1281824036083781632
1283498287073550337
1289289882645303296
1278418242852343808
1280864885434449921
1281185149888204802
1281504440399417345
1287174256535564289
1281136040837894147
1284171004454080514
1279886845732507648
1284220602597900290
1287980895463514112
1281384853267787777
1285377027231510528
1287137743160713217
1287400645276958726
1287731769375174656
1289291915347755014
1278931513955024897
1281570005839155201
1282825725779808262
1282860222386712577
1283927104824815617
1284594439567155205
1289273637476929536
1278493744728285184
1280895516423991296
1282849800791240704
1285711193982865408
1287914354227195905
1280880873387241474
1281430448833536004
1285318566665793538
1285172473395400704
1280622667452874753
1283272583274729472
1283810177741926400
1286255494483582977
1284955096187645958
1287474164673073152
1282532719319289856
1287432598759903236
1288996764293509120
1283574580121153536
1285744869802033154
1288910694277152769
1282902716705120256
1286632494222249984
1287175979585110021
1287318520565575681
1289138747620184064
1281731583804796928
1288413332400156674
1279158070770352128
1287181310126104577
1287628787899867141
1288308389450309633
1285531223318835200
1282789412456333313
1281453223090561024
1285985636302770176
1286032817391116300
1279516465171886080
1285628238946021378
1287402381978882049
1288565346568474630
1278125340452405249
1279762869089972228
1280215017930010624
1282378906146877440
1286043345857511424
1280630174598512640
1284208803639173120
1288202746240413697
1286374984554811393
1288700856079179777
1281815611300028416
1286061711972274176
1279011925804883968
1289027269432938497
1281783828076527616
1282382719075393536
1287492964814589957
1279950710084378631
1283260257083559937
1280991347760148482
1284095577765158912
1288270496753221632
1289614117267890177
1289991895301500928
1290286261098278912
1292644957300424704
1294052223454973953
1294061172287778816
1294638748987199488
1295830733681041408
1299489483520344068
1289533448500023296
1299133318076788736
1300203967993925633
1295855875689676800
1297655082780065792
1293661036613181449
1299098577705332739
1291047602763571200
1291321384698884097
1292525106888085504
1296909710109675520
1297247214625005572
1298379628323770369
1298832956618833920
1290068123740119040
1290793838995537921
1295484509526413314
1296832361666158594
1295792992696053761
1293600674433957888
1289927686492577793
1290077439549247488
1292780986984468482
1299786511890538496
1300425716052434944
1292531627202097153
1295484939417395206
1295737303650971649
1290046172325769217
1291589313919094785
1292966328484204552
1293211229671104513
1294023447601913862
1298734466018541568
1298740386144366592
1295885652727390213
1291124333876858881
1292538031908544512
1292594753301872640
1292604138342113280
1292741582693826560
1296212915654098945
1289965924397842432
1290412882551857153
1292491485124931585
1292610970871910400
1293339149035069440
1295910890059988992
1292445297902264321
1294693497036054529
1294784807323525125
1290197115344314368
1294101496469114882
1300342321754628096
1289395491680264192
1292464400922796033
1296220416139309058
1300222600178733057
1294993543023546368
1298736541762609152
1291460271962120194
1291767261452283910
1295843005136502784
1296965805389815808
1300264267053232128
1294906863721603072
1298743936702439425
1292788738041548800
1294142826058407938
1295540931714850818
1289546530421002242
1292524801886769152
1292207742573252614
1292572247627042818
1294027109485039616
1291407456845942786
1292687178561134593
1295865565232365568
1289644813600530432
1294225744357462017
1295707142775803904
1295105814198276096
1297877996330721289
1300544262757466112
1289335148492632065
1290082488467914752
1293287506914377728
1293585661908463616
1294751541715324929
1300530195896692736
1289671654893748224
1292082153380098050
1293993238219698178
1300401148164280320
1289402299341651968
1289941095032512514
1290801847071055874
1294500940742000640
1296749040424620032
1290505245026594816
1295501811005247489
1296477123272728581
1289577670330613766
1292973979481837570
1289700965210193920
1290617194234044418
1290765719286800384
1291992577366003712
1292262961923461120
1297639778838601731
1298432477162348546
1298770851324719110
1289379255441268737
1293263696832143362
1297220750353588224
1291256494063677440
1299003219306115073
1299096853506596872
1292862497616166913
1298705831433732096
1290437296693673986
1291772096574418944
1292354803734065152
1298398728492064769
1290837431667785729
1294283118678020096
1296854661744533504
1300432405027860482
1289942620496486400
1291411244113592323
1297398287474085888
1298388976290668545
1293300736730816512
1293887886614499330
1294104612899704832
1290278991576698880
1296680946389979137
1290406741134327808
1290766692432449541
1292485400800436224
1294325343977758720
1289689063520260097
1291180900139573248
1295495626587865090
1289767513769664513
1291932256567734273
1289354556439109632
1290361819228446726
1292641891863977985
1293865641783549952
1296567927609659402
1297479535462625280
1297654048724787202
1300540726212808705
1289435413631754240
1290724231458717696
1294776661980794880
1289814935027867653
1292467420804845569
1298045421496000513
1290356981019168772
1294387775471591425
1293184769082011655
1294209353021612033
1293670717393899520
1300328197045841920
1292451037857697792
1292614921440698370
1294423963272130565
1291874635122868224
1292666871834013696
1292948322911694848
1294483354327212035
1295691997735510016
1298444381993795585
1298741124006383616
1290986071350743042
1292671006822354946
1295765382104600576
1300087929952493569
1298496925755269122
1292264029797351424
1298356602689540098
1294011331499229185
1292694722801291264
1292809549490147328
1295791865946464256
1298840163053981697
1289386708719431680
1290739409499885569
1292541419270414337
1294272590257758208
1298719365500551169
1290935697180962816
1292324795145691136
1290301721600643077
1290932650933456897
1298755180901564417
1289480875252408322
1290770982068719617
1297681301277798400
1298697941960536065
1296892333967933442
1297271136905039876
1297359108690116608
1289954223640072192
1291762534463070208
1292553414132420608
1294033730890276864
1298812469150986240
1292083772020723713
1293358421010526224
1293946097463955458
1294479428450484224
1292815159241641986
1292068112091815939
1293458231667437570
1293928116520398848
1296099803831689221
1290905467976384514
1292606503409659904
1298127171500879872
1294728381364404224
1294742709098479619
1294789865653952515
1293551303994544129
1300332269274497026
1289334665812221952
1299444744351821825
1289524611936264193
1297887044568522752
1289405161056505856
1291630152829620224
1289546459356921856
1290024409709686784
1290504318609588224
1293593215099121667
1293978233613029376
1296193784162787328
1300195341988438016
1290293944048185346
1297317521003970562
1291430463043784705
1291885721180135425
1292339937690431488
1292400267053469697
1290135103817969664
1291788829586853889
1292645201354383362
1295835396593668096
1292240183572803586
1289581084737302528
1290705634225205248
1292679621864042497
1295215532468142081
1298183463217045504
1294046157451268096
1292577076105695232
1293067009165426688
1295489115270651904
1294936993252638720
1295835757291044864
1295863280305467393
1298715377203986445
1291799087822639104
1292536189019463681
1295465060534489090
1300544952590630912
1292376646201286657
1297662401790324737
1299428568766742529
1292664422217981953
1289402998569934848
1289544959343788036
1292912025962782733
1298781089864069126
1291833124595408896
1292534083768246277
1294238267001511936
1299373531927588866
1292882573006258177
1296178816025534466
1292922406319734784
1300087232389353475
1300116140992032768
1289788053788266497
1290792135059550209
1292625478352637952
1296326133735215106
1293392285829218304
1292783579055890432
1293135437406576645
1299512113438883841
1289547012090650624
1294366813719941120
1299437981116387330
1293208060824113152
1293706395242631168
1300527675090505728
1289374713026736134
1294717530683199490
1300410564204785666
1298008289331027976
1289578103178702849
1293101609405370368
1291378772415877121
1292481681434140674
1292804360293015554
1294003567024513025
1298720357071822850
1300481347459387398
1291464179308781568
1292811595450646534
1293801129210519552
1295133702855548929
1298864749174812674
1292550619006472192
1293640551279939584
1297443602357002240
1289868046048333829
1294506637055713280
1297251751733661701
1294377673293099008
1295993909034864640
1289591168469090307
1290133517137874945
1296371740608667654
1297154542954577920
1299768543328829440
1304102510894948358
1303563729162780674
1307038496440410112
1309860713700028418
1304486500910985217
1307114685775450113
1301976562288517128
1303547564696854529
1311424127207645185
1302662756785676288
1309168699727896576
1300962611111112705
1302867705687662592
1303996674176679941
1304400077281275904
1304463920455966721
1306879888411054080
1308808443076259841
1309402331633668096
1303125780612997123
1309270565992177670
1309617733668134912
1300579057294127104
1301324120471240706
1302607008840011780
1301761223952867329
1304112335426973696
1305539749759782913
1306518326919782400
1301384425670877185
1304201124975697924
1305960175535259651
1301188193509928962
1305966844377993218
1306678606740025345
1307325095703130114
1309221120109940736
1302343263077236739
1305950455143387136
1306972285052555271
1307070869412474882
1301157683144175616
1303717353369329665
1303777747588784132
1304258490144301056
1306803205284589569
1301017069110976513
1301354352813236225
1306629480824307718
1309476730151882752
1305528549445525504
1306219056320720898
1308805249914810368
1300735281516208128
1303083170728939522
1305174219962056707
1305903396633956354
1300921767427407872
1301127484172308480
1301168945949560832
1305665159071924224
1308518939698384897
1311367339783356417
1309361345100476416
1303314683244564482
1305175184337498112
1305190327247147014
1305894398421610496
1306087920101732353
1306971289379319809
1310561926422949894
1305307871450509312
1307778598716223488
1307856049010085889
1302169606803664901
1303841975586750464
1303720851263627264
1306948318103130113
1300764726733963266
1301701642379825154
1303535895455232000
1301271726274248704
1307215147589656578
1303200728886980608
1302463063787012096
1306609003145891840
1306751431576350721
1309175816748703746
1300843345246400515
1311410746119528448
1302041273239580672
1304108907221192708
1305569345049964552
1309477910529662976
1308600468143210497
1301116377655390208
1311397610821951488
1300779194037735425
1304397179025608705
1309658950900514817
1303128964106420224
1304156919477792773
1307042199398481923
1304033118433746946
1304042173374042115
1306140904995147777
1303890640346865665
1306639122950430722
1306798803408678914
1307073391233568768
1309582008033697792
1303977648490717185
1304165434313367557
1306790065520205824
1309575986338430977
1310738119398952960
1311082257873072134
1305479347315380225
1308762726899109889
1304063618602893314
1310679454264557568
1303324842960326656
1303881145575063553
1304411963942932481
1307674357855064065
1300966493212094466
1301245352809508865
1303826662446964737
1306810019485282304
1301850354892574720
1302614391704219650
1302887501334482946
1304096371386052608
1301098497328939009
1302313107184930816
1303137048602255360
1306974538354298880
1300846816343228425
1301190542794121222
1301278909590392835
1302386319587528704
1303925151147450368
1304162822260097024
1310791544887148545
1311380555045322753
1309156867344605187
1303711968134483968
1301107218440482819
1309678916102168576
1309443509720477697
1311034915828494340
1301588345341063174
1306643522167222275
1309205918681305090
1300863554208370688
1310392378734198785
1301237415898689536
1303683240050528258
1301339128424992768
1305184257153871872
1301009192514449411
1302626379666722821
1306789706500370439
1308416068822749186
1304759873922568194
1309171241950081030
1304147998704893955
1306480672916361216
1306910988977999878
1307111296354091009
1304117526364860417
1308008647604277248
1304032373856665600
1306963739837640704
1311069964439150592
1300604543357550592
1301459927773388804
1310979124987604992
1301986131710545922
1302381012190724097
1305313963215814665
1309588462362865665
1309870062531227649
1303033761798520833
1306666470483660800
1306897316457205765
1303884238639509505
1307120843324100610
1302718245720469507
1310753797161930753
1306563593123647490
1303840540186816512
1304262336350486529
1305252439138893831
1306542210905788416
1309221012425322498
1304827322781118469
1309533100062507008
1304094869389008901
1304617266730893313
1307262706521714689
1301848803826438146
1302285984470413313
1309438480456585216
1309889645279354886
1300621358901211137
1303453730986176518
1303762659842625537
1300572678521327619
1310980413091803136
1308768078717693952
1302606459822366720
1303128183970107393
1303658279361540103
1307165851687227392
1307672829781917698
1309410764395028480
1302932283406585857
1304149673259741184
1305489679349952513
1306773470324445184
1304411942937866246
1305295372433072130
1311419147998441480
1305956165235486720
1302391223777402880
1310731272373768194
1303680380722085888
1304049526488141824
1305932311037382658
1305954967321223169
1301242339000807424
1301578113965580288
1302985027010035713
1303438013750485000
1306221978089447427
1306635791997841409
1309305617643982850
1302976244389117952
1307143303071227904
1309301371552890880
1303425324286435328
1307718664179785729
1301293907859443713
1302656897036750849
1301934249491169280
1303824486651891724
1306782510026809345
1303775256008691712
1305269111887294464
1305973693730795520
1310495538861801472
1301127789232508929
1304200229332410368
1304201591898202115
1306412563031298048
1309250599502917633
1303812543350288385
1306978842372956161
1307013070666039297
1311343365862993933
1302738707854884864
1306566580298493952
1310159104149581826
1300824786776608768
1300848517246836736
1305256452232220673
1307001652956758016
1305640409209675778
1304392225284124672
1306941977066315777
1306948647595184128
1309501672146661377
1300834381989392386
1301302600034287617
1306737211543560193
1303875926820782081
1305166932220538880
1303871133616410629
1306357454091943936
1309621236876619776
1311324575368704001
1305315017739231232
1305927554726006785
1310453766559211520
1300607285601988614
1303468252799160320
1305249146572480512
1306884946846461952
1303883791996346368
1305927588276137984
1310745236302376961
1306307022330224640
1311665325939683332
1312686398772785152
1311523776010555392
1311767993014255619
1311784967358291968
1313622902965665792
1314714413690056704
1318818984263880705
1315415651981426698
1321897046614384640
1317958616369008641
1318357475276435456
1318213079025348608
1319277772703842304
1321104497830096896
1312973108844752896
1317073263550435328
1313886871508848640
1315964117329473538
1312534769238851584
1317831606011228160
1318536576041889792
1319018283631284225
1311515608882860032
1313890481995214848
1315804577006977024
1314304464795303936
1317156406965850114
1318336730269765632
1313116403139047424
1319972038455382016
1317597823202959368
1319075728881864712
1321966841648963584
1313821446335008768
1316068180457148417
1318348842505445376
1322339551675846656
1313540960350097408
1315592932322402304
1317517419104055297
1318157130155794432
1318603260031270917
1321155461928886277
1312686428376231941
1318659712636882944
1319186993624969216
1320909464329998337
1314987941249384454
1315774822241234945
1317972060958765057
1320683464547590144
1312007056375783425
1318995968478515200
1313214899292639233
1318134626800537602
1319876267416547329
1320082624799453189
1311676847416111107
1312206300067975170
1313467073624977411
1315760901056847874
1319979587430838272
1322206763475632128
1313629436000993280
1316496873797058562
1322521500432453632
1311742813491531776
1311782840841973760
1312953315903365120
1313403581798797312
1315663435003170817
1319813499275472896
1312833633602990088
1314415426449809408
1315766164790927360
1315914217724104704
1319232164764872706
1316026243368710145
1316428701496750081
1320772311868321792
1311464142847516679
1313281016635830273
1318393202374660096
1319302326163808256
1322055770125475842
1313628434367741958
1322237676230238208
1312895652595150856
1318462223438680065
1319828535129886720
1311505699269152769
1311694846063792133
1312465481320656897
1313081666483769344
1318080688927760384
1312139268609826816
1313282705606553605
1318741395323191302
1322354613442564096
1313572126050324480
1313889864698527744
1313993668056014855
1315741887869923328
1315811531179937794
1318998124212281346
1313646083323633665
1315406270703325184
1315719852410105856
1318190505478529035
1318910242609135618
1312298738531151872
1313609611220381697
1321184461334085632
1312923812820905989
1314346418249719810
1315400709232300035
1318611675264606210
1320473975827419136
1320750426384338944
1311914541995917313
1314991574535876609
1321368740529754112
1311622022699470849
1312900958423220225
1315400536074727425
1318757024662867968
1319151701086097409
1313550282819805185
1315917826490732544
1320535413459615745
1321995495514910720
1314067993534648320
1313271483205144578
1313550853874364416
1318335372410183686
1319830672555507714
1313245157416996869
1313864159604412421
1316182065965010944
1316574649979858944
1311440948916699137
1312197487642341377
1312897843921911810
1317037599194816513
1315681448234549255
1311541093767376896
1311643122384986113
1312189999765356544
1318363941479751681
1319451233334128640
1320749660475019265
1311986046129717248
1315501292676997120
1313082381109256194
1314309730580357120
1319654948859117568
1312929819198402565
1316491955027800064
1319809480406818816
1316750813054726144
1311711674341130241
1312910290732933125
1313260179429957633
1316830262098001920
1318628187190915072
1318832339036917761
1312897280538636288
1311980891670011904
1314528193181872130
1312844968659218433
1315778901948411905
1320002032535822337
1318735180748722176
1320002362178588672
1320198531924127744
1321595236997476352
1313577214433206273
1318532134445907969
1319091377112829952
1311497047313244160
1311531421106798592
1311694964263448576
1318303612041265153
1321505606499524614
1313603759315062784
1319806317914165249
1313545455167565829
1312773652363046913
1314383541942333443
1317508401346260993
1319445066281291776
1319581951125225473
1320570525098348545
1321924369627701249
1312234189916307456
1313230000666050562
1319203767695400961
1312173667711807489
1313547191022219265
1314124365282177025
1317073804041007107
1319733504792428545
1319989548508717056
1314308487137107980
1314221389122023428
1316008421108326401
1318532940662476806
1317091890580254720
1319209122278068225
1312199499876462592
1312845781184008192
1313067909862785028
1318342926183944193
1318519201842253826
1319036696764338176
1313559262812135425
1314533478457921537
1318241473398190080
1320481076309938176
1321127723264335873
1318417713866379264
1318622102300348416
1312271296810512384
1313874313758400514
1319303869919154176
1315429012408279047
1317638298962137089
1321254848952750083
1321824075912675330
1313234070021836800
1316461407412445184
1317551409546563588
1314064227997552642
1314507437345517568
1318696867870527488
1311637269137297409
1315693405607989250
1312228310181699584
1316613005522632705
1316724840594763778
1317907058528784386
1319090321242849282
1321497086647414786
1311433403116351489
1313536915040276487
1313562876297256961
1318339825636958210
1319209552051658755
1319269914448834560
1314626767517253633
1316242463648960513
1318680486152110083
1317550558006419456
1318236649982205954
1319912159124533248
1312820582946406401
1313843619837681666
1311443477620764672
1312050622011711491
1313401221810716673
1313539701266149376
1313859133372727301
1316043666922893314
1319768195226497025
1317865017841078274
1314604005234929664
1312788333899190272
1313914618801270784
1313579974331334663
1322191752816721920
1315815664146411520
1311699524344262658
1312118116751556610
1314009888809521154
1314090913509982212
1315784571758182400
1317484263802064897
1312746186558898176
1313030782328483840
1313607507940704258
1313862003459420160
1320600584848900097
1312426755085545473
1313914515914981378
1319691819920297985
1318797921249275906
1312534653048242176
1314169983094620160
1318406867425521664
1320684563207581697
1312084805576798208
1319256998282670080
1320505755850649601
1313927818334670850
1314540235762655233
1314721123582394371
1314966263060475907
1318781777670930433
1321864360806043653
1316979507996352512
1312786684820566017
1315803957852213248
1320730894747996163
1321346094123474945
1313816072135553025
1315670859990925312
1316725649390796809
1322033118308564993
1319885846460379136
1320496191226974208
1313951937730154496
1315789818966794241
1319028531918229504
1319260158447345664
1321610330313695233
1320251381958111232
1311728801437675522
1313169203533426689
1313848670119395338
1314445746964369408
1318983025074466816
1320540895721050112
1319031788442914820
1313536670873137152
1317103132313186305
1315218279707836416
1321240526188769281
1317116656552988672
1318202040426823681
1313939790421610496
1320750153746272256
1321261437097037826
1317829881175154688
1313556432374173697
1316343421695660034
1319355553290854400
1314990276604309506
1315986853556871169
1318266773473533956
1313623615557033990
1315750742024695810
1316189303039561728
1316460248966852609
1318974883871731713
1319078300573179905
1320729054941745153
1321436690725023745
1322213668306767872
1314181515979354112
1316949718547705857
1320372171907055617
1322030042507927554
1313543167518466048
1317133335206928384
1317133824837537794
1319799870828564486
1313501840206712833
1319866339985555457
1322014114294714370
1316023523035377666
1317579107367084033
1320788502267777025
1312718029353082881
1313888159579672582
1315894869466832896
1315952533593108485
1316016556464201737
1316453855622692864
1318771632433811456
1317147967162298368
1321308344108355585
1322239723067367428
1312097658291380225
1318267515840102408
1322320060757757953
1327304369369468930
1328023894809305098
1333503270594211847
1331062743303032833
1328377908243656705
1329782562496114688
1329537566928896002
1330110137370079232
1323052286931881985
1329195422603235335
1323724264822878208
1329470034008305666
1329116108293607425
1333229514541977602
1322678499740733440
1327715491796795392
1329526358163251213
1329741857555968001
1325938381969350661
1328581749786497027
1331229274184015874
1331660649957519362
1329260977750237184
1327347053085794305
1329092132389277697
1330926902605991936
1331035908372619266
1329823599964852225
1332361173740580866
1327377742028034053
1328430860463431682
1332684597168107521
1327317944326520832
1329793023144812544
1333238442243842049
1328433230148726786
1331237386676809728
1323944080548777984
1326196679805120515
1327676795156574208
1328841758881558528
1330175452372226048
1326759262727516160
1326995046881759232
1328750604093681670
1331254036113317888
1329418551191597056
1331653050394681347
1327594232920616960
1327008403714052096
1327456183125307393
1329192850362404864
1325838194802266112
1328801443365728256
1332734764026040321
1323482277230370816
1326351447458541570
1331002220326764546
1329445561536286723
1329474788402847745
1330182796871135237
1328416336649859072
1329567765665959936
1331579502737190914
1323348113323552768
1329788207765082113
1331737062798749696
1326404424152068097
1329283189345447937
1331277678989750274
1331005818439811072
1327340594088210432
1329432606140624896
1329665913545580545
1331039967754153984
1327800771656568832
1331107891026268162
1331613747857608704
1333235179805167616
1323082567013326855
1328299536431792129
1331344424580812807
1331446947404800000
1330896523358441473
1331399385016655872
1330760495356399617
1331236392387584001
1329843389651677185
1329990676235255808
1328873188420251651
1329586202949935105
1333496601659256833
1328362610924933127
1326548363202842633
1328770984195874817
1332856588634181632
1324494338647236608
1327693786252800001
1328402386780631040
1331764140201943052
1327311475459895304
1329459006356729857
1331343737046392837
1327316787260755970
1329348825773871105
1331280114777288704
1331687233447895040
1329175016647307265
1328382053365075968
1329243127912177665
1329608384123953159
1327339793458614275
1329288428953894913
1329606778968010757
1329639015121887232
1331434161731637250
1323632953419857922
1323662701361582080
1330228353866010634
1328020964278415362
1327755106989780992
1331809567324323840
1333120445877342208
1323777234583187456
1327257544969003010
1331360096631271424
1326948005912612864
1331388036077269000
1331655469988016129
1326125210915860480
1329213055352225794
1329262452194770950
1332795954655875073
1328310583570038785
1332323644031315968
1327478419018428416
1329238331880861703
1329451402331115520
1329545250071662592
1324781226805227520
1327494466958135297
1327806710149476353
1328378271772405760
1331292355908022274
1333188982356791297
1322959570059186176
1328049561575763969
1328413281887940610
1328415984575799304
1330858824283148291
1333172638030712833
1327697200445607943
1324058157325471746
1330340864841961475
1331625990804688897
1324464136944668672
1328488151678021632
1329205505126932481
1331251363280531456
1328518352885620738
1324056583261749248
1328340241770397697
1325415108990930947
1328092127725723649
1328084129037099009
1329653821488902145
1331246697951895552
1327589511161901057
1329866513948532739
1331351420692434944
1328230329690198016
1323291853849006088
1326609470600798208
1329155290881789954
1333543051592142856
1327416085600153601
1331369276842905606
1331616775289532417
1332801131781689351
1329271117014593538
1329331703891058690
1329340365174870016
1327415615825485824
1331086026102673409
1322896829474873345
1327408538352697345
1331455202537345026
1327772215568445445
1327984438131748865
1329169321449324546
1332859424273207297
1328527168964620289
1329273325277696003
1331024866925940741
1325776122739625985
1328010870379560961
1328405660309073922
1327422427400445954
1331662076121636867
1328344066959011842
1328508962338172930
1330873872325906432
1326986651768381441
1327063088772820992
1328053931398868993
1327570029509029888
1328752396638461953
1328842173333319682
1331420196792389632
1331621299794317316
1331704347932037120
1327586487576256513
1328670480463781889
1328744846882848768
1331350745413681152
1327414324692803584
1333299380619599873
1333112249909727234
1326578065833521152
1323422586764619782
1326669428168122368
1328261662638411778
1329924726345641985
1323820219425542147
1333507477850132480
1324511792010268675
1329432488855236610
1331384030630207488
1332807133579022336
1326736611887915009
1328844776179830784
1329296277876641793
1327412369874706433
1329125356746502148
1330553815473512452
1331289108036034560
1323055997812879360
1328167285425655809
1329770019232894976
1323407300002897921
1328385766179958788
1326646015965896704
1328355963489964034
1324643359697346561
1327137721471688704
1328793381791789061
1331027821725159440
1333196082315227137
1323324127667576832
1323838194316677125
1326713841674285057
1331364737372745729
1331526286095880194
1326658734052012032
1328827043312701442
1333238379392151553
1330950474577620994
1327410085514121216
1329250507270053890
1330560441454653442
1332142229847117825
1323891661924147202
1328631370244116483
1333501186465353728
1331110564811116550
1333524761843019778
1334670679623405568
1338677481440759810
1339605915327184896
1341065367624540162
1341581457349894145
1340881831466586113
1334649562536022016
1334663837191196676
1341085988165218310
1333789610242052097
1336840379367182338
1339458994306510849
1339679064970448896
1341912861023625216
1338531062482423809
1339668167208136707
1341048123033051141
1344644488975802370
1344772848053841921
1337449453075181573
1338974751969038337
1342568435469828097
1343768587438333952
1341058616569171973
1341888952932790273
1343294095536615429
1336554227636842496
1337906277565964288
1338644828809211905
1340310976198008835
1341790808421191681
1336354988495269888
1337441554282254340
1339941124585058304
1340989885134606336
1344328454670602242
1337608247121858561
1342915657973833729
1334643882202689547
1335264645800579072
1335817074371858433
1336181471447433216
1338285195284410368
1338635014137806848
1340816779438862338
1339738095902711809
1339950914640236549
1341229983868612608
1344463417554264066
1338600255949041666
1336709256196874246
1336912040191959042
1337562958432358401
1338462332138057730
1336166246807523331
1336777776108605446
1339583444905385985
1343640741361418242
1340820942772187136
1343241177806626819
1339658215236247555
1342155001104375808
1336960635410800640
1340707478447792128
1341488821439885312
1343953903088513031
1335802334631354374
1339621384406900737
1343710313603096576
1337550569615945728
1340707616884854784
1341084408065925120
1342930716917694465
1344689912147292160
1334377088514629632
1339551670863360002
1336288015812063233
1343592279253024778
1335069939598839811
1341398223278272523
1334550563137204227
1334550599728156673
1336368869410283521
1341072097989279744
1341127823227047940
1344705012161630209
1333614561128108034
1340567634241343488
1337556343998140417
1334014569275035650
1334301583421521920
1336088849324380160
1336329235430948865
1336508996916707328
1339586282993852420
1337444708394610695
1341553792517427200
1338265814361845818
1343195577341906944
1335062422021939202
1340453244925931520
1335390792496656385
1339736522258604033
1343350254893232128
1343741503773044736
1336068099850653696
1339512705556856833
1339624031209701376
1343723541892530177
1341066246654222336
1344674811998580736
1337136070526439429
1339631135786213379
1339978871278452739
1341036107534876673
1341528937076277254
1343266876164599814
1333712579647078407
1334890339476226048
1343357942897147906
1333734489994870784
1334553736417398784
1339684374460153857
1340845388656386049
1341516278666842115
1343915460308463616
1343921164410888194
1344268547430690816
1337508939970310150
1344636175194218500
1337170366276329472
1340713982592770049
1339963899416694789
1340392136106250242
1340696137079111683
1340752059696607233
1334029666949099524
1336166197725945856
1339731289566453760
1343559777142644736
1344153833187008519
1339291842320322560
1344470156806746112
1334650848417357824
1335252182598381579
1338253619523710976
1339297621895155713
1341084290516316160
1335335533933981708
1339412640943116289
1341911602979721216
1344284542144815105
1335004126778822657
1336041802462322690
1337557085265936384
1338536382520844290
1340721101370961921
1340811855221071872
1341035493992132610
1336329208100913154
1333821114976526336
1334324154598785024
1336772134970871809
1339921932842455040
1335617989916438536
1336121819510796293
1339746560335212544
1335026235252994054
1337399569307623424
1344445255320559623
1344754570770198530
1333798483870900228
1341215924582412290
1343067156137861120
1336328417034215432
1341384137144352769
1339697029170262022
1344686644746723330
1340866274818215936
1341113705170386946
1343366860121653248
1335003712532561921
1336461970401325060
1341405908744761357
1342926913438887946
1338408426611814400
1343876296091303942
1333593406183006208
1335868700000456704
1339698643478212609
1333961719077511169
1334151521672564736
1334921208781893632
1336860823113793536
1335603538991349762
1341424244664774659
1341457670797193218
1336766010242818051
1338905351039705088
1334517876951232514
1341533055895306240
1341989748487954433
1344686404215795712
1339618301169856514
1341533513066160129
1343244014535884801
1343897317317885952
1342281936274771970
1344214279348654082
1336302140596207620
1336395324538097669
1341919535855673344
1336514063631728640
1340031716157636609
1340684904728846339
1340713918205980677
1340797884174917632
1341039369558384640
1337472239881555970
1341134399882981377
1337789980551360517
1344624431931531264
1339306941470797824
1339367339607781377
1341202051145986049
1341753886013579265
1341004644617744391
1341160706545123329
1333976818580221953
1336449404258103298
1336513663348269056
1339704536470994945
1338611565608767488
1339319411237416962
1340741305392115714
1337133886493634570
1344104702896721920
1344621962459402240
1334392180035604481
1333836911182540804
1338026666518441990
1338625543407763456
1340462053417488385
1336076895520223238
1338678681019928577
1338967333532884993
1343936069117612032
1339707079456526338
1336098944540086272
1339581575768416259
1336456714917392386
1336477474037919744
1340384190370594818
1341536489088446464
1343727322801664001
1343930017357684736
1341160423861706758
1341528588953260038
1341824274819104769
1336724439958949888
1340755863942905857
1341177173378543617
1341571864284389379
1341847976822583300
1334556207164452864
1338314300855881728
1339615248924303362
1339616615998967809
1339486294259339265
1340782793631121409
1343799039897206786
1333825825825669121
1336050843888594944
1336889020123639808
1339888396877983745
1336724935214063617
1341481364475027458
1344070832855810053
1335998247811289091
1339744826959429632
1333950864969576449
1336322761967378438
1340152644468232192
1344178357286662145
1334792193240834049
1341460125329076228
1341546817402617856
1343988082685726720
1343314411210076160
1343563076554149895
1336097976364785667
1336766665615294465
1340787505784901634
1341831665191186433
1344363233839362049
1336011321788260353
1341571790276050944
1334709947502899200
1335258323269115904
1336853273723092992
1338662991680720896
1339985602683564033
1340722395766792197
1340170221961801731
1340819051157831680
1341054361649225729
1343706644891496449
1333886219734765568
1334663845374173184
1334238238479970306
1336656980753010689
1343232810627153920
1333914733422972930
1340390078410084355
1341949799080194050
1341570885807992834
1334381405556576256
1334928213022187520
1337004896344813573
1337104792854949896
1340359997100847106
1344025363412881408
1344682362714480644
1340817880909135874
1339606390847885313
1341185576318459904
1339691538348183552
1343921978369961985
1342284040225828869
1337457383556096002
1333584233953038337
1344770250684964868
1333824234192314372
1334160305874677761
1339533920606576643
1336040738514227202
1336101545449050112
1343695417033289728
1335323997005877251
1338979275584712704
1336455716668919809
1337985611295297537
1341531495614328834
1343685312678158336
1333580387709235201
1334193504323588096
1334331655373246466
1335743346740928512
1336324922889498628
1339718084093825024
1333629657313275905
1339471952977661954
1340356455761928193
1342972768384532480
1338593250370875394
1341006196795437056
1342272551674777601
1344040632914853888
1334560684793860096
1334825713690611716
1343217710205861889
1335227800643653638
1343610297995517953
1343629822027849728
1344702431507193856
1339687057656954880
1340369027466731525
1344689798137720834
1258222567338520576
1262914329646706694
1263543730671366145
1263914633435525122
1265900643119742977
1266106670494736384
1261355727718952968
1261378316868546560
1262191262859292672
1263160199164170241
1256735244557975552
1258913456729796609
1263489763010543618
1263961926243147779
1264964245390790662
1256350250178097157
1256380427054579712
1257417547949002760
1259418788337868800
1261454913160179712
1262064994063200257
1263093787368337408
1264647393364099073
1258864276946718726
1263847309600862208
1257644035671539712
1260631989952098305
1261376790074818561
1262256139850448897
1262478629616967680
1263202132645294080
1264088753443913730
1264981135626514433
1265930891873914880
1257354108635426816
1257683298664488961
1258203419497631745
1258472614605045762
1263809469026369537
1260380860412542976
1260928773324750848
1261695446721929217
1263174381578203137
1263964699705704455
1264296612815233027
1264928781342572544
1264956961281454087
1265255741150990336
1258972262788558848
1259612134507524097
1264331052299976707
1264590752530812928
1265422317951254529
1266061707824082944
1266403377833021441
1266465202717044738
1257127180003401729
1257682182866440192
1261330562394075142
1261598517757390848
1260728255125970944
1263318704919654400
1256448331280257025
1266587656487649280
1258457281894776836
1260283875491819520
1260332790396133379
1263928420091789312
1257899356553789440
1260724511051321348
1261420067201351689
1261577577480826880
1257263079634751489
1260606276037468160
1262910924425441283
1263582411922657281
1265357252170592258
1266083276780945409
1257309105309356034
1257703086392594432
1263826800498536450
1264067171086262272
1264128224994496513
1266023545563500544
1257799742777692161
1258183968446390273
1263114778823852032
1265826443960836099
1257397340186513410
1261372296700350464
1261431223559131137
1263846934055280640
1264982359402663936
1265330357907275777
1258357914634338304
1260741258823122944
1261008646118522882
1265713435834290176
1256539430367657985
1260947986500120578
1261120879452475392
1262608928250224647
1257499600635772930
1257784640972173312
1259158431602290689
1262114427173834753
1262127891497783297
1263922415744286722
1265015894561796099
1265488243195330566
1266426388187406337
1257274326451183618
1262960296903180288
1264199549624688640
1265137495315894272
1266152143620366336
1256205737908408321
1261040967492071424
1261043084441399299
1263924733294362625
1265402353047474176
1260628265926119426
1263454536120885249
1263671316902670338
1259584454898733057
1261340824421298176
1264987154930950145
1257021810694139904
1259928796335046656
1260333642452213762
1262456497243664384
1259551277228441602
1264004640548454400
1265071703870316550
1258335907305881600
1259159450302197762
1260781893018161152
1262129523660861442
1264204011047190529
1266051664064241666
1257295308045709314
1261468221661569025
1263884949519831040
1263923114293039104
1263984653133688832
1264156491952553984
1265049767333298176
1257739438886510593
1260348170569019392
1261488621636538370
1264000289507389446
1264062414468911104
1266760675843424256
1257075245560877059
1260725800049016833
1262507847096688640
1262688099332698113
1264953729486372865
1265840492043997185
1256269830124187649
1259930073974534144
1260317601345032192
1260897677300162562
1261348688531611648
1266024854815473664
1260626370385731584
1263409315001577472
1265555688417308672
1256570226759610369
1261446332360740864
1266368246707449856
1258151465597767682
1262835509619052544
1263881645204987904
1264936034174992388
1257885927424380928
1259601211180843008
1261691668048285696
1263854720172556288
1264997267162923008
1265024899313270785
1262245720893132800
1265423656441675776
1257777105552670720
1258721327273390080
1259886444824481792
1260856637830705157
1264941830405271555
1258706977884188673
1259177969093881857
1260685375644807173
1260741470648250369
1261048431675494400
1263525025380028418
1263959010400768000
1257452169051193344
1258064165463158784
1261468878506299394
1262793856715755524
1263077265803378688
1263727961636843521
1265742070871920643
1265777337972527105
1266348045052129280
1256267170775957505
1257350132426772482
1261682683857567745
1261797344330354689
1265320176070750209
1265734562719637513
1256739775303815170
1257984217490706433
1258034038843101184
1259951511070748672
1260633013370552320
1261641023287177217
1263726309018161152
1263904612567769088
1265141911276273664
1265251424272818176
1257543096398725120
1258041425041686536
1258109386481971200
1258305649072537600
1262004895135068160
1264991863167016960
1261988108763115522
1264099099013533697
1256329201067520000
1261691871606251522
1262663229282684929
1263046901521358849
1263537650037915648
1263613536917434368
1265852940104818689
1256288713467990017
1260041772471910404
1260226744264601601
1261681340669259779
1262560151665545219
1262991953374912513
1265118977598070785
1260663624038678528
1262697819695169545
1263152864916131840
1263605590179418114
1266231785366515712
1266305160696872960
1259901097495453698
1261010006612348928
1256293597588185090
1258181720911872000
1259551692711960576
1262382731931066373
1260846956827611136
1261465218602811392
1262697153123815424
1263167038652063744
1265009764997660674
1265391046374105089
1265729777199169536
1266037353895718916
1257505350238044160
1261072226809458691
1263480594182352901
1265865926924107776
1258902070704431104
1262373776148193280
1266063626835685379
1256063441934024704
1257399382447710210
1258594534776324101
1259197878515437568
1260343094274383873
1261497936761851904
1264192930773905409
1256626508312965120
1257075933539905540
1261053707015327747
1262890690582896645
1264934531221598209
1265424785351290880
1266115112101961730
1259150468854530050
1259488514430795776
1260352517482745856
1261424613541609473
1265656257408643072
1256618876479176705
1257512850932871169
1260812467439128576
1262962198038450176
1263545095233703938
1265457436309237762
1257790563698511886
1259482298463981570
1261385896785518598
1261861644642201605
1262666999932555266
1256453090989015041
1257447162281103365
1259295197105491969
1260713232152629248
1264368040453517320
1256918277789372416
1257311842612854791
1258006792694611969
1259517315378491394
1259710330306883585
1265651603253665793
1266769998141370372
1259489306890174464
1261338301891371010
1263842156189548553
1264964262193233920
1265045744827772928
1259766686217121793
1266055567459733504
1256040774631817222
1258071951542714372
1259936446225448961
1261644840502059009
1263498118064029697
1258604787819515912
1258807326913462279
1259964028862038022
1260511721690558468
1261083875457073154
1262050579188154368
1258640166081740801
1259829999965745153
1260855514214400002
1266083155695427585
1258022421585629184
1258326885144109062
1258550275263959041
1262119160261246982
1262975842990166017
1263837068159000578
1256952005815304196
1257448918738243594
1261061249690857472
1261815203890692098
1262069142963847169
1261692450340569088
1262231504945582080
1262571218865184769
1257095785033818112
1257441073451929600
1263273365072158731
1265514434077827075
1256723899045249030
1259480265321316353
1259917103961866247
1263627818014871552
1266950036266668032
1258480107280371713
1260323904389816322
1260933018731941897
1263915509415915530
1260434607721365509
1261402849298112513
1262966029581516800
1257856223682064384
1258070447062519809
1258539608356225024
1263522478057574402
1265299549310070784
1266044730800058370
1256389146840621058
1260974828984688641
1261370280548528128
1261794911868686336
1264715345975283720
1264976377905848320
1256608733544607744
1256995697724928001
1257447924264550407
1258056567712354304
1259585275082297344
1262928578221690884
1266200143868555264
1257815548639019009
1258183665202405384
1262669325800034305
1265777718093844480
1258435710497034241
1259105899895050240
1259830699567321088
1262442842343030787
1264307435864391680
1265324605591261185
1258788937470038023
1260366734801788928
1261619089371430912
1263348895888879617
1264196344396353536
1258252868269858816
1259485400822841344
1260004305806995457
1261439309577515008
1261692792889319430
1262159221526802439
1262948701212901379
1263645975664455680
1264496491051311104
1264963761904979968
1256180178755170306
1257552205588115461
1258056277055418368
1258447053882982401
1260230850672762886
1263527522739855360
1259508883829207045
1261655042257494018
1261831893554692104
1256669854607609856
1259494669144199174
1264547575715303424
1265077710835126273
1258045016213196800
1258871098487300098
1259551265392144390
1261514452870090753
1261656761225879554
1264883315737313281
1266091394315071488
1256566019855876096
1257384626135408642
1258640812394635264
1259432493998112768
1262480981270892549
1256006013024702472
1257482064250748928
1259094161757810688
1261782228885032960
1265720503601414144
1257376867855872004
1262374392471924739
1264331347268689921
1264934388808257542
1265707320882991106
1266762565360783361
1259089943516852225
1260192322815311872
1260701670712868866
1262516018536218625
1263137306719989760
1263922743160037376
1256995382745325573
1258426365138948116
1261403677417525248
1261619360013135872
1263636023386484738
1256433236059869185
1260402241879539713
1260623405008801792
1262367649532698625
1263291301132406790
1264937796839579650
1259976914414026752
1261407031614980098
1261416153215152129
1263143074416467968
1263530049657077760
1264066055254704128
1264128375528009728
1256323677181759488
1260266022986276866
1261083073598197760
1262814741627633664
1263361136302448640
1266125981380722697
1259217357291085832
1260729060642209792
1262820652794343424
1266028221792911362
1262562716990013452
1256935292579319808
1257644483015032832
1262031087015878656
1263622655342784512
1264542512116633600
1257379050068348931
1258471902852657153
1260338738112212995
1262517057784107008
1266075225877340161
1266480247245082624
1256999187209740289
1257314943461777414
1257797084645937154
1258275420308373505
1261007427518050306
1261716319017283585
1261848691226210304
1263711236522418178
1265629058077011970
1256276736091787271
1259254855723515909
1259687191510487043
1262007407892410369
1262382252849324033
1258063933639925763
1258439820990386177
1258642099450372096
1259073825691643904
1262812859312091138
1264938990270066688
1265402330570252290
1265402603980062723
1257343879759695885
1261280207509520386
1263608053330477056
1265483026504572928
1257746970074062852
1261387967928520705
1256252194967433217
1257308329442832385
1259485782471032832
1264913794725081088
1265678946403864576
1266300647252488193
1264173078051000320
1256418095171805187
1257287301404778496
1259150647800352773
1261427485939556352
1263544122389880832
1257430166227255297
1259717402662785024
1260326418191278081
1262051547145555970
1262135990103277569
1259607908242907136
1261350986720960512
1262562322536697857
1264466265554509825
1265346010970284036
1260842428090798080
1261147135157960704
1265449329248133125
1266202538153476096
1267049091340668929
1261523532665597957
1264939700340559879
1256021785230917638
1256387937433985025
1257097703407915009
1257524280465805312
1258607561319858177
1260345037495267329
1260934188762492929
1261333056398524416
1263597985331474432
1267107580901380097
1262910949238943746
1265142738212794371
1266547741573828610
1260764848323006464
1261365707062890498
1259899044224212993
1260955534536171525
1261348361111822339
1262411589631660037
1263835187713982465
1265102042399268865
1258245173525577728
1259377647580327941
1260344139138228225
1260766829326319616
1264926709847113729
1266920322739118080
1256975006120259586
1257023324061863936
1258739233130344450
1262933636573270022
1263129917820198912
1263658344201535489
1264170234287722502
1265858285699096576
1265998772292718592
1258343217759768576
1262790152725938177
1263117435319640064
1263197880145317893
1263216747349450752
1265591856194256896
1267108340049620993
1260327679494164486
1261436122694946816
1263231507142975494
1263290920813953024
1265277671526850560
1257142248032145409
1259262283953385472
1260355668718092294
1261114183359369218
1262563090236936193
1265262560254672898
1265885540731293698
1257988320942075904
1263696154270851072
1266480309329108993
1257326627450580993
1260535878264352773
1261047433204600832
1261601550260228096
1256236969325182979
1257354552321486851
1257399673335304195
1260978323729068035
1263166104073056257
1263567854370197504
1265338725455798272
1256602373633593345
1258670826079039490
1263280859991375877
1264651140660166656
1265049258245476352
1265301312201244672
1265850978747719686
1261505534244597767
1257086301788155904
1257811035056209920
1259785378413903872
1261303448500404225
1267063045769048064
1262892192122748928
1263158018742587393
1265326822973030400
1265797750077009920
1266765085592170496
1259274597532393473
1259333666561556482
1262444975645773826
1258973034620178432
1259815666120613890
1260744141098618881
1263899931401740291
1265457220948570112
1266570892508889089
1256251568485273600
1257358004590084098
1258174963279781888
1258368480061140993
1261752031372627968
1266026462961860609
1257323146958389249
1262524318325460993
1263645795494047751
1264980012484132864
1256757401136422912
1260404462348382209
1260427055256211456
1261414765429248000
1257686778699567109
1259769084025110528
1259883631318794241
1260061052986892288
1266235309148102657
1256371345455304710
1260490685708460033
1261057561630998537
1261315958171410441
1263207027016437766
1263837146231697409
1256969178998878208
1264648540770439168
1265915568080793606
1266052872095109121
1260928638003957760
1261805467711537152
1263947739026518016
1264948103150477312
1266157393597075459
1257612825863782400
1257763211471753216
1260040178644799489
1260207034156400640
1260970686174113795
1260972809758674949
1261393621837733888
1263500199613403136
1265698848363724801
1256251502558973952
1260760448434966529
1260949975204315142
1261692457592504321
1262579651161001986
1263149871860576257
1265644136960593923
1266089266779693056
1266123630737600513
1266345612972343297
