1185950440447496193
1184652672374312960
1181645425519939585
1189573910175666176
1180266868411633665
1179531373201313792
1194821322578096130
1200822553687871488
1192320288425467909
1198305232117211136
1218327840254562305
1222333046432706560
1221095088081731584
1218325514944962560
1233527885211697152
1232471421684613121
1232767943064408071
1240707028206514176
1238150580620541952
1238670716003856385
1242552779215798272
1243004894975385600
1242543647913988099
1236033635884519424
1238856345002131456
1238944646933491717
1242242966959374336
1240730649817944064
1242909146594201600
1237386582660993024
1238813825094344704
1241393345949138946
1241376704804904963
1235432274230996998
1238606863450636294
1236028336431869958
1238905722148139008
1234670411213766660
1240809747781017602
1243949658310725632
1235908577967190017
1235150334034497536
1238106019730984960
1238792612020191233
1238938847058288655
1238621859786248194
1235354502556942336
1241550814516142080
1242096032613158914
1238088948926124033
1250565389760765953
1250412500971130880
1252746569691967489
1252303370380996609
1254222846076661760
1252706802086576139
1255896432789217281
1247543994864697344
1251138825893621761
1254846057646784512
1254128524803207168
1245436130092183553
1248033022974164992
1253393445344940035
1247940521819078657
1250690118744182790
1250131244597121025
1246835440113631232
1250100439300755456
1255270515952017409
1255289299853066242
1250815892734148609
1255569654560546816
1260612781176434689
1271417750833987584
1273429902046396418
1278008592205922304
1272636555841110019
1275568057650499585
1267746301548146689
1276313272875200513
1270471334158622721
1285250076382760965
1284492751183192065
1283477525440671746
1281618136303894528
1288587613792690177
1283236639666507778
1280584118238154762
1296245070702825473
1292230109856796673
1299104810671767552
1292979809430261762
1299113880988405762
1300906359387381760
1302993760851238916
1309134648895770627
1304158692850446337
1301930421597417472
1303889900488536065
1304141943035883522
1308956761051860992
1308918290853621761
1320844501573775360
1314302778592944128
1312087229888696320
1322337933819437056
1321116746800091138
1312198852804374528
1320836293224443904
1312213225463672833
1323478638117834754
1327455969178247179
1327043151903776770
1322985520654409729
1327725682949054466
1324549196704342016
1325083368359419910
1327300541467148289
1323414245543956487
1324019444235018242
1333515069263654912
1331460366124142592
1325095069393805316
1324780439479922690
1324742101423267843
1337037812739108865
1343413218710966272
1341555700539879424
1341483854587187201
1334176788562505738
1340385733727592448
1336819604010782720
1339656478400114688
1338980409443557376
1340642177744056322
1340091805367414787
1334185361061253120
1339394318948315136
1339730447568433152
1334713312660086786
1342545498058543104
1260612781176434689
1257457512569344004
1261407182282612737
1259142310077620225
1259907286325055488
1259613100665421834
1266387034647773184
1258775742760058880
1265655675524349952
1258140196308221954
1264604082783780864
1265768746456473600
1257777444972630020
1263971981621370880
1257308242578771970
1265368341671272449
1259940464167444482
1262550114935009281
1258082737983913986
1259891515310182400
1259976236475936768
1259849719183966209
1261085876584669185
1259719307350560770
1258073361927802880
1265120097376575489
1257099438763507713
1257421369324834816
1256636845485670400
1266403478324248576
1261099372001009669
1259942921144381441
1262773790888669186
1263135856912732167
1259875609427181576
1260177472550842368
1257499143242539009
