1184318948906586112
1180561551247466503
1185945918664781824
1189222916447227909
1182523686148067330
1197180029937082375
1191971196503543808
1200487842272514048
1196234752660893697
1200218917832134657
1198806235237224448
1192816000342863874
1202263291113771008
1206978612009799680
1201602895541612547
1209423976495230976
1204108350473924616
1201112834559631361
1211981486901080064
1221613278230712321
1222522363230801922
1220204028677611520
1218576677883826178
1218262922691899392
1226974328761311232
1232679489374736385
1224360865450921984
1228036366375604224
1227989245270212608
1229228267833614337
1228857206143148032
1227047887856599040
1228895831157178370
1227285716339654657
1243020226855342080
1241443289016020992
1237052023125745664
1240635406405771265
1239932794400321539
1241107437681356808
1238534967006650368
1244248481465806848
1241156038767804416
1240255256375644160
1239448859744579584
1237068999554256896
1237403201206226946
1250413231736266752
1253977882755358722
1251393881003880448
1284555099772203008
1292796339445792769
1257740492084776962
