1184056830626017285
1187649078064119809
1180595783072006147
1189029517546926081
1192983730849226753
1192481328735932416
1197068448624365568
1198236668802797575
1211303486945710082
1208042932059725830
1220005937047580673
1220295615751565316
1223194722178605056
1228754859190517765
1225933127861882880
1225857388328181761
1228030085195816961
1230858035007905792
1239595840722919427
1243515620030918656
1236855488677122048
1238979861026398210
1240814701258215424
1238320357070667776
1239438311040651265
1242418647123079169
1242943840731967498
1242859547951276032
1244707661758816261
1238801802780241920
1240684631709700097
1248423207121477639
1255521986295607305
1253397236698005507
1255872125031845888
1255855722975440905
1247502234260312065
1247068303593529344
1245836830840414211
1250694062119759872
1247902538159894533
1252059370533171200
1250032569367826435
1247202010987925511
1248216849629749248
1255494160137834497
1247895625892413442
1249256769219702785
1252253507039760385
1253210412117614592
1245820462191374338
1252335439337279492
1266382251526205440
1261512498328502272
1276477995394445312
1268510568861884417
1271182560379502598
1268630350395142146
1276855302755889153
1274313902654816259
1274020823121223680
1268935408148152322
1270238691726778369
1269997619931164672
1276088651114479618
1269320026525511680
1267487891019554816
1273293162770042886
1283938786104225792
1286470890163757061
1278830257903026177
1279559756441513984
1284425019045675010
1286348476524253184
1279355544642424832
1287380593685168128
1281137366116294656
1279069719111270400
1281918922393096192
1279380036953485315
1296434708113432576
1302977390096691200
1307534879102390272
1301924746758684673
1308818743850684423
1302784450183327744
1303705978693586944
1302431508888719361
1320126788018839559
1319309498419343366
1320508129830948867
1317092389299888128
1323829842413015042
1329022852062973952
1323958762760142848
1325025703025209344
1343608788885020672
1266382251526205440
1261512498328502272
1258618991771127809
1262457943544520706
1261689573102493696
1259088488739340290
1260506907393101825
1261370075623428096
1260152829261512704
1261353661776756737
1261884942608457728
1263729438128136193
1256160564264476672
1257399071557529601
1259860486264422406
1261008784497008645
