1198995158345408512
1233050173644951552
1238558024534560770
1243390444811108352
1240190018423046145
1240202689406832640
1238858571816861697
1238554436219416577
1251168510987972608
1250091817120522240
1245125875894493184
1248280254919163904
1252732549392203777
1247170797485150208
1255514820289466375
1255920923552763904
1247863150873120768
1247920850491367427
1252695530519638017
1253808112668114945
1245433070385324033
1265436816460693504
1261336752519774212
1285946488862978048
1281543629086097410
1285529410687377408
1284445743202414592
1281000882965032960
1281002860365447172
1283238866615521282
1284606561080442884
1291092175640563714
1293862788155297795
1308499361580679174
1307231973002424320
1314008362783313921
1323467387434233856
1323386471496208384
1323386825579339782
1340821660002177025
1335014214101065734
1265436816460693504
1261336752519774212
1261323078455435264
1261078158725599238
1263512419353141250
1259559178626043904
1261269692716646400
1263512342110887936
1261071625224667139
1256576725561073664
1265440551761035264
1265772143121440769
1260376235466768387
1256809176250093570
1260980893549821952
1265601746212134923
1261319932047998976
