1178828990737506304
1182039315355975681
1180882514321260544
1189229360194228224
1182343413192151041
1184458602561658880
1182108485938565120
1179786075688046593
1181393497372233728
1179852980490686465
1180241957337096192
1183706882524905472
1183767427303133186
1180607368817598464
1184860130057359362
1184214017356771331
1186708143981527040
1179864522330460160
1187831074153488386
1188220173003755526
1179849937355497473
1186769410708692994
1179770687990517761
1180921776517402624
1183906455906406400
1184859070865522688
1188224562284191744
1187899907283324929
1181043109435564032
1180859465941372928
1184332999829184513
1184614786803347457
1182382227704795136
1187934971656310784
1185303008499900416
1186397540947812352
1185017438947151873
1187840596314116097
1186795620847112192
1180933501199224838
1182363306675376129
1179774901407932416
1182446021818888192
1186816892285149184
1180944924948090880
1182250236590411778
1183761280525651968
1181162243448348672
1189225160529854465
1182808200543899648
1180112841581445120
1180248913758101504
1179780032496988160
1185927758532268034
1185941708770598912
1192239798389477376
1197794001975422976
1195062071420866560
1195918531528839170
1191184125786513408
1199856780391661568
1196833204369575937
1196511201112608775
1194454015825854466
1198682773021741056
1199824637384785920
1196151482116190208
1192563335797133314
1191464105435115522
1195788705220513793
1191441961170829312
1193548999673946112
1197637430276493313
1192826818341920768
1194686979008606208
1197995122702635017
1191451959720583170
1204745024128405510
1201974105182003202
1202035420529340416
1210761724564930562
1207065990061862912
1207877889166843905
1208625662040428544
1211420515518205953
1211771125438525440
1206323471485026304
1201966195437637633
1201537719916253184
1209213336916762624
1206232800661299202
1201983682363432963
1202974867097706496
1206722528699437056
1210325594862473217
1205828442853445633
1204235994150637568
1205610775752126471
1211353744727777281
1211860919560658944
1204133007948427264
1209139690424524801
1206394195830697985
1211042983983759360
1208793699217485824
1202276265895628807
1208970446391017472
1209227859233050624
1212825153630957574
1214919133692940288
1220695443342012422
1217865026784190466
1217930688911020039
1213090810666921984
1221042152420954112
1218527923034054656
1217527430551760896
1217810738976133120
1214385955567800325
1212833312902914056
1215769425757892609
1212794914112753671
1220144394248052738
1221469615198560256
1221471824413974528
1213221518051807238
1218268337542762496
1220933041050259457
1221116035090305027
1213837211243892736
1212903139059412992
1215475375360356352
1219638424879226880
1222816795993600000
1213914398739357699
1215729793263656960
1221988166669946881
1220487149553762304
1223115300406616068
1220850527518380032
1220007774681214976
1220137957400752128
1220387861624754177
1221491685559078912
1215102749521694720
1216392065048817670
1212923443483684867
1219038814406160384
1233025513037410304
1224361699618234368
1232676226424283143
1227363397748043777
1228382724194308097
1227264075257831425
1232760769361563648
1224380642982596616
1232451435524046849
1231739460536152072
1233828995692544000
1228414159873703937
1233823673628360705
1232406862089400324
1232860258613309441
1229553152795533314
1233803078329085953
1233561436842024961
1224132401657413632
1230933989642272768
1233440850606092288
1233100792728608773
1227937202308444160
1232421766385020935
1233558451600732161
1233861242617552898
1224360530543951872
1226921995033382914
1228426797672468482
1232893884172132353
1232760110654595074
1233527978073755653
1232049904752697347
1233795885831802881
1228454221600579584
1233060435815010304
1228110040948711424
1233054618126442496
1227249577905885189
1228427336120512514
1231564780273569794
1232012950120148992
1233064797698232320
1233149078030168070
1224038067264086018
1233125357542412289
1233536187106648065
1233009113950539776
1233045134775869442
1232841926577197056
1228774317649006592
1233803594148777984
1233494822897496065
1232031702882701313
1228698229430202368
1233871790172041216
1226571862194507781
1232696476477919232
1238526311527788549
1239685498144243714
1240635943578673152
1243433393989259268
1244347472757043203
1244347735475544064
1235577029548019712
1240284092450693120
1241258815150063617
1242594243786321920
1243683795506692097
1235700707514126336
1235914864985600000
1237284322039775233
1239550785509359618
1242061542348263426
1242601239688470529
1243916771964444672
1235681523308695553
1235918831018598400
1236573948546072576
1240719251511574528
1240723277108166665
1242837480547782662
1243209380419362818
1234812291809456130
1239550741699801089
1239934639801880577
1242485577754251264
1245060873304936448
1235573071781736448
1241066212701790209
1243167689503322112
1243561269929664513
1243897887991480321
1245046351341277184
1233899593722728450
1239566170203840512
1242170429705510913
1242541143910383617
1242570592097832962
1243246982006743042
1244064091032801282
1238474900672860160
1239165609113509890
1241382329018273798
1242269284065333248
1242613357229768705
1242826546836115466
1243273763036131329
1243379203581423616
1237663927523106820
1239223776509857793
1242493057209163777
1243083302354874369
1243929096838668289
1243993016626380800
1244232028859576320
1241197970374131712
1241402134509367299
1241780997592662017
1241929173985189890
1242159030224601088
1242297673572585478
1242890710518562821
1242938493434765314
1238728924206637056
1238971428755705856
1239967963567939584
1240724834092560387
1245013344546770944
1235080815064670208
1236421015472869377
1238234135476482050
1238235743891357696
1239336140294979589
1240001610291523584
1242318296344449024
1243569543760556032
1243902830089580547
1244028582512345088
1245066369776922636
1237457803113123842
1237470614543159296
1239934842428588032
1240833201620365315
1241015681081962497
1242952445216665601
1235291114577506311
1238359963896098816
1238884819293147138
1238990774487875584
1242765740480086019
1243949209512001536
1244056028423106563
1236329576617426951
1237881153593290752
1240440662421626883
1241154093860548608
1244780671567986688
1244853597898063872
1235040705795354624
1235246083246178305
1235265842604105730
1236682144270909440
1238129138763837440
1241373420304175104
1242096173177090050
1242608493053558784
1245024403928252416
1237486051633004545
1238447304341958656
1241483898267336705
1242903832876761091
1244295171409248257
1237186061933129734
1238204717160894465
1240016105776844800
1242858566698110983
1235166865422520322
1239601306022612993
1240757981702246400
1241882923399184384
1243888126138953731
1238988971675435008
1244769514689986560
1235952034924371968
1235963976090935297
1236683622196719618
1237045895318863873
1238443891512221696
1240119687658250240
1241424636962902017
1243541518952083457
1244708875443605508
1235968148257607680
1239226860376150016
1239551104280559617
1241330492642856963
1234990067111821312
1240004858339524609
1240013007419256833
1241499001947643904
1242130267860500480
1242662854848843776
1237502555887976455
1238315129575481344
1239010668864573447
1240043432082538500
1242257562797346817
1242867586540470272
1243521255132839936
1234895198880256000
1238773036993691648
1240022516325912578
1241443565861056512
1242850616420061184
1243169810185441290
1243606987847409665
1235681719501479937
1239607396009488386
1240286769347780608
1241879079260839936
1242272625902010368
1244678237835280390
1237120194050502658
1242209403832434688
1242917305874558978
1239553671177871360
1240454301492936707
1244307176019169280
1238209039617544192
1238472816758001665
1239088476718428161
1239297693710782464
1240651333109198853
1241832797247025154
1242035029825503232
1236059631425708032
1243889527296610305
1236658921240178689
1238283209957400577
1238433720719138817
1241535830885269507
1243949826057949185
1234699406810595328
1234986634178781186
1236390948285960192
1237162204891398148
1240698553011298304
1240715549463674881
1241758493364936705
1242436313279877121
1242944757988392960
1237476363814264832
1239015177338736640
1239570155618869248
1241477111908454401
1243285150512775170
1243935688732655618
1242822642224320513
1245033813526433792
1236996244649771008
1237926641676025856
1238443701690601472
1238474870209511426
1238487955435642880
1240401239348781058
1241855249360531456
1243888168488796160
1243909929762766848
1243951356370616321
1234574708387065856
1239581278082564101
1240067108463169537
1244075100623613952
1244254380305547266
1244715449763246080
1235575235254120448
1237047796756353025
1242232378925481986
1244721373320220674
1237391390046208001
1237792403450454016
1237913962357960705
1242567699349282817
1243904280718913539
1244305063130079232
1244386771883999233
1241049439160217600
1241050067936645122
1242081896076652544
1242384373418209281
1242529721944080385
1243541858623643650
1244379515746258944
1244408771012513792
1234940480380534784
1235769507156721666
1237033322288570368
1241051397283622913
1242120002842644483
1242896434132852742
1243594920696459265
1243628118759411716
1237810378177904640
1238214874527936514
1240687361496760321
1241542290830700547
1242995387012505601
1243141822773448704
1244294096312848384
1244713147446910976
1240087843525066763
1242457247768174592
1242802859416133635
1243186714400583682
1237425225475620865
1238128631240634369
1240039621402255365
1240336554825924609
1243502794168033280
1234620825749180416
1239620998145736705
1241884047460073473
1242890422818668552
1239315862533951488
1239930481820532736
1240726560975532033
1241668962326282240
1243660477936414720
1237112139048988680
1238145274972901376
1240021302594998273
1240689144516333568
1238903960204791808
1240061431850156032
1241885347698466817
1242102987528388611
1242854158312579072
1244702521618243589
1245081761870155782
1239270233094918145
1240080463206612992
1242808011036467200
1243991262786551813
1234883112342937605
1239937208834031616
1240287619881328640
1241188655269584896
1242959061009805313
1243584161224458244
1252265293793067008
1254250322639323137
1248245875458977792
1250143815500996609
1251416396006739968
1253742108676182016
1245110900056633344
1245314522933534720
1247029200092934144
1248619193697628160
1251511935276855296
1251960850245705728
1252222675155669005
1255100239435964420
1245364057567383553
1248043455802224640
1248247540652240903
1248761072284315650
1250938584804311042
1250949718919741441
1252702550014517250
1253275928135901184
1254734480574685184
1245181250073174017
1246150030806994944
1246822270015700992
1246840100635447297
1249359962347917314
1249837928794243072
1251620601833426944
1253551263200899073
1253837050517676032
1246079403987283975
1247328094656004098
1248372055587713026
1249263875037384705
1251244454708723715
1252282416162574338
1253333427824123913
1255959028578091013
1246926667299401731
1247605050962214913
1253349481506123778
1254770296550121473
1246076862490726400
1246228910204956672
1248053311837745152
1249863595288137728
1253336271134457856
1253429800355553286
1254033606130966535
1255889975629041667
1248055065891479553
1250931053369479174
1253776311501324288
1254413813442465792
1254837354235219968
1246467820050878464
1247013408232407040
1248259824460193796
1248334387898433538
1248615136283131904
1248615246043869184
1250229303121453061
1253341489289031683
1245910205365395461
1248427059304468482
1249016130062004224
1253145082624045056
1254435481191723012
1250962400381026304
1252685717618208768
1255527990282407938
1247537067459891205
1246097607585345536
1247324734670483456
1249054209426640897
1250062545823641602
1252490335671836672
1252701659769290759
1253411394243846147
1255346563720908800
1247235010496573440
1248314468477612038
1251585305322405888
1252222978059759617
1252290589296656390
1254260858722619393
1245398932949270528
1247733952317657089
1248273750820376576
1248747200273924096
1249313858558124033
1252039304676810752
1254807529504354304
1255230570243796992
1249725350973706242
1250193462814601216
1251661621266731008
1253832189306966017
1248263847850528769
1248624231610384394
1248783040006033408
1249835365902553089
1252653866702823429
1245269277080502273
1247568721436119041
1248222430008614919
1252283154699821057
1246455522376761344
1247228940751683585
1248269061739425792
1248381759885938691
1249160401520144384
1246643211998760960
1247566695285379072
1250135824689025029
1250490310548951041
1251541266342477826
1252289240811134980
1252574963741188102
1246482658009518080
1246553028796141568
1246800019409252352
1251601246265446400
1252790856844795906
1255909942663487490
1245321535436525569
1246695123884392449
1248492013588074499
1250394060206092289
1253497958454169600
1253853783165108228
1254158320157548551
1254381933750104064
1246097368417734656
1246949049036615680
1249368236031971336
1249518166159622144
1253148157027823617
1254434682684542977
1247558639986126848
1248316236007649280
1253753791687639048
1246813926517436416
1245332067325526017
1246992948723662848
1250425160357662720
1251283471592538112
1252672704660062213
1254919995915677700
1246125820999065602
1247183993881210884
1247315910781571072
1250121845082218498
1251829302166990852
1247358260107071488
1247517620468940800
1248142069937422336
1249503562721157121
1246454425327026178
1246609266473078787
1248050005732143109
1249132761065172992
1252947372986060802
1253497524184285184
1254065208059969538
1245179252640813057
1246056294483734529
1246217971518918657
1246992034302476288
1247336702131257345
1251201791171100672
1253826151904149506
1245901381174800384
1247247903149735939
1247255800008945665
1248108256167251970
1252039731745038339
1245224990968078336
1247324244297560064
1247492838528626690
1253314344659619842
1254802331494944771
1245545679029665797
1245912753480642561
1247810414483656704
1248703369205575680
1248746487615492096
1249030109664808961
1250172172519247872
1253017077629300736
1255310466915713024
1255545909930319874
1255933602723921920
1245136925318615040
1246820924910960643
1248333750343106560
1249817826715742211
1250160101316534276
1252310558726131716
1252437620967129088
1253013310145826818
1255489867150168073
1247909625980223488
1248317363616976899
1252416418773004288
1253488721955033094
1247216764255121411
1251509031426031616
1253317710429200384
1248395356280197121
1249644172543291393
1252757029820592128
1254224661090426881
1245162918498512897
1246127086487691266
1247573866521788417
1247855753261649920
1246209237950349313
1247290033465425921
1247465147729211392
1248035120088481794
1250857379194900483
1251713210132180995
1251889430425743360
1253501544735092744
1253752580863393799
1246864236636143616
1249309211248472065
1251996866729832448
1246447287968071683
1248024524009996291
1255544677564112897
1246950267582648322
1246971432229318657
1248057225152610304
1248705684461572097
1250833919060000768
1251542332920528901
1246056608620298242
1246246951118614530
1246773745580224512
1251435954050662401
1251570191286317057
1245373000490389510
1245396827438043137
1246075535912034304
1250114649451909124
1251319385698054152
1253667706018172930
1253737670678851589
1254879710787534851
1247723265294041093
1247856735718645760
1252055932709801984
1252550084274737152
1253466690085584897
1254088733898477572
1248025318025199616
1248074745427431424
1250460683449196544
1252237430008266752
1253771868265500676
1255535713082396677
1246170166859378688
1247198649496621061
1247962520507297792
1249467135195099137
1253644338992762880
1257756157810298887
1258220969090519040
1259111325797502976
1260109086869381122
1263482796548468738
1265484312658444288
1258925406129778688
1263403855263531010
1266718704663920640
1258497189090750464
1257824945029160960
1258676146536939522
1259008220464508930
1260578224079241217
1257757377903964160
1258810022823256064
1260682588256997377
1273652985717981184
1271487994550239232
1271759647737864193
1269660213344440322
1269866388023160832
1276614818162753538
1277007596587823104
1269435960669814785
1271070078277214214
1273058744616783874
1274900312529293316
1276550671211343872
1269446930511400960
1270954554587320327
1272960171552145409
1277591851927773184
1269083115269623809
1277289945108025345
1268747891532759040
1269439135753764865
1274771245381423107
1275469605406830593
1271196888885276674
1275126437146767363
1276222517359915009
1267614936466968576
1270137510480556032
1270105412449296391
1275058000584155136
1277698012140240896
1276547730073100294
1276881519311826944
1276234006569332736
1273694806628282370
1276543396480454657
1272726001760432129
1273244271462752256
1275476592316350464
1273630117860970497
1275946120284459010
1269696169019613184
1276684611377082369
1277299743312490496
1270368289051402240
1274786009331322880
1277931022982746112
1272211937846349825
1276148029863559168
1277293300345602049
1275530316313243648
1277930697152479232
1274535852664713217
1273631443294408705
1273755741942407168
1269404635334430720
1269659412202995712
1270732404945272832
1276306834610143234
1273355037868204034
1277988884736094215
1273764563230605313
1273086431229906944
1271222461535789056
1273289464891297793
1270138448792485890
1271539275486695424
1271112201789681664
1268961212596989957
1271575940884299776
1268887198344118274
1276891626741420033
1271264444442710016
1277252559728713728
1268177200785784833
1277279651015032832
1273300531595956224
1277965790893891584
1269652891481935873
1273388452847943680
1267882990241230850
1272927290641600514
1273018021448040448
1276653857427394563
1276496505248063490
1276681714966896640
1276175934580838400
1268616633758744576
1268234242242142211
1277650315886702599
1275238914475859968
1267936298326724608
1273217442198757376
1275017991776804864
1276146428398702592
1269371740418949121
1276589071364755456
1274056402869334018
1270104739045400582
1270926623202840578
1276792282692440065
1267946508793475072
1270838036809596928
1273077806004604928
1276546042477998081
1282856398045544449
1280899386264993793
1286252460512874496
1282842021619593217
1282114758339031042
1288844695641128960
1288075930007674886
1278691895682781187
1282753093151621122
1283137388420763650
1288482727138865153
1278889647263883264
1279379149778489344
1280924752631287811
1285653921889910785
1279239367421317120
1286473856815947777
1278693548775202817
1286056053872963584
1278767136962490368
1287476706144468992
1280232791217766400
1284166180081741824
1284697329455501319
1282742947960827912
1285412392239857664
1288894421644324865
1281289123735711744
1278425410842382344
1281653599794335746
1278777596801679361
1288961376950640649
1283846920272740352
1280681971849605120
1279807117201899520
1287815220149268481
1287057603340771328
1278763621200343040
1285292510152200194
1288092295540219915
1282127551280947205
1286443205404352513
1279961718634901506
1285743712434221056
1279796566828683264
1280868899379183618
1288249931212427265
1280305533052874753
1283579941280518144
1286992941651759104
1278394941756993536
1278868343496364034
1289224166860709888
1278402845528805377
1284089613158678528
1278529480202620928
1285615496738615303
1283957654025625600
1281631770186637312
1286690796754870273
1288552298088628227
1281089595258449921
1281345355657994241
1280358191998603266
1279816854698147840
1279107047334850560
1286017810632708097
1287219478275731456
1282299320616620032
1280996765454434305
1288113730979471361
1284089652576759808
1284848811513458688
1283500976142462979
1284324972312354818
1282668490655059968
1282139900805025793
1283598053228912640
1279836201760014336
1285543481704841216
1283148349571502081
1288082975352074241
1288111831991455744
1286051814887038982
1282791706736427009
1288072335468109824
1281003595262054401
1286143194720157696
1287215564163874822
1279210889460285444
1288634825197453312
1280218571361210375
1283192065514405890
1282733665970094080
1285202092844634112
1288470682645549056
1278938008184594434
1280181230638698499
1283777565992169472
1281572555409821703
1282498470763540481
1282812416850526208
1282800799974858753
1284848161425629184
1280121016228945920
1280346278078173185
1288130717658972161
1282674039064915970
1283599781340811265
1288239288782553091
1284236905144606725
1286886044961591296
1288121715159994372
1286823595130458112
1279797309212176384
1285262764613738504
1282359521453760513
1285346232152535048
1283076218984824832
1287131762813014016
1283448987723464716
1280972800681840640
1284258709154168832
1284861704837443585
1281547589805121536
1285198590525218817
1286066128578461697
1287526669515812864
1285732954258509831
1278468440483921922
1287152886707818496
1278809890383974402
1288453529238036481
1283125520331419650
1281042990585335809
1285309528322580480
1285877695251918848
1280391413218160640
1283921122023677958
1281580320446451715
1281410029011308544
1281564004993900546
1281726064134361089
1282745901270867968
1285969082517528577
1282467369596706816
1278430379653894144
1288309894265872384
1282748093079998464
1279899056446353409
1281301910939729920
1285560156323901441
1288846057716224001
1285358633472208897
1278745793042808832
1283497093462724609
1282287396202176517
1282114578307067905
1282819712200724480
1285651840735027206
1281599663976652800
1294290755817738241
1295836365486096384
1291402691948752901
1289346313377652737
1298300007385374721
1291343802255306752
1300454675880333313
1291531763869786113
1294314635206819843
1295459553274978305
1296567279472332800
1298285452613615616
1290111857748049922
1291213955801653248
1291808988997263362
1292096447459074048
1294009499834036224
1290285430609285123
1291070835013439488
1291675451719467009
1292306796783181824
1292052940467904512
1295858557523496961
1293608560895709186
1294061250461212672
1299365440263614468
1291082296725057541
1299412482436608003
1295411084011200514
1292216944440086529
1300484358206357504
1292486309575929856
1297507623999283200
1294987450213896199
1299495170111688718
1295751545234087937
1292844415095119878
1299495308502671363
1295757267493695490
1299024492258299906
1291407348309925888
1292530101691854848
1298424778831933440
1300489751091384321
1292413393962438656
1292906811901837312
1290399829810712577
1293410752007733248
1296808725236396034
1295073899202383875
1297504813945696259
1297334331778764802
1294026124570365952
1289928530793381888
1293038643054088192
1294303183448215552
1290011978769903617
1291769822754115585
1292856571307986944
1292904119179587588
1295027857534713856
1295492626800672768
1289732753773142017
1294483626953003008
1291029884421144577
1291358233643409408
1296852815508393987
1292239513587154946
1290331171075883008
1295849965714124800
1297009438038077441
1291148249294757889
1297227169345736705
1300427413948633089
1292122629562863617
1292929251495358464
1291165448592150529
1295415446015967237
1299298720085946371
1299336650561028096
1295348612432633857
1290444886660075522
1291333994227937281
1291355910896594945
1291170815082455052
1290385263445843969
1292080433153355777
1294212167378452480
1300433003613691904
1294014719007666176
1290001469396017152
1291394713942097924
1294042419697029120
1290655355656183809
1294467550177304576
1291108877375873031
1295367436783554560
1299319307147587584
1292437508953866240
1296208903550590976
1299158732769767425
1290500138746564609
1290114843232542722
1289683602150690816
1291011330430861312
1292166995379490816
1291948316981329921
1292173618588286976
1294292224751132678
1291013869087858691
1297124613973925889
1300487901306736640
1293345838077444096
1291231770478665728
1293990033255432192
1296804433616162817
1290422332696059909
1291871333647880193
1297199010978172928
1297365921212899329
1298636962384039937
1294641974486740992
1296794370532872193
1297903668667330563
1289917347948625922
1292457349626634241
1294745762274906113
1299515655100575744
1292238934403997696
1304784773626433537
1303087356594008070
1305718820619853824
1305649869525331971
1307440582793531397
1304222328642056192
1302088811430793216
1305152418599047169
1305943971215048704
1300886714320408576
1306570596487176193
1307020215016984578
1310215994460299264
1308593533876658176
1307636538142932992
1308907809048846336
1310958260053323776
1304378506751758338
1305801962445832194
1306866323855736832
1308402855863296001
1307974454761394176
1303420207675961345
1309134282233991170
1306698111834886145
1307417560694939649
1303738564031774721
1304021721708597249
1304045660136706053
1302067504102207488
1303778667751976960
1307038840071258112
1308795653456302080
1310785728545202177
1304739501567168516
1305193599412428804
1306263781102751746
1306394041009930240
1306413759049740289
1303680889482862592
1311138341476274177
1306017250089074690
1306028321818509312
1304860707742265344
1306835345837678593
1311141322070396936
1306307302950084608
1310702182606356480
1305187526869737479
1308084392292745221
1307298727674159104
1304880840976019461
1307766618605322240
1304817938281758720
1305153381602861056
1306244669265686529
1304441802230034432
1305240424215347200
1305915841268023298
1304094879434276867
1305836077178073093
1305159482121617409
1308773754881765377
1310593648166305803
1303681446012506113
1303699309741977601
1308449557970399235
1305144025918377985
1308539159078793216
1309834209133985793
1304913489434157056
1305948584949551104
1305258164783181825
1306002357528989696
1308222258427686913
1308449857225535488
1301940860628606978
1306239300019908613
1305900965380358151
1311008950066835456
1306721018606624769
1304859835855523840
1306353343254736897
1305963386254118912
1308838274803396608
1306319880279465985
1308499904596070400
1301950767327096832
1305202478942740480
1307494026577358849
1305248735908298752
1305935189357531137
1304792355267112961
1305861255832403970
1308023299771895821
1305144716137295872
1304095037442187265
1307011776744230912
1306074745436209153
1306729881015812107
1301926968850624512
1303677757218586624
1308467991298932744
1306546231339102208
1305996693146566656
1303366095743614983
1305443917471440896
1303818272773672961
1306880643171721216
1306189514155724800
1305530119541460995
1306371166555303939
1306376372294684673
1306225269871607810
1304834842056683520
1305191622997610498
1306247676581863424
1303874181696684033
1303897969163337728
1305967553622274049
1307522019395686400
1301570817910697984
1303467649930727430
1304048836260880384
1308438708811636737
1309697683280584706
1300818924003643393
1306381013485056001
1311079435089649665
1305197649285517313
1308107631983300609
1310597679844556802
1304895535082614784
1308711876298027009
1308918168124088326
1301227400395661314
1303744000042717184
1304193783584751616
1302034263341232129
1305297873395945474
1311417936746287104
1305164095893786624
1308232547055341569
1303911681307938818
1306373740570312716
1304392333027401729
1305938184430387202
1305642656496848904
1306268645748867076
1305179609617571841
1307392462491734022
1305179267039481857
1301866793955254272
1306554607359979520
1308298953218121728
1311126004467810304
1306977502531915780
1304802038396588035
1305228024519028736
1306446408048947201
1305267277105967105
1303417091660414976
1305848314764689408
1303439707511160832
1315516878698082304
1320452343779868672
1313704788371009537
1318651114988969984
1313445781190385667
1314276377483456513
1312123345089957888
1316591275307663360
1312879389789446145
1316257429206659073
1316946168103010305
1318282099435040768
1311425595214106625
1318233809490305024
1315824036736315392
1315887489672904707
1316904803574886407
1321540092779995142
1313183754857439232
1313265763789275136
1318510468072431616
1322271975394476032
1314342157873025026
1316245374772805632
1321904690456571911
1322201361967128576
1315326178056577024
1315773180812972033
1320374220807962630
1320558486653038592
1313613252962721794
1316349213148676096
1316770793859231745
1314355182319415304
1315032994436980736
1320697251879129089
1320832294987456514
1312752526463205376
1320223044825133056
1313119892694941697
1317991952151957505
1315824719329931264
1320814829918064640
1313225453864353793
1313684262349135872
1318151570488496133
1320862119861125123
1320881066350157824
1313247897648074758
1316799727573241857
1319752138927517702
1320432653607329800
1322149824934928391
1321156366325735427
1317152246208073728
1322381179803344897
1313932874177867776
1314574020252237824
1316705460121145344
1321649236367364097
1312777832532238337
1316208494249340928
1318978454579236865
1322576604418236416
1313587201226178560
1314392025098223616
1314934675765329923
1322025897684324353
1322574015916052480
1315294312138067969
1320763971536887808
1321847954085433344
1312011848670216194
1321986404461678593
1312033132267343877
1320837870156918784
1321145665867698176
1314333988018892800
1316968062445375489
1322624558843703297
1314718019936038912
1315109880211148803
1319376586311897088
1316777933424537601
1318942098343796738
1319896625456672773
1322059732912234497
1319353073769168897
1314703673856086016
1318195879162032135
1321242778089758720
1312783089769250818
1320449302154543105
1321541233034948609
1312879401030148096
1316110275691642882
1313475841297461248
1312201503701049345
1312814161420836864
1313537152630878208
1314184908173123584
1312998081730732033
1313544033256402945
1318295663822598144
1321826311225135104
1312775710533132289
1314537722644754432
1318678492834373647
1317994251112845312
1320968470402486273
1322263940982743041
1313788607333892096
1315805012350697477
1315975748151373824
1319521193314037760
1322162510116605952
1321045558585294848
1312101725407334400
1313164452968181760
1316083042625126400
1312097338131972098
1312104951045218305
1320746010184949763
1311914975120818177
1316254908425748481
1320711218030522368
1313276086537515012
1318674745039138817
1321471954600165377
1321870612910977026
1313154994808467457
1316746208229163008
1317895909137666048
1312924854723768320
1312954377049714688
1313221022091485188
1314692739963871233
1322106517219205121
1322504507507511296
1312550666905120769
1320709041169940480
1313157345137111042
1313235898759249927
1320021727905239040
1320031292289929218
1313221475239952384
1312189193108430849
1313705820174135297
1313611868569772033
1314677813157527558
1319106749933056001
1321272183851802624
1314235065518501890
1319693808225947651
1312610594378350592
1313127544909070338
1316722667228078082
1312186462935212032
1313610368825077761
1314396047288958978
1316760129115754500
1320743320637747201
1320402318546841603
1312119920272928768
1316908342288277511
1318608282085335045
1322570775287705602
1313231034587271168
1316505371297669126
1320865570389135363
1313601361028751362
1318922457064103936
1314710989317824522
1315823225969008641
1320870478270074888
1313513799480115201
1312054199727915011
1313297134016434178
1318028493108711427
1312754487480717312
1320156605594423296
1313884269777911810
1316590878694219777
1320098851697680388
1322207074584006656
1320022460365000706
1313298358904160263
1314936269596553218
1316205080492810241
1312188646259269632
1312612997462847488
1318153507455852544
1320345444271165440
1322228021756047361
1314275753568149505
1320682960983646215
1314193911334629378
1321991175616651265
1319831496320970752
1311975487581945856
1316163170613030913
1319481931722067968
1321104782149312512
1313160093882515459
1311591687118938113
1312171883689771008
1314172390038024193
1317126041744379908
1318165698686967814
1311425692492541955
1312892729202933760
1318208833932709889
1311666135511621638
1314697440952496134
1315843439012073473
1321558450669694976
1319700898172555264
1321867969660702725
1311955419670220802
1314609021152907267
1315638396883275776
1321436560940740609
1321827997620396032
1318672221011849216
1320382740018192389
1321996252368801795
1322125217158844418
1322211703002726402
1313902038124814336
1314670824687898624
1320211751900676096
1320211953235574784
1316136709780893696
1316917448931725312
1320802870204256263
1314167916464611328
1320823500165255169
1314402600457039873
1312480777901232128
1313143603091271681
1315810483463651339
1320332174587879426
1311976218108014592
1313650589574758400
1319972780264378370
1322180080081100802
1322500016297009153
1320390325207207937
1319505555141132289
1322556221044436992
1312042827304574977
1312918524726317057
1313689688905977857
1318748155945623552
1322608083626020865
1316475658852356099
1312115520489971713
1313784182372524032
1313566467342905350
1316729286699565057
1321426786538917888
1314955320129662977
1320883217210159104
1320503725375434752
1321150660113506311
1312019324094341122
1316363150854434818
1321779316846374912
1313319816640389120
1314173170979614723
1315985356513214464
1324862917930520580
1322908418399784961
1330541817096527877
1328476378925297664
1322696186990600200
1326167854350290945
1327294770268557315
1327340123827150851
1324028224611979267
1328550887371976705
1330233617688252419
1324905144526499841
1331715926673133568
1332598510722588672
1329813437346504706
1326591026694410242
1323236027801231360
1330224552039895046
1328427487399796738
1330146398621331457
1327728204740784128
1322741775606419458
1322901974291943424
1330316284773457931
1324833350939561984
1325584873000759297
1329232527526125570
1327226209558786052
1325844075661103105
1329600709814333449
1328744319629594624
1331306604550033411
1333121387612020736
1328423553453215744
1329204344714125312
1329665960597340162
1327289436867059712
1327180872471113728
1333440620300386304
1333539076541132802
1328441680991842306
1322709365183361024
1323877005356617729
1327388906493382657
1325326290413518848
1323083931596587009
1327250892899446787
1329371663079776256
1327087467036430338
1333501416703287296
1327410020649144320
1329568692003368962
1329840187787018241
1331070151844786178
1330256120137588743
1324394591576072198
1326976530048831489
1326994360920133633
1328446256985767936
1328310976530288642
1326957650882539521
1329131925022314498
1326601001269407749
1330955691151007747
1325126922561445888
1325524162903937025
1327698391602642945
1333452689934577664
1324742532417359873
1329624894196379648
1324746482424172546
1327029517584642048
1330148801995272193
1324408031640170498
1331333397764038664
1331639833597337600
1340304383347740676
1342945296058298368
1337493915964989441
1337432222849122305
1339935454959968258
1336553045493084161
1339346465773281281
1343204838834896898
1335197962360807424
1343603361845809154
1335967818475421697
1336655666837147650
1339744797951668225
1333733677487022080
1337039325423407104
1341815580937101313
1338900901466157059
1339230005503684608
1340895274231803905
1344127659274600449
1336463727793762304
1334910996478107648
1336502305202507776
1343282244262227968
1339302189487964160
1344441730226139136
1338527714094043141
1334278713509175297
1336010445195538436
1342088679398010880
1334643328940453889
1341402471248347138
1342232005724008455
1335368137840209925
1333564498549100544
1338561001453662213
1335280443340464129
1340774482198327300
1335681414017265669
1336512510229434369
1337532675008163840
1338596653142511616
1336335914633547779
1337421242127749122
1339974154724978696
1341876372243791872
1340080169982205953
1338493128328826881
1338598305597710338
1333934180086976512
1343344907159797760
1339758821313445889
1336033278395084805
1336656638854508546
1341902544721723392
1342119641888542721
1340475462137618433
1333899561044041734
1334062219206811650
1333776954135371779
1336262739195383810
1337475420548116485
1333780014958047232
1334954552391503872
1344130758248689666
1335638387840196612
1343265089294659587
1335251560805314561
1337112997672570880
1343221865943359488
1343262710285406210
1336020790907703296
1339933806262956034
1343344861978779648
1334580085362479104
1338529581930852361
1341701570438725632
1339601813801209856
1339664415872966656
1337481859631112198
1340781050134474755
1341187650162733056
1338510829159911424
1343297935132348416
1341577954179084288
1344007552665870336
1335248977663553539
1336101647160926208
1338142407628640258
1340654911260930049
1341723439564902400
1343296050174558211
1339430621228228608
1343180082924412928
1339714615392018433
1336446081811492873
1344347460085428224
1335728159929593856
1335682721859899395
1336887973271449601
1341436901715263493
1336056612432310272
1336707517477498882
1344083580163653632
1334591116260335618
1336376960251953153
1339640640477511685
1343261976252866564
1333893143759040522
1336024441558589441
1341681980048437256
1336431599420907521
1341508718962352131
1257756157810298887
1258220969090519040
1259111325797502976
1260109086869381122
1263482796548468738
1265484312658444288
1258925406129778688
1263403855263531010
1266718704663920640
1258497189090750464
1257824945029160960
1258676146536939522
1259008220464508930
1260578224079241217
1257757377903964160
1258810022823256064
1260682588256997377
1258839605266300933
1263691286856507392
1263596662687256576
1261308411817402369
1263641848460931074
1265354363360481281
1256672996087025665
1260288371743764481
1262819592923013120
1261312330261917698
1258825344645128192
1259801807959752705
1261066297242157058
1262530404063408129
1258713580050014209
1262856027571175432
1263834006316912641
1264613815808819201
1258076812380381186
1261415230871044097
1262490975995338752
1262671980139958272
1262904697851129859
1259838017289752578
1256989654458544131
1257698234488590336
1263125956169957380
1258147397865279490
1261470788638478337
1264310859637182476
1265649533675077638
1258260908775743489
1256588396492984322
1261328926502256640
1263187013953413120
1262468283892215808
1256388189779980289
1257442994292170752
1258480302080569344
1262567229113024513
1258783841981878272
1262515697575514116
1266009040355811330
1258833305417453569
1260393145688358912
1260598991928070149
1261590322108411904
1263597945238126592
1257721677082918913
1262270977829822464
1262570396047552512
1259484517271666691
1259878957995847681
1266715728041979904
1257948328240640000
1258848992118468610
1258946820048400386
1262742153534402564
1265607321419427840
1256988688384393217
1260590089635233795
1261635700279083014
1263887072630394880
1261185113355767808
1265722654385938440
1258748865697767425
1261284183038705664
1261568637573324800
1262527791976845312
1261348067652956160
1262689057387147264
1263600285903093760
1260260039878639617
1262460199656448001
1266349444267675653
1256036361267752960
1260947884683538434
1261338007073767424
1262056953926365185
1265690480769204227
1256420704859365383
1258752148063444995
1261410248046399490
1262442587920699393
1257661966031544323
1262502612605317120
1262907616499568641
1258386744384380928
1260405337863204870
1256236305597575168
1262510645523689476
1263198286195933184
1262077997974269954
1260797363783778305
1258529617616371713
1257838882080595969
1263505245776351238
1261547201718878208
1262129558616039424
1256206892667461632
1260022646445469696
1259143906207334400
1261401481820794880
1263960329903656963
1257424241584201731
1261567261820813312
1260286965532024832
1263081179080622080
1258889003971104768
1258479389626568711
1259467865125785600
1259098855255224325
1263199817829924869
1257625786271531008
1261382494345064448
1263185625643171840
1259487103508869120
1262529746837155840
1265993221437521931
1258935627292323843
1261095049279963137
1258711704269205504
1260570914858700806
1261311641016315904
1260258689505779716
1266072613010407424
1265392434646835200
1260426142907011072
1262445117081825282
1259943528135876608
1265299810703126529
1264942460179869698
1258886895985143815
1259141469325033475
1259520309499097089
1261912910214901760
1265724164763254791
1262574591127490561
1259852514171682818
1264315418208088067
1256483417258156033
1260695448035172352
1259171123058675713
1260256028953841666
1262074715532865536
1263796566776659969
1264208289203499013
1264231360614580225
1262496926823444480
1258387575858921472
1261678248402059264
1266602045605400576
1260672346219851777
1263206292878954497
1264574175139835904
1261313410131570688
1256106613540376578
1257373177077997569
1260602878072426498
1261264751855878145
1261437101641543681
1257969287202996225
1261320564872024066
1257848384116883458
1259619077796093960
1259638154623160323
1259136809444859906
1259483678398349313
1261446075044392960
1256958827498479617
1258740084213526534
1262541726247538689
1262599997863809029
1256244477083160576
1257349398419382273
1262497725028929537
1264330335749156864
1265283437419773959
1262502716603019264
1261309215647207426
1256287677772685314
1259938188455444480
1262256416208887811
1264232126758686720
1265644751841136642
