1187354920376250374
1187108014194659329
1188866820150878213
1179396112278605826
1179052136421703681
1183925087742971904
1179648723690934272
1181189806388367360
1181665510594760704
1179492366543028224
1182736377131220992
1195526036949094400
1195473129973223426
1195441343662825474
1195076471825395713
1196823360325509120
1197685964857995269
1200625558825996289
1195585068565254145
1195918793509355520
1199029129988976641
1196790574419828736
1200836390889689089
1198656026104549379
1205556974986895360
1201990416876347398
1205225817820876801
1204132385631195136
1201192485520887808
1202573335864852485
1207304188532862989
1201919027192434695
1205650361064869888
1202637522448334848
1210568671950704640
1215735062081286144
1231761755031920640
1230979513502326784
1231826735814959106
1241701610146926593
1239361514596900870
1243553989888745474
1243553989888745474
1244991716903583745
1242480158705139712
1243316301424209920
1245048966896484353
1244127395663183873
1242888944284389376
1245019784644907010
1237453552215379968
1240314593420984323
1242848720615608322
1242848720615608322
1236796433128394753
1240280675346939906
1240280675346939906
1242930002011848705
1243563432340791296
1244387689446756352
1245010743172497413
1237540698867417088
1243623831455105025
1242929124823502850
1243238002509385729
1243232106601254912
1243232106601254912
1238668173253238784
1241136941774655488
1240371148963143681
1240377438925983750
1242253547187691522
1241438930161020930
1242261106988646401
1240411768758972419
1254875981791272972
1255546964797685761
1255233431979601926
1248780888315314176
1253022340520214531
1245389668658458624
1254448910711566337
1253117644787585025
1251627237775945728
1252263708333572096
1250192109761511425
1250182799652511747
1252281734412087302
1255244650522324994
1250500986482769920
1250808984996544512
1246545588549750784
1249754373690925061
1247943086031896576
1245332595614855169
1247897001083064321
1252647991355125760
1253362414680080385
1253362414680080385
1255210383683604489
1249767812119302145
1253298840188391425
1245386568203931651
1248956478859423745
1256408850896470017
1277656929070809088
1271629182729150465
1273939712407941120
1280917020532445184
1296477698097917953
1296376447960002561
1296376447960002561
1304444807188807680
1305379023653044224
1256408850896470017
1261020467168604160
1261020467168604160
1264182739097526273
1261711765827698688
1265744597000601601
1266353924975583232
1256659221850066945
1266061681874083847
1262768074274541574
1265312632925536258
1263945710560514059
1258071097125351424
1265735804497940481
1258014904382078977
