1187139173746126848
1178850609870626817
1182092733307113474
1188845994567299073
1181267217972957185
1194311018366812160
1200798165139689473
1197501470251327488
1197618724515143680
1194375908733440008
1191202070231179264
1197332718280945666
1204954587314044929
1208483231688990723
1208011413031182341
1203771233298313216
1210623252214751232
1204963367187648512
1207696630704693248
1210422637085839360
1220171725406720000
1221808879585112064
1218548466722525184
1220498760280813570
1220683207827435526
1218158652324024320
1222906517319385090
1217979222934769664
1215276750197985280
1221541476917661696
1221570033530363904
1233242610438795264
1231626206447054848
1232326730192506880
1231554180701138945
1227452252719341573
1232731492436127752
1227965166274240512
1233127876234555399
1233035580168007680
1232266441279229952
1233200392185565189
1233630085011238912
1224320239699185664
1233452837905895424
1225154293851836417
1232781516591247360
1239952700495687680
1241915808655093761
1234491453990150144
1242089470037381121
1236338478104875012
1233890856744161280
1244639120799879168
1244325454531694593
1245099777399947264
1240361607386943488
1240395707061874689
1242094760392712192
1245014420104896512
1237192284107444225
1240725001898266629
1235198863750942723
1236654161409626113
1240658368307462145
1236704503333826561
1238984925703024643
1242153648932696067
1241507779954827264
1241769338522107904
1241904662737031169
1241061243852644356
1241402547866402816
1241115617404440576
1244965812307472384
1241406584665919493
1238403225499381761
1241816656306769920
1237029895621885952
1244982432601964546
1236340343601106944
1244993733822644225
1242172372397907969
1243200211175890944
1240632558213304322
1244973498990080001
1241091248510959616
1243037522743177219
1244618191646515200
1237014240013107200
1238225877495922688
1242138675263295493
1246129173862780935
1251915259004190720
1251143692242636800
1246296237185302528
1253126543779532803
1252260986242961415
1252947431269883904
1254779800457064450
1248217073223979008
1251677484040544256
1253373718308495361
1245691292681633792
1248416430699106304
1250228651397873664
1252244998965219329
1247853766784757761
1252293140750282758
1251866023772315648
1245359476305264640
1253452801931456515
1247256084928237571
1250797199295803392
1255906531691728902
1251988238597869571
1246800648365989889
1249347229862825985
1252201253737766919
1253886528918441984
1251904418993147904
1254501646039543808
1245398173763411970
1248031331340005378
1249505182846771204
1249168873917685760
1245661351990575105
1252238704833204225
1246546568821592064
1247861618538577922
1246223968643751948
1248309201916399616
1251677782737747968
1252246016784465922
1246542735714156545
1248252046072897536
1259249321658195968
1265387932157980672
1262148780863913984
1259947676763914240
1264965105252532228
1267827159898284033
1270668968601288704
1274490482740125698
1274646191444119552
1271111475013304320
1277672390881878018
1274467896757047302
1274971970958815234
1267218875378216961
1268241962127241216
1267232931866697729
1277589694218489857
1274935985055256578
1268495872024854528
1268674503602626560
1271765927340670977
1277691944798261253
1285429642275561472
1287825021986058246
1279373420300570625
1288780768387502081
1285132173541072896
1284633643730833409
1280821558278336514
1279035534879358976
1287752622984663041
1286319275775492098
1281866087035019264
1281042673592303616
1287882561453137920
1279836651787714560
1284945674803576833
1281000700949024770
1278414988277886977
1288177114995290114
1292809744818692096
1290313742182383616
1305123668473806849
1306932379949445126
1303490362091229185
1305182886425849856
1308363396744654848
1301701647022817283
1305878572763054080
1307382290281095168
1300956117502242818
1311324731149152256
1313859690175049728
1314186588075823105
1319895639820566529
1320798748948131840
1313933013034496000
1318526379898667010
1312029798017896449
1319997628508033026
1320056923379650560
1311995112491298817
1321421783464030208
1332797034005467136
1327581534119989248
1327876188769906689
1328798779865239554
1330937246975856643
1327787092739461122
1327701230819356673
1325073642301091840
1330919257199132672
1329432694372118537
1326152178239754241
1330843826026672130
1331623211289571329
1332543324436140032
1332571464046927872
1332011855603240962
1327891419076440064
1327748729303142402
1336154223877083136
1343654286044102662
1343512981292761088
1343677985740623873
1341084986791915521
1341836496056111105
1340675104724926469
1340705394730135554
1342135493077643265
1336132050621894656
1337972014880067586
1341808163717201921
1341733644885499904
1341901354198036480
1342048776912044033
1341895044643610628
1335268200179765249
1337076665151680512
1341742583496790017
1341974730027499521
1338316297738870786
1338229390136680448
1337067946653454347
1341850433724149760
1338516722102325252
1334589863593607168
1341991441094995968
1344137248590086144
1343436199185149952
1343155089742192640
1259249321658195968
1265387932157980672
1262148780863913984
1259947676763914240
1264965105252532228
1257307045633519625
1260004090874036224
1257448596963840001
1258007157548687360
1258377916171210752
1263472779699064834
1264946862529769482
1258745259334434817
1260700506307153922
1263488064921284610
1261307420514619392
1260234702239289346
1261905599555670017
1256615743325683713
1259198254928912385
1258481089099763715
1263605623914201090
1258466819716927491
1258714954762522624
1264928137495957507
1257446218839527426
1258000672097808384
1263628058319130624
1256802540852633605
1262725290415009794
1262125644307140610
1260028036142870531
1263486214608322562
1263845545476591622
1264924198176264192
1257738151218610176
1263623062047477760
1261833612858724356
1257011038274363393
1257307216731705344
1258397722802978817
1266181164013846528
1263802423212044288
1260948047413968896
1264953960974086145
