1181608324883570688
1184162029679960064
1183839398279798784
1185264917873479680
1192849646286016512
1198978536570142725
1193945248386310144
1201869706103144448
1209085508564836354
1206581249499774983
1206621391224598528
1207603741592965121
1211622597323935744
1214126223833497601
1217025199863824385
1216905537461182464
1215213511178997761
1220286436173213696
1214158679030632452
1215302468164210688
1217750095170457601
1214699244470198272
1216807404807036939
1226873717076086784
1229467183085785088
1233092067850539008
1233421613191716865
1244697695647862788
1240266083283566592
1243881535377268737
1241040563442343937
1243528333289115649
1242013974234710017
1244778320937406465
1243263837375094784
1243560923899428865
1242842938553421825
1242128232775741445
1244639782442897410
1242144212881002497
1241772394265509888
1242819036414500864
1238133787361292288
1238518443122364416
1242440665092378625
1240629099086766080
1240644963001454593
1243536636362752012
1239622231967195136
1243889837578399744
1244663937011822593
1241804598274174976
1239300471673638912
1239477015285129218
1241072652938129408
1242555043556950016
1240991494749581312
1241780570264178688
1241844866004316161
1245077973365121032
1235644257722986496
1237368114888577030
1239509096593649664
1243215022920060928
1240653272228040706
1244294135080599552
1239929496901275649
1244696400601870336
1237424998605672448
1240805764970643456
1242448717774385153
1242456646137180163
1244367361823535104
1245002042029903872
1252160838833631232
1250806672445935618
1248561838801006592
1250124043983810561
1250348524371185664
1253312676341485570
1245332217967939584
1251572713300258816
1253755972528377856
1247578894523236353
1254762481831956482
1254851815515893760
1255422082827071488
1247240414278475777
1252193426138791936
1247127803180363785
1252885486328139777
1255784590414737408
1245734746291761152
1246129727867215872
1251138225944424449
1245380789929271297
1249688294750703624
1245316112167792640
1247184293241040897
1247877112947605507
1252282765401157634
1245324289483493376
1247933608100163587
1251073673496166401
1250478633551933440
1245299877824757760
1246113620397682688
1246853746711134211
1249414366828449792
1255848886503010310
1247208205186293761
1247513968119132160
1253626744109592576
1245678120876666880
1246797750315831297
1249647780714278912
1253247752177242113
1253361123153244163
1252588783637114882
1251194846255202304
1252990934523842561
1248238743355457537
1255124867885625344
1248222891373498369
1254730015859544064
1262307447613448194
1277241892934234112
1277237193795424257
1273647164443381760
1276514075166605312
1271367024963248128
1269950180545064962
1272221276359122945
1276537972913930240
1275797086366130182
1277528119729983489
1268863525184614400
1267526967588352000
1277971789449064450
1273903858394136577
1275417831643836417
1270377371229491200
1281195014887014400
1283423332864364546
1285630127590842371
1284140055934582785
1286652863922331648
1279148294816428032
1284115896600944642
1288431719343767552
1279010870425718784
1289185723438919681
1279042970935689217
1281183701691330560
1288844254064840704
1288845572238118914
1282996644523335680
1288914929223897088
1288959879558832128
1280491766441848833
1288842104022667264
1285565074891915272
1281281849780604928
1287933932025950208
1288844900360912906
1288521930782330883
1288853583300091904
1278977542808977409
1278735828907220995
1288890954548744193
1280202360657072129
1286636507990642688
1288843591528448000
1288802409532145665
1287772369008779264
1288843505884856323
1280935191683272704
1282633757694910464
1280532034285273088
1296068939647193094
1297885758334746625
1298546235016531970
1300358299464867840
1309553512569683969
1303384489884704770
1307075636389990406
1300840481882910721
1307017174188351488
1302927226946555905
1301477926110593026
1303982053084422144
1317203927247409152
1322204749211463681
1312806320945283072
1312059150805815296
1312444689279184898
1312155154292994048
1313798863753338886
1321559748802564096
1311429624891547648
1313556137468334080
1321472549687975936
1313934379534565376
1313536219293388800
1313996216993296385
1314586801542107136
1323550995599618048
1328760572121210880
1326642364790681600
1329500952655581184
1325868641850552322
1326482812094967813
1329871266321371136
1324162400044507136
1325852787113029632
1328437443960324096
1329169897264349184
1337101783718481920
1334817104780959744
1334187582888951809
1339638626712309760
1344043523134218244
1338584429581594624
1343577705896239104
1333873638316015617
1333865711530176514
1334517887411818498
1334952498063237120
1341411557507522562
1343995587021062144
1344407677225431041
1336795773342642176
1333889745911365636
1344696201237602304
1341853093646934016
1262307447613448194
1261350267548622848
1262735015089025024
1258475949747695616
1260165333077245952
1261253504431087617
1263756999071657985
1263919063140450304
1260495760967303168
1257298566256574466
1257685370809942016
1256284382915989509
1260230133228597280
1262792016590630914
1261003610554425344
1265206674706448384
1260954535251472384
1263137917934768128
1263550387132358656
1264893112712704000
1261220665505378305
1256219082896146432
1256147105770467328
1266464471360303104
1263178310516801536
1260689914665906177
1263460547795644417
1258321180903145472
