1189182285440077824
1180232115293741057
1196563987212595201
1192607669518921728
1195441918341074944
1207782660392644608
1201244171262218246
1205232770722738176
1204506321409712130
1200964794456641537
1222021483322597377
1215488029915275264
1222007798281560065
1221160813479641088
1222006384679518208
1243376941505245189
1241967914833469441
1237499737286344706
1244928625637560320
1242888987401949184
1243651875435466752
1242617195026358275
1237392939875053571
1240715160404271105
1242824066488307714
1243236276452700160
1248130709547397121
1245138395724038144
1252177301489541121
1245337915686891521
1251647210296619008
1246167289352904705
1245114113392627712
1255204225249734656
1255213444451774467
1255245029309890564
1253111542087909380
1255264277969108994
1250408532664414209
1253698209072836610
1251752389125775360
1246835239890157570
1267471343940849664
1276004114233622530
1276334364054269952
1268246170062725121
1271381731833085953
1272468898827456515
1273329505206140928
1271193007669350400
1270802981819084800
1275005609465843712
1271580764862164992
1276002176444231680
1269932182132232193
1274669277669232640
1277089339608977408
1277844315851706368
1270504166029492225
1274063273755848705
1289229341788758018
1278440800012156933
1285950466455564295
1289115932321812480
1289600473599631360
1295783856981737472
1296447660115865600
1289637024798916609
1294061173122498561
1293569515838562305
1296688482904092672
1289573829212340224
1309236320301133835
1308457424358174722
1309149069575696386
1320953279690407936
1313891856695070720
1318268607063904259
1321124448506843136
1327481202153050112
1328392483986870273
1325687902186172416
1326343229604679680
1324936519858196485
1331006511481581571
1325195092571926534
1329783751929450498
1342530914371428352
1339319954106150913
1336087377085915137
1343255371356512260
1340015592313647108
1339358037300162560
1342536590946689025
1263155770566246401
1265039975244009477
1265039975244009477
1259514061940822016
1261433698416721921
1257678940669345796
1258344640757055495
1256383444298264576
1262291836233801728
1257801940324495364
