1187130345071824896
1179505093617553412
1195328752823046144
1198390836586786817
1214649360828575745
1217147630087745536
1218234404805455873
1227061560851365888
1232969132536139777
1241811586660139010
1242839703323205632
1242843713564545027
1243976207496077312
1242097519015931904
1242420902131896321
1242157162077376526
1242553605346844672
1239235001847361537
1241832070315474945
1238633027145777154
1240023605200683009
1252673887847854081
1245881736766074885
1253781032807002113
1251455037957500929
1252699796634087425
1246195830568165376
1276220243220758532
1270844255960027138
1276170840015622144
1277414050389950464
1275173310926487552
1283924426799476737
1281362795460734982
1293303710488174598
1297977951057633280
1301271181501190145
1309344683189874689
1317927546537746432
1331953423403593730
1327310402137579523
1336083666729136131
1344327283587235840
1263922624528343048
1262482478553460736
