1187776090716147714
1190169591265103873
1195006191652556800
1205566226799439873
1211516751881465857
1208788237445222400
1219797481246072832
1243309988329619456
1244762592536600577
1238288212302409728
1240195293125193728
1240383229003067392
1244900005342822400
1243588060304027648
1243091698550521858
1240454205040734208
1242897336784707584
1241832333696733186
1234622868379488256
1241785695212986368
1242555274512093184
1243234360754487302
1244654817277931521
1237899454486728705
1242077409601519616
1242308201149861888
1244686123567394816
1240971964371677184
1255542911690633216
1255095339486457859
1250453918099755009
1249092371884707847
1253813995586220033
1245418277213483008
1245517566681870338
1245279762463031297
1245601062246965250
1247321440765923329
1255210380034539520
1247240823797760001
1250603577359454211
1248013451235979264
1253434233747472386
1253439838101147648
1251553587500630019
1252604585669201922
1251575867655860224
1253010533206327297
1257649635553734656
1261779721538469889
1262496337888546816
1276263071233736704
1270838150060019712
1271339189011873792
1269965365838336002
1278081411082326016
1267484619743678470
1281592890242801664
1288654303985651725
1288822381906100224
1281679982666842112
1289294777981132800
1288579403740569600
1287533721504174086
1278899646539022338
1283679134930149376
1280254479959560192
1281706022181240832
1284859678757761026
1288773985648484353
1288580158031568900
1280085017520111617
1297150373795373056
1292971501721989120
1290826125472563202
1291425093709692937
1294028469467254785
1303680822143311873
1303507858793754624
1305521130837401600
1306370305456136192
1308924846282346496
1306938486826635266
1305511068698107904
1305511068698107904
1308405606122913796
1308054400082915328
1313424987227791360
1320584393988042752
1314218686773944320
1313124395062358017
1315789343017951237
1321120312042397696
1313399361250811906
1323454447746347008
1328886896114561024
1326892728739909643
1327407397535576065
1322745176775815169
1323454062163947521
1331081863969038338
1330917821937758211
1323102604642058240
1331347774722469888
1323831925199400967
1338626575210864641
1341161023601033223
1334658965293080578
1343935142696546309
1337440916768878592
1338776664365539333
1338774262262472704
1341478616287232000
1342695654062256128
1342695654062256128
1340234748585644032
1341236195720884224
1338631450703372289
1257649635553734656
1261779721538469889
1262496337888546816
1257340485531820032
1260732188477108224
1258674450351808512
1265435066475393032
1263619348842926083
1259453565531283457
1262790493043392513
1259873093406908417
1267171137064140801
1258388615098322944
1257765539914498048
1265360648013299712
1257482498356834307
1257509760288428033
1256480805481783297
1257301600126693376
1256307309397106688
