1181663372061872129
1186642784796758018
1187555382949904385
1186305062315925506
1183557111063687169
1188101103814098944
1183410664032952321
1183723659728429057
1188739434969272320
1179225826530922496
1186313990848372737
1192133749825253378
1198940231501799424
1198938326667071490
1192912184420032513
1198962031744958464
1194623279992070151
1192619246833954816
1195099839517904896
1199029559175393288
1192164932378345473
1197150947014782977
1199317554776416258
1199331783868850176
1199688295833309185
1199397043975983105
1199468113667878913
1204871023310577668
1203383427925458947
1202442646930767872
1202588132182495232
1202588132182495232
1204549780736815106
1207644623277088768
1206293255605948416
1221929414985908225
1222308107885465605
1219699332615737352
1220756611708456960
1221204065125904384
1218066809653317632
1220376515994628097
1213615085886664709
1220368506614665216
1220333644251914240
1223237309442686977
1217435703061229568
1222896961688260609
1221842882799325185
1220339333577740289
1218187855656378371
1218554607384825856
1221847335547703297
1225450620653592581
1233505124116508675
1228068775938973703
1233410528195813376
1232891225767895040
1232123703409987584
1232800938982768640
1233613573441507328
1233601423150993409
1232295738404737029
1232863961646682113
1233783381315538945
1233249827162599424
1232049944762159105
1226422278457446400
1232091126032560128
1232429365633286144
1232870165940928513
1233040877234393095
1228069603709861888
1232139437557022720
1233485673916706817
1227394240415748096
1233167243380510720
1231997718777692162
1232847311295873024
1232295742670327808
1232666229510475781
1233381293074853888
1233776544641888256
1232074754481254400
1233071173140910089
1233263670609629184
1232788452279824387
1232170884510765056
1232136409487572992
1228071598613135361
1233420580877107201
1234972778190663680
1236093191021039618
1237471583876395008
1239626865192640515
1240281622446067712
1242208406431313922
1242900648783482881
1244419925457932288
1244647960530628608
1236086412363079681
1239990159195635713
1243194562203582465
1241824437994958854
1242310780155883524
1242452797586411528
1245100168808185856
1240707286038953986
1243213875266420738
1240777231154151426
1243202565984129028
1244342310474637312
1244713422329167874
1234288733333204998
1238210600523751424
1240039392942665735
1240698351290441728
1234956071476830214
1237921856264560640
1238421190059921408
1238480642595336192
1240378117253926918
1244770676524761088
1237420657891332096
1239732382305062912
1239896287102681089
1240686434601684993
1244273703388680196
1244397699970945024
1245035487271759873
1235597949729755136
1237875774692020225
1238817088069873664
1235044228159303680
1238536072621154305
1239680850876342273
1241768637553430533
1243641531627704321
1244381121548337155
1245101355573940225
1240689203479859202
1242550032940830724
1244327826637144065
1234893770359001088
1237429541443788800
1239858416736243714
1240659803757850624
1241452024023171072
1239060303582617601
1239638532207120384
1243263556847579136
1243736531287920640
1243755160632868864
1244259703825162240
1237219701639561216
1240444322429825024
1240746651452661761
1243305771045138437
1244700847214342151
1235758256750055427
1240367517811576832
1240375359427809280
1244534070983491584
1242152419997466624
1242203068499968001
1242517602376826880
1242613730296442880
1245083421640142854
1238388306318065664
1239577647828611073
1240428548499951617
1244306388794269696
1236085820169256965
1240694160102813697
1234982923515785216
1239182680727617540
1240683181109661697
1239863497363775494
1240305099324510208
1240424000959836160
1237854382898601987
1240300061227188226
1237520552815783936
1238172119256772608
1241492923339939845
1237409544357232640
1238193809332277249
1239746997529255936
1240999199736582144
1242543447564787712
1242544846218371072
1242970241040351235
1245077758901809152
1239662265592197120
1240409375170273281
1241181182668177408
1244406495464341504
1244683386200915969
1244739787149410308
1235680844779581454
1237926819489370112
1239623328865927173
1241089353260118016
1244380753196011521
1234687417778614273
1237405337801678849
1238453797086801921
1240378630418595840
1237890689880350723
1239587235789451264
1240685906769489922
1242556041210015749
1236838114624253953
1240269758798401537
1240292532183064576
1242421164254822402
1243057206892904448
1236057265817481218
1237060572031696896
1240688924697100288
1241802854106464256
1242905645239730179
1237077102438088706
1234605919171960832
1238326819599810560
1240687086115516416
1237202084757417986
1240282665829498881
1241454057404973056
1242803387369951233
1244404224231784449
1235950191141957636
1236410115818835968
1240319078444797952
1240438027614334976
1238208626537480192
1239609025584660483
1244484289305214976
1244721347315544066
1235921861734731777
1238184812365611015
1239586858180493314
1242152774042869761
1242792399501484033
1244307878850125829
1244692054724222976
1237236054005956609
1242563179609292801
1242601617490206725
1243602128331038730
1243717462337732609
1245032514223292417
1239273102833528834
1240225984579686400
1241451002127093767
1240389966754197505
1236036252136337409
1243301588476796932
1243327125156962306
1239676334806315013
1242922860462604289
1244613179549855744
1245048569490477062
1244609538982121478
1237170089637576708
1240688308675424256
1242167985059569664
1243349766718849025
1244988638347362304
1235296848732184580
1237066064996990977
1238551816771600386
1238119297832140802
1238517313206464519
1239338872481480705
1242193144445382659
1242345818595590145
1242567177946923008
1243362908735602688
1243551363633745923
1244359223691161602
1244401422411669505
1239202615302520834
1244301393953001480
1244378107286519814
1244818793702068230
1240320327609208832
1240320327609208832
1241195361454129158
1242847817909108737
1242863593596628993
1244445190133182464
1245018557878022144
1238506047033217025
1244312908873564165
1237427605990760448
1239587389191925761
1245364246046601221
1250549840255336449
1249475561900179457
1250817297482240002
1254832189193281539
1247269768668872709
1247518932568690690
1248105526057107456
1249690557535961095
1254184225626087424
1255602722348417026
1246184620451926018
1252663228276113414
1255780812848586752
1245331459163983877
1247388467971198976
1249403868338937856
1251173007940374528
1252950573374201858
1255465001571270658
1245127984685686784
1250548792702701573
1251951431961079809
1247934565764734977
1251171801444515840
1255230050141601802
1245400006682697739
1245696212617113602
1245948051228745730
1248967930139660289
1250875601373757442
1252628764594515968
1254882147334316034
1255601778906804224
1247538993320718338
1245548062530891776
1247539063634022400
1247921074592985088
1248307407777943552
1248701964654952455
1253060134793891843
1246268550576250882
1248236606106087424
1252570359494258694
1255131063367553024
1248237541154832386
1250272318959390728
1255732347434971136
1249344590521470976
1249834358317502472
1252779147408994304
1252640238557683712
1255114392229818374
1245728887188983810
1247592648208257031
1248269816387063808
1248747054710620165
1248919866582720512
1249519451180945408
1251190973142614019
1252937508947734529
1247254588727734274
1248391508165660673
1250900117428875269
1252613855647277057
1246053818179215360
1250916709680250885
1245734853586423810
1247980409620762628
1249770875366375434
1250484853683838977
1248695991433408512
1250174148061679617
1245710524240756736
1245859767987220489
1247282359780528129
1247957761301905411
1248373932513787905
1251223452377321472
1246509345703112711
1249666933424902146
1251195264683122689
1245606697772564481
1248678613664268297
1249004973200818176
1249716562149478400
1250893238107602944
1247660562051469313
1248398250375176194
1248843207284109312
1252000294998700033
1251947927754256384
1253857635323072513
1250577970609238021
1248613455461896194
1250520971385155589
1250555602360848386
1250813979334545408
1251157404344963079
1253018912305942532
1245463214839783424
1255129399973814273
1245690377748787200
1247221240567341057
1248940934588436485
1250097471935729664
1246172875456950273
1248940733261926405
1255157323418476545
1246096355325550594
1249457954774007808
1249836189642866688
1255174460887400450
1246165577439248385
1248069684160868353
1249810323290361862
1251606280742944768
1245490494731431936
1247906851686993920
1252674804659810304
1252956110870454274
1248324737228394496
1248361027437301765
1249510948341084160
1252329646504452097
1253072388490657792
1253419901785497601
1247957155648606210
1247962198682546182
1250051757780197377
1252937040670400516
1254338737791799296
1255532021818023936
1254862651672244226
1252555334117449728
1252999381051113475
1255881302542290944
1250992027690401792
1251555052621377547
1246455964812939264
1249392582653874178
1253097668697640962
1250397794973765634
1250600655988887553
1247326473746296834
1248711115938369537
1250219130063597574
1251875233935634432
1255132411303620610
1245422709095329795
1245444945940447238
1248305161757437953
1252283529121185792
1245398337358123014
1245889314107600896
1249352082697728003
1253097313741844480
1255603804160045057
1247261081384476678
1249775760849670146
1246269431380131840
1248355786956443653
1250455389663121414
1245210851591757824
1247948609645162502
1251147357976059908
1252685162154000386
1245414003066712064
1246767428144529408
1249970774632513536
1251138974325911552
1258575958421975041
1258765135415513089
1257874162837749764
1260277185513955330
1259182676986265612
1275887909980311553
1276211721582018561
1276688747204161537
1276525693602607104
1276583694069723136
1272638626778828801
1275542789623873539
1273272344946098178
1270875095163121665
1276646963224723456
1275845464689164291
1273663725707366401
1276237573460045825
1273894789382103045
1273356404145958912
1273352134164086788
1277798953812189187
1273379661574213632
1277984384222707717
1272937094143528963
1276688269217075200
1275466245572382720
1276211725566689281
1276696300902207488
1276239186912215045
1275520694785323008
1273297036897591296
1275465100066000899
1275876795905171464
1276734709377249280
1272730649397469184
1272559789927694336
1275468179767209984
1273691741896540163
1272726355201982464
1273753497930919937
1273694743881449475
1277998799596720128
1277998799596720128
1271407421995601921
1273344418767081473
1273344418767081473
1275895698395787264
1275366541090004992
1277654082489135111
1277649810397573124
1280212479340134408
1283729920661872640
1281335125914066947
1284107761526153217
1287045928923389957
1282649003574919169
1288467880472911877
1278486684506763264
1281890830119206912
1284548535577456640
1278654720085831685
1278662895505756161
1283781986230861824
1288711090210312192
1282810060629069827
1288075799661182976
1280548519821049856
1281238646448893955
1283119762160193538
1286001039179571200
1279439496283488257
1281204567192096768
1287849867096842241
1281555481786540032
1285916484271771649
1286404089753096192
1278432041432997890
1278730829901021184
1287924786618925057
1287861412325470212
1283459206012706816
1280622839297650691
1288869140980260864
1286708498831740935
1281245978469654528
1286291966729355265
1285278731653849088
1283830537560494083
1280655908335431681
1282848233136455680
1285197308859166721
1287407903180230656
1286761065498509312
1280595826784567303
1285571757571624961
1283459846591873024
1286404001097973761
1286733506404429825
1280958506473054217
1288177799841427457
1280850363185336320
1283130468871876608
1287802631063310336
1280836106435661824
1284877455044612096
1284948241709244418
1288514584433893376
1288579137700081665
1283188630509490176
1281385919191408640
1278139288430002177
1278678228538974208
1279823724938592257
1280663219321831430
1287393924563247105
1283909069330362368
1288557061333286913
1285268459329396742
1286693800992280576
1288156871757635584
1283022320643301376
1288890968175808512
1286886618675150850
1287167457095024646
1281515038398980098
1287408409357295617
1284871902692089856
1284871902692089856
1286662583769079808
1288921077679370241
1289278353065701376
1287831218302722057
1280824590512594944
1288182986685517828
1280978717066526723
1286729734567661568
1283143997637238785
1281273479032078336
1286296761682857989
1291103667211382784
1298788942838460592
1290292047220334594
1300447962502324224
1294015391467999238
1291115719669821442
1291353275242098689
1290678800737394688
1300398936453271552
1292525825657647105
1294247072376463361
1298367333086502913
1293712260079259649
1292729329915322370
1300437741981892610
1290921496806735875
1300400583455772672
1290299380306567169
1297134812826763264
1298668802381619200
1291194864781205504
1292912350765473793
1294360911008993299
1290357871943864321
1294015398782873602
1297939136901521408
1298067306187313152
1290344242829824000
1298415602198077440
1292868291409481728
1294073601096851456
1299114822219558912
1290326007598256131
1297992312212140034
1296075209062199298
1293912734380093454
1291743937921798144
1296840570615353345
1300475939219034114
1291792070194102275
1300527979693404160
1291536212755439622
1306852549740371968
1304082881195765762
1307065083529396224
1303394996024999937
1304955317600411649
1300879935419101187
1308519401344372736
1308520112396341254
1303820778069262337
1311156099886743553
1305436417720549376
1310994161957572610
1304268074145677312
1310769041624227840
1301256298810544129
1304103384677412864
1301461749208506371
1304887818049773569
1301258945366044675
1304394981319348224
1311141778825850880
1301094306200125440
1301562988546199556
1304505558511353859
1306028481910800385
1306951543695060996
1310291738230226946
1305556600296439810
1305123420087164928
1308905766309572609
1301261907656089610
1308519457028005888
1308011995942268931
1304960586082648070
1306628619398254594
1307263475878637569
1308430257423151105
1308511703139786756
1304994960962326528
1308462276450623489
1300593517434204160
1308864692149006337
1307502047072333824
1308430526047551488
1301604150019579907
1304062356000059393
1308775224045862914
1305572552392282113
1301225350714789890
1308115850235465729
1305154502530605056
1308370902460116992
1309452464412917762
1304078426924515331
1308478581417402368
1306956120670564352
1306313324301291525
1301221927328067584
1311099291985944577
1308444524029661186
1301274187236020225
1301568890938339330
1305553008818876417
1308439846122409991
1306468708462731264
1301879346731184129
1306975333812445187
1309501158931787781
1300894575188467713
1306032720351551489
1310028925507166210
1304612359407833094
1307170666735521792
1301266017813962757
1315315454710177792
1318363091407691777
1318366191036018689
1313278988006064133
1319282580399665159
1313147220070404099
1313157843554623488
1319612740877647873
1313516296378765320
1321646834486513664
1313192402748936194
1313595459986952193
1314021046639628289
1313594426783076355
1314603633623863297
1316067553018630144
1322234286368526341
1313646690642006018
1319085023555997697
1316842690554859520
1312097493191192581
1315707805832273922
1315862367717281798
1319421047167483905
1318974078359900162
1312128844480954369
1317194132872454145
1319292527367901184
1319369466803793926
1316771012625788935
1317215817117945856
1318617076739809280
1322372462538035208
1318702035781365760
1312064712419545088
1316845049498361856
1316808529408389121
1317299483508690945
1316717418551693314
1316894725656424454
1312098291992031233
1321621551209455617
1318623530372694019
1313150280410624006
1316775145034395648
1316775145034395648
1320114059245662215
1316754285561024535
1316522303275106304
1315704631993999361
1316488408823468034
1321831768174006272
1319254084105523202
1314545559856963584
1313152140890771458
1318196065447936000
1311513860524978176
1321664774426427393
1313993546739978241
1317259393927438336
1318155135068065792
1312902435661377537
1319651598432284674
1312099011696881664
1314535544936902660
1313562081363464196
1316895908974440448
1315721143685320706
1313614764115886081
1319458319837372416
1320364049444622337
1317252202885451776
1311741580181725189
1311741580181725189
1311741580181725189
1312116317806161921
1319679981203738626
1316482848162041858
1318586272781234178
1322666746747211778
1317075362648608768
1316839827199926272
1313165604732522497
1316840763712573447
1322737264003289089
1322961478073389060
1322708007415877632
1322693138989805568
1328680170501312512
1327292611682557952
1329623255775318016
1328508000957460480
1322680088530505728
1323771128561762304
1327601825156132874
1323364144167473152
1330961811970154496
1329554124543811590
1322874884960198658
1326987295199793157
1325820192841199616
1328410106908659712
1329499215853137924
1322994376444907520
1331401259623079937
1326935680795160577
1343713762633777157
1334236460686450690
1336106467917705216
1336045854818521091
1338919488398483463
1333826188813471748
1334356466581581825
1339238374603894785
1336046824700801025
1334587133302956032
1334568332582772736
1337477976892596226
1333993028252557313
1339059042430439424
1336754599970164737
1334546743258648578
1337257203087126549
1344728848181637121
1334026489046708228
1335068675183955968
1334599821039005697
1338845837535932416
1334241893249671170
1337439863063392261
1339176468002332675
1339936983200780296
1336415196617846789
1334622453511950336
1337140126124810240
1338695215884931072
1338844991767130112
1337612364263415813
1339236917708288002
1338689619525767170
1343557905149263872
1336315183547998209
1334925085669527557
1335616261208858626
1334947340117921793
1333826634634424323
1343731939841347585
1341430549454446595
1341190633940262912
1340107669806440448
1333587872025174016
1334289611888209920
1338973901863391233
1333770916229214208
1344659508237398018
1334546217372692485
1340114459705143296
1258575958421975041
1258765135415513089
1257874162837749764
1260277185513955330
1259182676986265612
1261429149882818560
1265794948282138624
1258435206236831744
1257353068716470273
1261034400352960512
1261109094301253637
1265514817969885185
1263851863994241024
1256216522688737280
1262909511318351878
1257501799638085633
1263797390017916928
1258426912793415685
1258921160076656641
1258942101489778688
1266389952247422978
1258236669100244992
1258008039204040709
1258430392182472706
1256224393820286976
1266198824944533505
1262509155518218245
1264950056454623233
1266402417735798784
1260625617080463360
1262864940681093123
1259928796037341184
1256223984863121408
1259850163612459008
1258821780170354689
1259793342122123269
1261415012763144197
1256331326468222977
1257350971103027202
1258085459378319360
1262908604581101568
1257623625450115072
1261048505709330442
1261422355198308354
1262907379378782210
1256422134273863680
1259978416587026432
1260619620916039680
1261006929486372865
1263288594652938240
1262887257691824136
1265676190783766533
1260963557388230658
1265406356816719872
1256313476626018304
1262910292817842179
1262908088065163266
1258523828025622528
1256188602876342272
1259966343459360768
1260605845571809291
1261368154003038208
1265412394190278660
1262906490978959369
1265645679650598912
1256250040714235904
1258867329598992386
1262887737776111617
1262803293027340289
1265443200791183360
1263883461225578496
1260296662582530048
1258848593676361730
1262792473618927620
1266440774637572096
1256250964727623680
1257054697032212483
1261360433228910595
1263173658979315713
1256004201861300224
1257815394187870209
1266068426021310464
1258715848421904385
1259906868438274049
1262911308493717505
1262908765575221250
1258510618115452928
1259918608622379008
1260342141227843584
1262484339855589382
1262484339855589382
1261366990330933248
1262090828400545797
1260551023380369408
