1189905161889685505
1184151820597366795
1182898329748987904
1187318336671092736
1199106304620613635
1196293032519307264
1191938564818440192
1205929823442493446
1215606405757046785
1215613259258191872
1215688022714273793
1215802522994204673
1221183815919513601
1233124319041064961
1239281901279612930
1244778586994880513
1243308965095706624
1243405560608747532
1237599126147092480
1240135463110836231
1240181151630843905
1241247942205419521
1237912943330619392
1240074131820802049
1239111366432063488
1241020884871249921
1237599955881091072
1245101083980107777
1239987564259545090
1244128460089556992
1244697811695910913
1236093191213981696
1240331970434830336
1243488763004633088
1240662326396833792
1240431501252202496
1242899871641862151
1238605120935473153
1240496739485757441
1245035485053018112
1239085653989588992
1240436226286592002
1245069323539853312
1240786343560708096
1240405074284883969
1247254330367004674
1248040002291892235
1246165597177733121
1246469681608904704
1253426464843640832
1246469176694169601
1247793708612780033
1255570453822873600
1247274118153555968
1248268417494368259
1252386342736023557
1247314563814522882
1249862649652772865
1246229489002205185
1248192524709224449
1250123774445457409
1245438793332785153
1251039684622462976
1251274725009096705
1247332779697868802
1250402276545626112
1245185382628630528
1246527993427574785
1245261015828193281
1251277409384402944
1248102203824451584
1255587662729056256
1245121842286911488
1250989059356286977
1248355239415119873
1249614264584855555
1255748076079177728
1274060975638024194
1276591324309880833
1273677586124599297
1273043112458358787
1276624234362605569
1271522335552499713
1273078634019008512
1288270952531468289
1286469534145159170
1281185095353872385
1280728014444089344
1282859597351522304
1284117953290485760
1283555745351503878
1282259734624718848
1288738599924621312
1291833221081108481
1293577861991890944
1292920016623620096
1291720943769853953
1293939915139321857
1289595649738997761
1295854929462964231
1309228725570097153
1302303051122913280
1303893971588976640
1317483758749057024
1318910469109911566
1319711658852470785
1319790496210948104
1331386871142887427
1331419922044313600
1331386907926859777
1331428667172511745
1328519748284542989
1333584672610275329
1258564513453838337
1257286258889351169
1257896788650008581
1257808645393387524
1263305159121276928
1256297746270748675
1265451529017974784
1256032475039621120
1258809980913717249
1258122161190957056
1257808591060439047
1262780696134856711
1267127964409499654
