1183170049789571072
1184640275026722816
1184657974528106496
1186638063188840449
1184617776314372098
1191455102512619521
1191889151760535553
1191509240206245889
1191750701279518720
1191770790590656512
1193559591914819589
1191740241364869120
1192907207068856320
1191741905547268096
1195006849566887936
1194071677006684160
1193266264384442370
1191830330212278272
1214622229218185216
1215392647352934400
1232391676561416194
1244797077449854979
1245033001345601543
1245011673506873344
1244800988768112642
1250463884688973825
1255966997625610242
1255518520839999490
1255980088191057921
1255922947816120322
1251269891199586305
1255864152922492930
1258115823568392193
1273090203650076672
1294326346924150784
1310807765829529600
1310414512084914178
1310645389247287302
1310582703675379712
1312463115770982400
1321789661665206272
1322996294969888776
1329098013369901057
1324062711488139265
1258115823568392193
1256252040520466434
1257747479824486401
1258023607986462722
1258142310170275842
1258050118965760002
1258041559150465026
1263271188358402050
1258100873030336512
1258044973196460036
1258031269780295683
1258097776040108033
1258032935153827843
1258372428570357760
1258134601496702983
1257144154359988226
1258072469077975042
1258177335842549760
