1181139433971683330
1184135613185957889
1181212354568167425
1181156522187001856
1181631560338067456
1182705596098850816
1181263769298710531
1184207315815358465
1181148273211514880
1181229974046547979
1183317586970329089
1195389267406737408
1199706735977648128
1199664250526019585
1196513634983325696
1199664829319045121
1199687337925582848
1199428228617842689
1192341196661821441
1194248783321870336
1191635583820554240
1192534644085932032
1199716520487723015
1201858863282229248
1204686681909149696
1201907849628176384
1201933378947301377
1201624395581665280
1207357589492785152
1205151869963771904
1201909546874261504
1204718874844958720
1201541662146777088
1204747753768837123
1201599416857026561
1201522816111325184
1215363096115646464
1228338591748755457
1229446696251338754
1232337645444980736
1232256377394999298
1242164439341846533
1243265747658444801
1238760493008990208
1240357302135173121
1237696479789228037
1235245573722320896
1235309038620966912
1244678274124410880
1242173234113544196
1235331437336891401
1239480877601763330
1240587052267245571
1243573658456645632
1244550135515942917
1244728702560276483
1241708780087398400
1239642595753672705
1239891232979066881
1240367368770949120
1239517061652586496
1240715212396695553
1242136636818948097
1241121301240205314
1240714198293733381
1234985577772044288
1235144983721783296
1240597841262903299
1244974184440180738
1244580159459598337
1242388257133998080
1242033127456980992
1242233743366131719
1240962018208817152
1242032328303620096
1237364254086438913
1240238303565266944
1237436977923919873
1244198438239113216
1244291323013877764
1245022164383936517
1243892255058006016
1239131468296830979
1238902051771428864
1242363284457754625
1244361837157781511
1241652248180142081
1243458800532754432
1236048914417147904
1238397891275681792
1245284488135000064
1255508554385174531
1252270853385072640
1253321474087063552
1255409290095079427
1246008533000302595
1251075738515771393
1252550981889470466
1254040170766184448
1255225276360876032
1251099656093908993
1255379560306278405
1251172845377503233
1252972874488578048
1255776563817259008
1252359581562368001
1245677510806962176
1248173373592608770
1248616148142141447
1250471461673934851
1251094557099528195
1251188698147966977
1250393224914653186
1250423547127721984
1251096549100343296
1252231386469040130
1253209620362997765
1255198491854413826
1253241467214213120
1255508757464920072
1255781259835576321
1255962853804212237
1251095225184980992
1251203772736561154
1253393199218913281
1253651236458504192
1251752709050511361
1252241172665446401
1255410753366036480
1255279584876146688
1251103243624747010
1249263978288644096
1252312745497767936
1255157809429254146
1255914814494265345
1246500465648549893
1255425659301748738
1245879292384419840
1251104121115103232
1255194394933641216
1247434944563023873
1252230146494541826
1252317517047050241
1254744715263725569
1255141930213584898
1255210176266661888
1251251287993303042
1252253468326334464
1252977402596204544
1254369955388231682
1255194115408617473
1245969091405459457
1251156036175532040
1251815107102900224
1252241103178399744
1253245364242731009
1255142224746049544
1246118990512107523
1255236697031352322
1247500914971246592
1252239668780859399
1252257014429908993
1252959138231058433
1255557461777383426
1246063256143306753
1253393880667639811
1247569830699339776
1252306381656461317
1252636831499407367
1255159441357504513
1255202623533092864
1250899336428490753
1246150476724232195
1249288518540591104
1250841384510091265
1252957544756187137
1255188829432090624
1245721111033241602
1248296249104764931
1252196607866667008
1254349133525245952
1246387229787906048
1251860477216423936
1253318174352855040
1253638805908832257
1255128430129090560
1252282394268315650
1252964206548262912
1253050946734575617
1255188893940551682
1255541196778340354
1250065775714545672
1255041139813560320
1250377607062925312
1250830112670527495
1251207359613059072
1252238792779538435
1253056272410316801
1255177322963050496
1251822840841723905
1252967037640605696
1253030811173076992
1249031053383172102
1254010124257067008
1254242312869285889
1254886800902029313
1255131746162507785
1247553424394158080
1253025777932615680
1245405818272403456
1252182274965221381
1255830629742231553
1251088214015827968
1265598049251995648
1260135624369209344
1276055099308113921
1277678453593124866
1276056036185534465
1268585211929006082
1271364055001968640
1273282561645645825
1272942046484017154
1271333746331938817
1268484732301475840
1273339646072762371
1270064573610065921
1273166017909477376
1272899713902227458
1267479154209013760
1273265475204591618
1273297568278220805
1272921703925067776
1273285278975680512
1272278994730266624
1273156106152525827
1272121077674790914
1276198613153198084
1277652266674241537
1268152274599260160
1268275018728968197
1273911408887906305
1268982862600118273
1271824011845144576
1274064031188426754
1273613122557878272
1269996668856012800
1268123642006851584
1268859901511643139
1271123824105455619
1272858910475661314
1274660326257176582
1276218252612558854
1268533726717280259
1270030741683032064
1272977609996017664
1283345195506044928
1286667005462970370
1281225115724890114
1282744652584624128
1288026294597251072
1284231400766537730
1285202752059117574
1288069078888980481
1279663088627781632
1289264564698259456
1279107159620550657
1286618795084218374
1287005265208975368
1288082120590721026
1288406763763630082
1286626744934502400
1288093780969689088
1286618584450555906
1285200174151868423
1289143548915351553
1289274631380033536
1283344394138066944
1278275796076056576
1288017485749465088
1278279672149786629
1282240305022955526
1282238882772324353
1287339994860879877
1284043826248769545
1288476273602428929
1281589562809167872
1287022958465122304
1283413284696264704
1289140386359902208
1278274572148772864
1288385238725464064
1296586223163711490
1299253439768047616
1298944125618794497
1294017318616551425
1291806335001079811
1291118222109036544
1291713165143810048
1296492936839016453
1296681539946704896
1298525845489889281
1298726918842286080
1291499090228936706
1290927252499292161
1297964390885384194
1290966371694776322
1296537491181383683
1301160793384288256
1302935190600388609
1308456049192689666
1300797570210381825
1309403999393677312
1309206120590962688
1301193078875844621
1308078702253797376
1301459427078397953
1310604665197924352
1303427890462195713
1306527961403863043
1309484211267604480
1303370009973067777
1310147129462132738
1306659189603868672
1303996728706838528
1307617088501055488
1307970549826695169
1309040729310756864
1309931050513190914
1301243511161917442
1301803917794312197
1310145726442352640
1307603851806113792
1306600667969212417
1309135218624823299
1309473482586157058
1309942583423049729
1308347334967910406
1310532938556157952
1310994754478407680
1310632661778608136
1303971343533305856
1305954551074299911
1305450487542689792
1301580859850530827
1306131445988159493
1308431090386956289
1305900798413545472
1300676959379361792
1308471146367549440
1306620564581347328
1309236425175511048
1302937922019241988
1303973209734352898
1301096969641906177
1310529201146081282
1318186337116237824
1318956993802096642
1318164299949506561
1318954946931290112
1311714782421098497
1313783571186843649
1316453779550732290
1311748068467970049
1316370959406948354
1316715684278210566
1316296802593894400
1318810432161910785
1315632160020353024
1321433054066348035
1316041639572508673
1316086888810393607
1316346759883436032
1318123551539531777
1316463798417588225
1321874767553699847
1311967462670430209
1315744168451473410
1319215064029814785
1318861077451542528
1313168433387909121
1316116507496251394
1312814746505285632
1312802606188765184
1321474900201250817
1314249397463658496
1318598174748147718
1320679575886667777
1322246906987380738
1322246492669792262
1332310837982343169
1333369148764786688
1331289170132803588
1325891022287761408
1322871171633815553
1324416214526054407
1323955488082534400
1323339176197136390
1325880849582206976
1324090073818845184
1328717462163099649
1324295428205125634
1329802225665904640
1323573680169984000
1324019873865998337
1326142789541834757
1330621507458961408
1330907201943252994
1332324493004595200
1331883773206597632
1326161492597739520
1324287236066652165
1326192146664316930
1325817089664446465
1324788859687915520
1333533855354155008
1322991801792262144
1325818783328579584
1323247034875453440
1325841992627220480
1326143691019456512
1328740761962209280
1332398965480976387
1324089044175933441
1324283494739136513
1324772704973672453
1324034806552924161
1323393033392578560
1324682858817032192
1328735412307849219
1325798753589190656
1332633527150632962
1341472553056030723
1344229471432400898
1334166973501104130
1339951301791277057
1339202544585863175
1338464285849214976
1344708466984812546
1334955523192614914
1340983585889787904
1339870552895401984
1339627177835425797
1335898786221142018
1339281247361769472
1337450177758695426
1340979700152340480
1333774565038755843
1336360119848853505
1334926890134593537
1339546590957191168
1341059608782245888
1334265979547885569
1336204175731027971
1334265136555626496
1341127564606263296
1335539852134264834
1339304307267657729
1341745658655629312
1338431272675389441
1338540591165169664
1336405202816163841
1339678012523098112
1336066136992079873
1339191666306113543
1333863566814961672
1334166377142292481
1341756431746396161
1341101136896544769
1335907525343010816
1341054409149706240
1339559948573958144
1333826911504642048
1265598049251995648
1260135624369209344
1265590147527184384
1265337604423237632
1262480578084892672
1263172638433632256
1263179061536403457
1263079829131444224
1266308446762283008
1264472289980145665
1257404631207931904
1263206081255391235
1266381849938530305
1258418771435360257
1263034406387748866
1257964759938404354
1258336829029433344
1258353463987232768
1258319515634540544
1261355669623459841
1259781337365577728
1257717919808618502
1260548092782403585
1265973169128497153
1263413556550275077
1264663615715639298
1265574884370985121
1259420068875776000
1260578810786914305
1263057748025061376
1258470049616138248
1264977319799795714
1256886350814609408
1266379911222177792
1256646645623783426
1263484023759949830
1265989320734846976
1266070138509504515
1266386367602360321
1262473031689134080
1263404208432336896
1256954065113812992
1260225344637894656
1263039824031813632
1263559555746848773
1266381323289190400
1265582410307186688
1261941059430612997
1260618246019076098
1256305871673409536
1264209450002518016
1256535014487003137
1257963490209411074
1263059708430123008
1265944200815751173
1263088387528855553
1265570902256869377
1264252266497880066
1265575689002065921
1266789575122391040
1262387474740977666
1266253754828853249
1263499834268487681
1257317453467578371
1262815283460227072
1264977311180492801
1258341498879385607
1263071688142598144
1267024095507513344
1266429227043356675
1263049791929561088
1263120129379926017
1263167353526730752
1265575250219208711
1265696861807149057
1265020571546501122
1261203322184351745
1264168989024026624
1264657866872455170
