1186692730598109184
1183559362125717505
1182747699797475328
1201123399474515968
1215709942142947331
1221221245057994752
1214555658000842759
1233393303959240706
1233801387567435779
1228671536896380929
1224303340944797697
1234863529225789446
1236587502686932993
1240099656777920512
1242439029368541185
1237928365786574850
1243288887809671174
1244023984536064002
1234872600410697729
1242550509703233538
1240988762332635137
1238247054742347776
1239967825915076615
1244442458450206720
1234922580768722944
1236492092425322498
1241747225878974472
1245004985135517697
1234822447947558915
1240311288208789513
1238556255255494658
1244949828947320832
1242125780685029380
1242437217437519873
1242790096803368960
1236405527749459968
1239945066854170624
1242200771929800706
1243623555348287489
1244955618592673794
1244438886127935488
1240743628772966400
1246208952204853248
1246179937712832514
1254210515515015168
1252583472591507456
1247685423079591939
1253232298964717570
1245444088528330753
1246421187774672896
1247309585221857281
1249841619425210368
1249498830799855617
1254806781970259968
1247891815673393152
1249770629970251776
1246407411398856706
1248722190792613890
1250733718521724928
1252278625421930501
1246027438750142466
1247196510980395016
1251632365329428492
1250405786855096320
1251895068295905280
1250481695393902593
1249659875950563328
1255907025583734784
1250060029090320384
1255918358194802689
1249778398676881409
1255246177269960708
1265404898990067718
1266447233869807621
1272975236011626502
1274767084652724224
1276544071490732032
1275478782514790401
1272209203877367815
1275478285510684674
1270398712825688066
1276555691034058753
1274398736651870208
1274473898600468481
1275873827252318208
1275467170147950596
1276571444869320704
1278037354121494529
1268601277333692416
1277724817878327297
1277958533317869568
1285249353028902912
1285268254517272577
1279464206451048450
1281918195046264832
1280513244503908353
1289210833143074819
1280577093269630977
1283803326728024065
1288572670166970372
1280587910371332096
1280961321748447232
1278707830380470273
1279481478120955909
1279097644795654144
1280486188940439553
1282647124895649792
1287874926347599872
1285409199904698368
1280477684422905856
1279416198397132806
1284206130902728706
1298729856428060678
1298401489015255040
1299012409898737669
1294283097278685184
1296071934380302336
1296928061305376775
1294604527753203713
1292554568128110592
1290271295821590528
1290305944887283713
1296480741237444608
1294495350020087809
1292807097785221121
1290305358695628806
1300140557671555074
1310190508065591298
1309617246206033925
1305448590358097922
1300780546235273221
1305589871294263297
1306314412161081344
1312078156598308864
1321962936739549184
1313539193050730503
1312037462508744707
1313468525055442944
1317831712873787393
1321912781784961024
1312890263912812551
1331580772516556800
1332424105556140034
1333336215655997440
1326865105003433985
1324744818673811458
1333882536355880961
1335337850339008514
1336072507267407884
1338579808687681536
1336783958705659905
1336406446347579395
1337059520284127232
1341012522531508228
1265404898990067718
1266447233869807621
1256987845237104641
1258840863544836096
1255986847882162176
1258777464953802754
1262784851499003904
1258071766615953409
1258070293790240768
1263993039451648003
1259241807625494528
1261368788819329024
1263488756750917633
1266862318954131458
1257611039094554625
1261396452976128001
1256210622582272000
