1182735003568005120
1185921714108207104
1210360916899962880
1203482656786255874
1206635577770045441
1204835756319092737
1233754095456063488
1244829285333991424
1238948105959231489
1241107472087158787
1238874116758724608
1238627264797069314
1235266731796463618
1241943732401745920
1238636851365175298
1238629838723964931
1238667460661907457
1238894871861174273
1240308080098725888
1238647118497079297
1238651304442056704
1239632788338466820
1240461226301370368
1241122571552161797
1238841166352846849
1239017442019401731
1248844449549029376
1245678818829963264
1246974321916022785
1248767774811275264
1253209524539928578
1249097675741351936
1249736672092323842
1249861628536819713
1253403279700234240
1246745218482913281
1245718326954741760
1255920055092686850
1252394142816059394
1245780563874717699
1246082893908078592
1246663624640380928
1250297814732570632
1258494166524481538
1270459794466406400
1269071595810836480
1285611248118308867
1281956424789221376
1278231164520669185
1282147692605562881
1286397533862928390
1282070936578072577
1288921992398172160
1304102663815077888
1310783874696441857
1301612187392368641
1301379403046363138
1303875843794632705
1309581326295724035
1306696175853154305
1301702780311269377
1311028163925938176
1315101063788322821
1316288836180357121
1319159665280778240
1318977263392542721
1321295295817359364
1314249846564556800
1319840414866747392
1321572820321771524
1320459368572354561
1334506454020198403
1344382007548260352
1258494166524481538
1260651183905009671
1263339493689626624
1261014477740240896
1257345516360343554
1257067520198148106
1258907236388212738
1260631252069158915
1258854033680408578
