1200784427468505088
1214841394529021952
1244327674136408064
1239200238142799872
1240445120580694016
1241412519853318145
1243152610925969419
1240405620634902530
1240359191908319233
1240341688649998343
1243083731893538821
1252673558943281158
1247155505480556549
1250589112211570691
1250009562415091712
1249718545967124483
1255263520712798209
1252813103470804999
1251412904428986368
1275214498366918662
1273495489095372801
1268012613180456963
1268017847961296904
1268735450862288901
1288247416387493890
1288318501623664640
1290725719304294400
1298668290894696448
1302471246760697856
1302518997955555328
1302549814584864768
1307811892203859969
1314237748665028609
1313104668604719105
1317576562988871680
1340067503880482816
1340769839351291906
1340962840266608640
1339271728384667653
1261657319856836609
1266729588002115584
1257729266713628679
