1182088101574766593
1179901712179613696
1187017826118320128
1183560929151242241
1180129092810809346
1197635553723899905
1198745198798524416
1196648768923406339
1193562213124124672
1204343000803028999
1204525798834786309
1214661234626367493
1220810806243348480
1220757540990017539
1224042304513675271
1243530754640039939
1240354288305668096
1241721040016998403
1242178771903528960
1244693806995439623
1240795950337200128
1239040589175435264
1242135483284668416
1242989091261534209
1242637185074876417
1244716897284874254
1238889866596933632
1240761213941735425
1238970682538590213
1243530360971046918
1241132382067048454
1238098290983546880
1242183776844820488
1240337173162778624
1244418568885882880
1239185331813048320
1240795732141015046
1235969598572412928
1241094318829568000
1243621074459406337
1239022996876034048
1242983370344275969
1243900653010931719
1243962565174145025
1244843397350916098
1243637249763229696
1237378424945225730
1243537340879994880
1236072820972695558
1240265076063588352
1235943030911168512
1238368692221513728
1242162201135403010
1236067562854772741
1238937681444450306
1240659751077363712
1240821428926189575
1238284237448589312
1239030310341246983
1242933309845524481
1245096807039938561
1251209738454474759
1246833531784962048
1253141056088129536
1252197070343151617
1250103378312601601
1255143986022412290
1255518110532198400
1254684178286706688
1251901987446112263
1255523303298674695
1245415891661213696
1252702649025277955
1250861879666200576
1252611136748490753
1246054927622905857
1251177257797910529
1253747787553898496
1247590559948189700
1250122319034531848
1250136743241801729
1247593251596464129
1253527741783302144
1250871794577412097
1247576680228683776
1247983777474850817
1251321604753068034
1253036605637615617
1247554015879200769
1253615997522718722
1250106661668360192
1254885597623341059
1248774223566270464
1246541803404161025
1247597239951855621
1250088693303517187
1247197358594588673
1250434101313564677
1252260485249941504
1252260485249941504
1250477373444644864
1251208807339843585
1248476868417740801
1255924144564252672
1251182580680048640
1248686442265616388
1247206157862797315
1252240168142110720
1248680012653514754
1250433012090585088
1246074454456893441
1248349667932491777
1250811978022617090
1250897548035973122
1245849477740716040
1250051622434111488
1250062466303905794
1255592194066571265
1252687190229790721
1252360848422563847
1253542044112322560
1250412930308476935
1253809407449858050
1278015363490299904
1273351619229425664
1268639563007889409
1271084858584924166
1273246199840153600
1275424291920793600
1276320523253723136
1276147634458308610
1273614552450637824
1275789767603621888
1275942269112201216
1276136954619293697
1272904763294785537
1275765203590930432
1277973626004750336
1274070246941503489
1277802276619313153
1276165283179364353
1277585105666535426
1276217487730921483
1268184434777493504
1267214271286558720
1277958093436002304
1271430920927510528
1275550700412559361
1273220808312344577
1272889414449082370
1276482225765310470
1271134519094018048
1277634470921854981
1271081089700958209
1274569251894915074
1271066729175756800
1289161399428689922
1288131490115616768
1288229944858775553
1282668934555152386
1283861753378545671
1283480959464214528
1285585253537644544
1287772524357595139
1288462083567181826
1285955793196654592
1287776030300811267
1288082274416832523
1289274632714031107
1286032993576837120
1285935295628750848
1288625287962533888
1283619427490189312
1280172032999583744
1278384204443721732
1289228752489070592
1286369739833356288
1278335266827022336
1287775255008890882
1286369569708412929
1290327696141099008
1291402456820330497
1290345925072822274
1292182042575331328
1295103666693775375
1297993838984912896
1292873458808913922
1291021010498736136
1290290072541999105
1291742166931460097
1294084383725551618
1295141037934096385
1299835814692651013
1294293840585723907
1290280015792283648
1291889934064910337
1295411929763196929
1293523175347814401
1295752926925934598
1296920412702625794
1293973423400595458
1294024430344052737
1296484724530122752
1294349077853999105
1293593293645848582
1291791047333470218
1304449622803275776
1305612285721931776
1308192231396794368
1304063687385321474
1308420803445260297
1303368504373108736
1304078734622941185
1306679689906401281
1311114715880456201
1310577007424569345
1309666129737023489
1306046308382318593
1303115959532744709
1303115514831667200
1310977652287778816
1303174384228675584
1311300365858603010
1304510404249358336
1309150363937837062
1306686002313015302
1300921854199083008
1311002117310746624
1313851562289254400
1321098402768310272
1316831302717452288
1311758418173198344
1311702373140754432
1318247062270406656
1316152415083802624
1321427267944402944
1321465798368677888
1319383202214064129
1318896451745959936
1320820751176445953
1321444996348891137
1321884813654110209
1316149222698344450
1313596144526688256
1311691760377176070
1318964423889924096
1322228325750837249
1319278045312684032
1321502054033068032
1314575676884877313
1321178358613508097
1318673346972758016
1321073895311626241
1313596137773969408
1318901349023510529
1313859639876956160
1319620302427521024
1315729980408692740
1313213541038555145
1321876238303154178
1322534429219266560
1320742129564569600
1314554095710146562
1319455613097811968
1314024620102647817
1315646424021954560
1322244465889841153
1326895660558376961
1329255577961246720
1327419126483193856
1329156717570117635
1323057817876602882
1330951500437225473
1329100392240713734
1328909719210127362
1328518722185736192
1341780620494704653
1333823912568909826
1333834432722202626
1337061446576975873
1334158633232371712
1337058397427032069
1336336523965255681
1334982240896507905
1338593738029936641
1334151028615368707
1260965626937520129
1256415910669123584
1263505906005917700
1257697167206121478
1256607130695630848
1260920020328222721
1258214393906696196
1258472016769933320
1266042820193910787
1260257250645508096
1266519914589888517
1260023313339789315
1262767667431247874
1259955583748239360
1264429153895538688
1265293418504359937
1260412544784781313
1264205946982666241
1260202357821976578
1259810947335675905
1257298145010241536
1259918896657838085
1266442855020552193
1257691570687614976
1258049480861065216
1258479775930372099
1262120746370793472
1260935345920753665
1259141073294618624
1261760184516587521
1263322481638719488
1256229951281475590
1256387984255062016
