1193047102433058817
1204880959264493568
1217204751248412673
1216074843009048577
1231496109710811137
1225487309417648131
1240019442836418561
1243871824590635008
1244570880845307906
1243833314672119810
1240010340504649730
1235619724836376576
1236566546597773313
1240777787213893632
1243599420945502210
1246066795850555392
1245729032735522817
1252756128041238528
1247617454819274753
1245431979849519108
1246078805216759808
1246108569931599874
1253311081080070145
1255025340768018439
1245557280352813058
1245586306941325312
1246277932802342914
1245939812722335744
1246000053292056576
1252323124038729728
1245710711080312833
1245871027030069249
1246125949013417990
1247038574450446337
1245705800838008839
1246884873501057026
1247710766020489216
1245718062965436416
1249488496777142274
1254058134907219971
1246057459279638528
1255683859368165376
1245928434443767809
1246571678835990528
1247901195835867138
1247782995571789826
1255758800910340098
1245445510686744576
1249993324230070273
1245879890928267264
1247921268625637377
1255727482038374401
1245724809524154368
1246053993412841473
1246058754887561216
1246500438519603200
1249289047148822530
1252054668420820992
1245745865563594752
1246873453086552066
1247656853472870400
1267878653423058944
1274264338564444160
1271062113323106305
1270660627741257728
1275432909432918016
1270369923546730501
1275430333396197377
1270810866129215489
1270653135581782016
1270759429538021378
1278772847134081026
1280322036309667840
1281815461529714688
1280301996877234176
1284348426520457217
1281546820540411904
1294331897070399490
1289479767490588672
1298673593073700865
1299644281687363588
1291042186168086534
1306204169515270147
1306353998006550529
1322188355212333056
1321585147389583362
1327311673900863491
1329084617484189698
1330422430704218114
1327366127261945856
1329755873883906048
1337232216468832258
1335511289431552005
1262354242213498880
1263081052047912961
1257426443581210624
1262604216687788032
1263360292454612993
1264070811511595008
1262421040464113666
1262545233394401281
1263720847522631681
1262911747507306499
1263714074451476480
1263727611726843904
1259852076718469129
1257988686295322624
1256528887682682881
1262410608332419072
