1186696633712599055
1186261366727938049
1205251547258642437
1238465665616445440
1240375598758989824
1245018262112534531
1241462392766246912
1244715061752594433
1244654141814833152
1243363608718757888
1245070806067171328
1241433201735872513
1241781726621437952
1252484423603359750
1252484423603359750
1246921561896034305
1246101934106447873
1247991694076841990
1255183276878237696
1252682241592963074
1253359212463304704
1247931242286403584
1247931242286403584
1267297068466438145
1276586783443226625
1287698840683008000
1280541965193486338
1282726869931098112
1294738504400822272
1296211748035399680
1295538299298357249
1301254079507693568
1301236800929894400
1310696381179363328
1315515532062396417
1323132970341990413
1323132970341990413
1323132970341990413
1323132970341990413
1323132970341990413
1327335189459169288
1324557960283148288
1339308778295087104
1340841491372134401
1340841491372134401
1340841491372134401
1266034114844676097
1257691323370549248
1265360976074989574
1265840954193465347
1265412913386291200
