1186479232706400256
1186354828999614465
1189205271131721729
1189298830791053313
1179557835065237504
1183350721011507200
1187496471182139394
1187022789909323776
1181875209000964096
1187722165086576641
1179732302164824064
1181623033351397376
1186698295319642112
1182610426099654656
1183463743340109826
1182516278998765568
1198685766492147712
1194389655866634240
1197360580245544961
1197710301250097159
1199774933246730240
1198779800170549248
1192969468928036865
1194328372089937922
1206577296406188033
1206437865338613761
1203064606857535490
1209600060893409281
1207276035659747328
1207579447395786752
1206042717064699904
1212442581424115712
1212229123193626625
1221510932855058432
1233491446268911617
1228112129745735682
1233802695158456320
1233552573862424584
1227728008384937984
1227287099998527489
1233502189454270465
1233628472997597185
1232793356389847041
1228038278294556674
1240311636470071298
1239344228628643841
1244360148560171008
1239295558935662592
1242827387093405696
1235247904777961473
1240800587249303555
1242857983152754688
1240997290480824324
1244651096930422790
1235978647636303873
1238563433345245184
1238564501248565248
1240628597229936641
1242782838002536450
1242463998735310848
1242210547556216832
1243210701977481216
1245000622828589057
1239672057656274944
1238484562310656000
1244737498342805504
1239330415162294272
1244655345483431937
1241481533900247040
1243641642734645248
1245062355047854080
1238559844849729536
1242637675821240327
1235416965415669761
1238485551189123072
1238259707401383936
1242247500670685189
1235249974478176256
1243168324634042368
1239528983525339138
1242851015264616449
1244757512781348864
1238880958717161472
1239347534167805956
1242463565392433154
1242247890736689152
1244655085298176002
1239244618484428800
1242479280090525697
1239280734109491200
1239317982641180673
1239506351543463936
1238142691625422849
1239310372378759169
1244635754149511168
1238880960013144064
1242985971664080896
1238505942418939904
1244270853941940225
1245178599163994115
1247601504279650305
1245375042784903170
1247209253254856705
1246426704542826496
1245446352160653314
1245532180937236480
1245348971054280710
1245813123107270657
1247595782548701184
1246516242082664448
1247606203624181760
1247611447472873472
1246088854010048512
1247709780891676672
1247199149360963585
1275957562324762624
1275875164555747334
1258022898922553344
