1182466824467693568
1182308568801959936
1185149736527060993
1182942828701343744
1186323018076872704
1180275409180659716
1181433287853649920
1181414161978400769
1181984218953535494
1182342627666120706
1188896469706854400
1185924389298212870
1185592280499007488
1183970766901129221
1182765406810849280
1187825409339150339
1182791103340302341
1186364980758831104
1181525183326228480
1182082064935522306
1185728089986387968
1181970205783810049
1193685523585552384
1198630668898578432
1196146741361426432
1197997459739312128
1194067000093396992
1194085977595232260
1199534813369245697
1190568985559011333
1194726635502784513
1193720447851995136
1203469997877665792
1207174653795545088
1211080142119985154
1207048322403520513
1201901060249542657
1204068311933292544
1204677815330856960
1208858761047289857
1202756861851787264
1204492734293315587
1205840617416384513
1202453561520656384
1205878387690082315
1210440675398946816
1204083642043121664
1203303901753204736
1207203847082532864
1208127607553843206
1201314952415367168
1203364300905222146
1210223714329092096
1206237115455070209
1211033089151053825
1206974837454802944
1210341522446704641
1211433595354542080
1202612352245518337
1204197680752185344
1210967148996255745
1204597137889275907
1215682242975940608
1213525636704276480
1215095215733624833
1222392978968399872
1220676560098942977
1214629528934535169
1213535794096422913
1217214556923023361
1214542172873199617
1216208942751256578
1220854411720675328
1213783205427449856
1218763292044353537
1217660498025635840
1222308882837577729
1213203378081153024
1220481842308096002
1215305254708948997
1216520107868008448
1215278218225291265
1216047880286490627
1215422504698896384
1220398754588778496
1213616855119794177
1232844139550724096
1223793926471127042
1224184277534797824
1230725587053895681
1233301733931126784
1224600729576407040
1226330630818029569
1228093506729713664
1232570998710509568
1232665755793014784
1226944585043206145
1231055511677800448
1233629510383259648
1225821712828248064
1232350222510153731
1223830652807573506
1227741177778184198
1223390918977318912
1233109883978993664
1231361779344855040
1226131350098530311
1233790236100038657
1235264420730851330
1237454547871817728
1237890296446201856
1238304526844792832
1238443160080171008
1242513773543514112
1244659359679946752
1244819708400087040
1235226050063409154
1239162246070181891
1240061103515881474
1240673153141129216
1240865904587669504
1242865845958660097
1243372659913543680
1238840562352099328
1239024305595392002
1242537314519265280
1242818531869237248
1242905095353896966
1243914026821865477
1243201055279767554
1243348264415637509
1236514052290932736
1238110039992348672
1238934391792918528
1243692906138996738
1240857851746308097
1242452273827065856
1242870833258864640
1244097699508518913
1235231306692296705
1235975982735122434
1240642952919224323
1240811597477687296
1242141817015066625
1242461678010335234
1242626250528735239
1235449167889088512
1236688884634996736
1240017013314949121
1240483636522242050
1243717444830744576
1244677781092515840
1245065340595376130
1240176600840196096
1242531158941937669
1243542816195837953
1237425483874172928
1239158337071128576
1239282333255110661
1242776925111832576
1242869863011553281
1243213879783624708
1238642236038033408
1239262371325120513
1240873957626204161
1241137195840417796
1242835636417179650
1243358330766028801
1236371794703122432
1239111763511185408
1242162679265009665
1242501933685858304
1242581967050354690
1238115792107065345
1241084347219935234
1243015316604518400
1243743114000568320
1244895708798431233
1245042679542681600
1238610546271948800
1239319214390984704
1239746754167418880
1241091896073695240
1241430123053830144
1242525243295571970
1238518605031133192
1238863247375294464
1242840726729359360
1242861346481471488
1243022867354324992
1243157309775212544
1244276377370669057
1244741206514565120
1244853430151262209
1235677391906725888
1239651278021632001
1242611910211764225
1243564438722088965
1244714447874265089
1235497720510480387
1240065882082050049
1242581712141520903
1243846295724470273
1244710958012018694
1241033032494129155
1241538508885561346
1243338199314857985
1244748178290704384
1236435209496809476
1237075679054680066
1240731213649903627
1235136402775584770
1238125565204283392
1238628663014445062
1240117906068975618
1242851260119879681
1242918428295471114
1244694270952394754
1245036107911163904
1242214291316576259
1244239552216281089
1234889370240307200
1235613814915125248
1238598296802742272
1240991138854699008
1242506214837280769
1242578438034272258
1243966904936652802
1235666960685264896
1238743348422127618
1239285881674096641
1239467197237547009
1242998344001236992
1238484649338273794
1238670941401559042
1240373712160878593
1240680152184565760
1240981215148044290
1241170415755681812
1241185510758010880
1242133768569307136
1242817280091668480
1235607967770148870
1240787408154775552
1243691778773061642
1244299034606657538
1244625942095503360
1235957820610224130
1236080625976848385
1236402578688299009
1239217850038050823
1239386686955667456
1240370904825303042
1241063226059763714
1242998709224431617
1238520484704157696
1244622185592803330
1239942092266274823
1241074712639426563
1242109604538077185
1242230396298956800
1244114789837631488
1244434989875449859
1234955455501389827
1238239010029481984
1240417962126749696
1240896104004288515
1243368395124457478
1243563111224877058
1244715024339415049
1237823858872180736
1238947662822436866
1242905294998552584
1243327092785373184
1243603707478016000
1239948386427641865
1240413175343919106
1240855809636085761
1244985389930164224
1237544518175477761
1238329692744228865
1239694187076792321
1240525926363992065
1241029768344219650
1242812839703740416
1243188211884703746
1235723688613470209
1241376532473565186
1235195946260197376
1244258551775838212
1244407495952646149
1244708495930339342
1242977450528776193
1243785895079272449
1239023058180079616
1236782498090299393
1238140953115983874
1238146373125419008
1240679459965018112
1242468276267102208
1244662677089198080
1245016051701538816
1240300431437414408
1241309578492510213
1242911429637914624
1243640443646197760
1244725454218629126
1237390019108548609
1239934125227810816
1240729006187646977
1241203629928910850
1242968501779943425
1244915640063930375
1236070247414804480
1237529167035428866
1238529027062841344
1239717169362952192
1240299045156990977
1242558053947490311
1245095531485020160
1235728986619006977
1238658862435250176
1240980002969190400
1243058100556488709
1238768384248090626
1238772863387262976
1241079785494732800
1243617281202180096
1239233528350404608
1239594354534219779
1242521315405443073
1239532618535796736
1242862935203954688
1234707425565036545
1240289138189856768
1241059707332096001
1241377275930697731
1243248109884448769
1243705138763702272
1244793535750160385
1241505620928475136
1244797560251768832
1234971662522568704
1235579580414660608
1235999069857665024
1236062508659679232
1237527217900412928
1238124156190740480
1242516278222286848
1242596811019255809
1243328131735457795
1245416058279694336
1246266240055853057
1246281338656882688
1246609290632232963
1247186809219579905
1250434715774943232
1251807645662507008
1253375236671590400
1254826148456009729
1245928011263664129
1246003508253544448
1246321697260740608
1247248714755911680
1248452396071571456
1249957399005454336
1250870194265882624
1250944063098040322
1252655096388898823
1253523769534095362
1253873218038853632
1254906675678584832
1255887972869779459
1245396512680673281
1246085058265571329
1247929470041952258
1248423706163994624
1248483097198256136
1249922833444147202
1250253336508428288
1251159232398757896
1253600074682241026
1255911297167884290
1255957921285824512
1245171023558909952
1245558576309043207
1246144437597753345
1246243455497535489
1246379486607785984
1250498628956848128
1251640462546477057
1253049204810924035
1253934769408278530
1254923787054854145
1255178770551537665
1255246413279232002
1245119208280604673
1246085055186862080
1246165698440843264
1248442831234117633
1251156645008179200
1253538835490762752
1247665964931563522
1248870239590395904
1250137496656076802
1250196637584146433
1250229858254360578
1253949868743196672
1255684800742133760
1245436274233741313
1246756527119138816
1250798751188475904
1251133297293438976
1251275998118596608
1251867295346982913
1253183065851133952
1254102884683329537
1247819474012692481
1248328082194419712
1250550657347661825
1250986342609301506
1247269861614661632
1247809407502577667
1248531415584649216
1250060583073910786
1250809316677992451
1251456438884618245
1251977498377756672
1253395728736628736
1253451081100726272
1254622055229775872
1255418810615693312
1255963998845112322
1245416825824800769
1245526137775837184
1245882715381039106
1245965759462940673
1248253845320368129
1248414143603826689
1248653842855706624
1249698266268209152
1249848343087505409
1250430437995859969
1250444272387657733
1251198498076340224
1251967808260526080
1252306288920403968
1253110589905416192
1253371096864362497
1253565336206663680
1253778768470192131
1245524351685922816
1246349287325401088
1246941438635577345
1250979294895104000
1251248015689613315
1252430104757628929
1253078379408089089
1247562023245758465
1247589387224915977
1248293388757143555
1250240928658358275
1250307368790839298
1253460649302163458
1255533185103994884
1245915732803641345
1246813154593685505
1248365824848662529
1249739035125248000
1249959072054599681
1250438232623296513
1251000434300510208
1252279646680473601
1252470369547694081
1253452594980282370
1253700350449577984
1245507240242675712
1245532912541458434
1249729570762362880
1250856490312892416
1251331867627982849
1251402387048325120
1251532186467123201
1253006284871344129
1254374487870578688
1255943304325275648
1245738633329549313
1247637838662897666
1249467680442191872
1249478153644408832
1250158387091865613
1250252001952370689
1250916979252199424
1251028620178587648
1251636567438798848
1251818888809103361
1253369563716243461
1253742259918512128
1255317853714210817
1249758750736412672
1250440595408994308
1245463143523823616
1245988410373931010
1248702559860281346
1249349807061241857
1249896661284945922
1252797022450659328
1253415355038367745
1245178573020938241
1245935560138665984
1245943110695358464
1246092431726186501
1246503554510196737
1247401720642179072
1247429403572875264
1248775020089954304
1248803708940496898
1250616861001220100
1251348981231296513
1253428560158527493
1253771695292284928
1255186017809825796
1245515797407109121
1245550020583141377
1248077423033360387
1250445537582682112
1250559025793708032
1251718432061558785
1252480435738771457
1253879906145931264
1255959614522363904
1245381411353309186
1247644824284663810
1247789275472465927
1251358543451742208
1251682678912552965
1252859286989860864
1252962009651441672
1247915364719177728
1248006960881926151
1249145964377575424
1249766163900334081
1250072587482382339
1250808008046776320
1251150951102033921
1251178872726585347
1255874966354042893
1247731393242767363
1249014230029930496
1250068846960140288
1250480255170523136
1251368106225778697
1252320383149228032
1253444543405580289
1255917339784159232
1245933404689813504
1246347738175979521
1248433269168672768
1248518833071063043
1249750221942411265
1249940953475014657
1255722549515890689
1255923392269750276
1247894510824087552
1253792840615956483
1246200811807543298
1248372649639563265
1249103686212739072
1249431092253384704
1251191964185366528
1253074509260746752
1255561491761319937
1245467476953116672
1246228994082603011
1248373892185350151
1248610555092291589
1248630084166172672
1249282112647311361
1249880556009132032
1250552130538221568
1251396795642544131
1253694532236873728
1255264532009832449
1245110627502379008
1245428231001509893
1247707150719184896
1248766967168864257
1248843974665789442
1250851891644256257
1251645799278280706
1251841979480256513
1252751723883610112
1246313496939241472
1247191380973236224
1247348873208705030
1247918380058894337
1249759365772578816
1249771905902657538
1250850451098042370
1252760783471153152
1253070327422357506
1253908612096954369
1255393380760158215
1255582131423756288
1246273790830673920
1246745459173056512
1247766626851684354
1250079885672042496
1252996844893995008
1253336830767853568
1254539567979474950
1246117792119762950
1247561777019326468
1248406090158452737
1248813271815159808
1249737193825816576
1250254582191554560
1251035666126909440
1253118641358409728
1253815991181750275
1245980858919632896
1249492196161544193
1250825724795248640
1253714404862025733
1253737293191364610
1254606984080433152
1245735883925598208
1246258035451928577
1247319177410609152
1247409270624260099
1247624940494262279
1248140337849171968
1248317509264117762
1249466074460028931
1251069216700194817
1252615839108472833
1253806668506230784
1254889562087788545
1246172625933606912
1248694492624031745
1248854545117130752
1251235428595892226
1251605452250628098
1245567132383010816
1247561579714867200
1248822834639634432
1249201136625692672
1249795817617186817
1249856395794669571
1253158908157444102
1253484804282212352
1245405432144945154
1245541464513417219
1246339224141529090
1250166363416481792
1250646966184247297
1250908004423213056
1251237757512552452
1251473736374595584
1253933524505096193
1255330464153374724
1246097666238529536
1248664932595281922
1248678903834648577
1249026640987828224
1249771377416167425
1250079635733393408
1250791859191984131
1251014527036141568
1253376654325485568
1245254069251440641
1245712742381584386
1247220540479283201
1247708744529707009
1249773854328868866
1250097989135319041
1250566072182484996
1254819116516605954
1247595500074930179
1247618914218991616
1248389984198914055
1251190170399002624
1252834268494958594
1253142801031794689
1253605599826370560
1245186122533273600
1246319088420499458
1247588461550452738
1248210081306550272
1250635042231144448
1250808172207579137
1250845173774499847
1252255005165400064
1252366687317274625
1253581441176387584
1248070377689042945
1250110163912200192
1251229424017649665
1251294120750067712
1252642023896764416
1253373157324525569
1255149913945436160
1245444333597310982
1245950659792375808
1246236041905930242
1248368596637622272
1249996095624749056
1250462391248343040
1250565547902844929
1255369306910732289
1248077879562211334
1249309039303016449
1249533586891472896
1251301669889093634
1252014868703707139
1252657889023528968
1254442197975474179
1246288888169193472
1246929359367266320
1247723844015656961
1250587215106904065
1252287729121067009
1254504524900950019
1254770945845157892
1245404061341532160
1247193351608295424
1247231566956265477
1247874046265622530
1248035145933873152
1248718657661874182
1249746181351182340
1250263075489484800
1250792791111680000
1251231456220700674
1251279048476672001
1252978522613637120
1253231384308613120
1255423579979685889
1255535055109328896
1245713199233671168
1247950594314252288
1250552005904474114
1250625462994427906
1251702879573991425
1252806081258098688
1253613655154929664
1246311538773970946
1248341674302078978
1249891016275947520
1250539599459311616
1250814224084983809
1253686386995200009
1245387297945763845
1245388961004093440
1246048179616972802
1246076002721091584
1246971637834153986
1247651870866395142
1255760298184712193
1245729114738364416
1248670334888312837
1249718490858168320
1250218785287688196
1251088766350942209
1252070232425930753
1252668175621201928
1246221947723296776
1246273114360684546
1247623685667794945
1249363850442338305
1250616391260086272
1252118629098950656
1252359135372460032
1252440171041062915
1252460303402631168
1252635462101073920
1253055731546435585
1246199982094516224
1247781725930844167
1248436628324003840
1250185567490445312
1250561143896064001
1253003411374686208
1254551583045627904
1255519211356655617
1264323976546988032
1257118496695123979
1257767046240231424
1261112184047898625
1262086231334232064
1263624384180355074
1261058960737603585
1263135042726842369
1256253706909163520
1257456475510882305
1256630052747345920
1257328892475555841
1265827383703191553
1259970793251000321
1260732311328428032
1271559129421631488
1268284071559475202
1270209255216480257
1273390216246636545
1271095600474357760
1276328831247355904
1271080429177712642
1274014873953824768
1275954110362247176
1272913325731520513
1269024102246871040
1276172277155893248
1272604898870398982
1273293581739012099
1273034120843624450
1269172772279853056
1271122018881208322
1277749950663864320
1278066531352657921
1272593720408408064
1273366539404746755
1272730115705843713
1274378207345721347
1269169152394223623
1274295389017997312
1269016148235956226
1273313976412078081
1270431147382710272
1270186103660830720
1270428499845607425
1274181648523776000
1278077283878809600
1268647215540719620
1276445851271954433
1271481897823219713
1275737949892743175
1274046543365050369
1277771208755253248
1273653777808097280
1267711547641659393
1271669863703105536
1273687678681317378
1269047199016595456
1273705804705775628
1274180992400424960
1275315678996623361
1273060451740508160
1273705139891830785
1276165786558697475
1267881171603595264
1269813583715749889
1273294787484016640
1275891690780442624
1277676488784064512
1270387878938304512
1273745461254303746
1273072877856854016
1275920258172362752
1275451552069632001
1272949574177611781
1268639163299123209
1267829391259602946
1271692277447036939
1268767002715439104
1270111374207856642
1273766196349984768
1270741739800801280
1267517745232519168
1269161099963875329
1277770077962633216
1267542910976786433
1268803241816489984
1273850750418980864
1270376084576645121
1270721144652304390
1273709016913305602
1269333987870289922
1273822564331257856
1270845952656539651
1275076581115916289
1274096874908258305
1277735498119819273
1274001246412816385
1269032251465117701
1274148043521003521
1267560003684012032
1270077390518128645
1270237441644007424
1270953661234118656
1268916752802512896
1270754197940600832
1274423523298226176
1267554048338726918
1269024201530368001
1268933427602087936
1270616188134006785
1270599074706833408
1269153046245801984
1274450414696628226
1275579896761384961
1277631047686070272
1269224571955286016
1279007547979169792
1284403808467128320
1282123259362893825
1286674003445284865
1282061284066963460
1285453705328959489
1283494297824890886
1283923371923775491
1283797553503514627
1278878802786037762
1286178565277376512
1286892414855262208
1289264317947424770
1278762255677566976
1278709055121494016
1280671444150751233
1281633994933592064
1285256419378442240
1281833601479442432
1286118853999763457
1286993688120483840
1288850844574785536
1286831282660532224
1288640202374881281
1281423146801823745
1280661881104064517
1283486816155373569
1288748612462272512
1281032069951434752
1285947213588369408
1287423183222648840
1286125884873875456
1281409054414438401
1288978683248758786
1286870688368701443
1283769706093129728
1285444141850271744
1286353388523982848
1287121010790215681
1289229085357613057
1282919507175124992
1288584333675159552
1288499275010396161
1281382881596788737
1281447594422603779
1278566574652297216
1281457804839182336
1286427872861675520
1281271652542791681
1280512401654403073
1281409855530708992
1282874711639232514
1280153535687131137
1283906036844204032
1280954811324575744
1288129841871704065
1288621550242082817
1278157126548979713
1278721994524164096
1278860764011528197
1282732791294308352
1283064324102201346
1285534815060713472
1286015037769945090
1283116166009872385
1285227959830421504
1283161988294537216
1283405120496173058
1283999875957436417
1284135274172354561
1287182917106454529
1283269815444967424
1281742001763954688
1286281341668073473
1286352816693481472
1283777921333764096
1288220440264138753
1286333780245061635
1285691623351947264
1286039316272160768
1285975502264561665
1280350361774100482
1281759111944732672
1279586607818039298
1280521968907927555
1288300458029744130
1286087379414122498
1288656308288344069
1282912964052496384
1283275603760881664
1278714300119597056
1289002890904965120
1280169704703705088
1283818180012638211
1281592671929344002
1283094589998600192
1281376346153910272
1285980905924734976
1280544620951322624
1288848092092084224
1280746836735586305
1283805597490647041
1288157268626804738
1280515661081575431
1284946864350126080
1279813075672150017
1280161083672707073
1281252023548157955
1278851703379460096
1283456046766252032
1278362785618018308
1284433734482173952
1280898217559896074
1283343551066189826
1283397255194726401
1285980443490361344
1280895990376157185
1286336836084944896
1286786234342182912
1282676587125760002
1287196689489702912
1288505345980194824
1286464616667787272
1288966603032481793
1278465920202158081
1282686228421316610
1284130313518678016
1292152118896472064
1296599654629433344
1291562210251112449
1292021985623642112
1290649622050934788
1290823587402637315
1292406306427621377
1290287428494749700
1291535026681794560
1296516605296418816
1294051236006641664
1299449683249688578
1295728416679964681
1289733404779360257
1289507165183422464
1294319445171724290
1298710819815923713
1293686958154305537
1292557810757185538
1296823129843564544
1290419697666723840
1296089549039448064
1291195791571398657
1293964034954407936
1291026680514072577
1293226923544309762
1291757199312728066
1291168612988878848
1291897666633433088
1289758571115102211
1294427839022989312
1299737722509094912
1298636755470553089
1289391150172762112
1291907229373915144
1295936168920399874
1291047820384964611
1299430611363401728
1293910445951037440
1290931046427615233
1293337915263791108
1290724649081294849
1292512717409058817
1295380396926894080
1291186732348694528
1295381625514201089
1297931818772045824
1298668071176085506
1290653978934554630
1292030556776038401
1298293566435921921
1299361266323075074
1300500098359664640
1291154033231769607
1295443401140297731
1296230474050928640
1294083828210970624
1297161576810598401
1291033765167464449
1292526814024404994
1289379070988308482
1300455679119863808
1293212446648201217
1290433900603416582
1298286039681949696
1299185437995663360
1291863441653878784
1291855891503996930
1299522156972388352
1296061385814810624
1294118047209398274
1291013098418118663
1294303527607705600
1290660265265176577
1291780397651591168
1291401672103796736
1291878540674293760
1300455310533033984
1289354911591755776
1290807241759653895
1294832025464188928
1290725943984549889
1298853248397389824
1309173755982352384
1301299115981246466
1304174811963293697
1308582356253581313
1304060834856013824
1304105066698362887
1304260629155454978
1307002202607714312
1304440065758765057
1302029176158007297
1311045076982915072
1301528632947601409
1306466438874447873
1301234701944926208
1303708504889454599
1308438429093502977
1306243453865648132
1304985701990137857
1309165709222711296
1304455163164463111
1310955247079247874
1304503838158725120
1306019722077646849
1302045284218929154
1306250496634769410
1311422322264412160
1304236470375534593
1307005033649643521
1306521276190785536
1310366153030631425
1301379142835937280
1305553661867651072
1309222571376865280
1309926543515287553
1306380434679398400
1302791671088738304
1301155018876293120
1300835558759960576
1303369410963537922
1301184304387588098
1308806839266684938
1302804534297796609
1304675613693956096
1309586354125168640
1304723932914819072
1309294549659942912
1301943253076500482
1307184126240399361
1301360016646197248
1304462722583719943
1302021133001162753
1308555043524825090
1305759254075322368
1305508693614768130
1310616010790244353
1308574305857548288
1302503513683980288
1304121247190704128
1300578118202273793
1306272905328766977
1305521845718978560
1302219933032632320
1304096114023391232
1309240444748955658
1301194434781024261
1305528739699269632
1309717082997698560
1311047854887231488
1309705507691810817
1307094303244779521
1311055906461888513
1300949062036979712
1309538112251584512
1305989244557484032
1304082962732986369
1305890431788482560
1311313658060976128
1301916457492717570
1300904777321246723
1302037233634029568
1305877794958831616
1308792749085294592
1306748534667055104
1306012675130953729
1301892277737054209
1302582321070182401
1313509136701763584
1313856676714274818
1313182484289339392
1314390127859453958
1314842106670837761
1313189887244464130
1315025844411269122
1315311106152230912
1320744554505687040
1311701030833446914
1316394369042329600
1311456546489016320
1316816833685712904
1312054375066394624
1312134373873917954
1314627694068465664
1312056412399456257
1316782165552779268
1314320917145755653
1315195632785686528
1315762919129247744
1316936654674866183
1319284377109458946
1311756597086035968
1313874279579160577
1315723654534111232
1319884075684024320
1313864109037883392
1313684416640679937
1314043341500223489
1319742087152238592
1315899573467054080
1320053116021043201
1313888331105660928
1314407967622459392
1315843937958060033
1316771453765812227
1322307972790300672
1312136027037790209
1315815014058655744
1319778380502470657
1313868201856565250
1321175336571133952
1311669632374366208
1312042623461457922
1313962469077942273
1314932987084103682
1317172212466671620
1322319123213361152
1316036483640426496
1311686692177207297
1318561367369142272
1314245476099788800
1319738120305299456
1313134893191376908
1317126409266073611
1313142926030102529
1316804554026102786
1314233596526419972
1315023785603588096
1321953473882214401
1312039140129677313
1313707717337382912
1316151233493729280
1315194026342129665
1311748722968199168
1312041969162518535
1315717117132505088
1313973628933996551
1319372968317865985
1315077151675363332
1316473864436752384
1321116516151156737
1313862150050533377
1313483911553576966
1316883426738425858
1321796129277857792
1313867680877809664
1312052721692811265
1318268811875737601
1319664397225127936
1317119866923606016
1312036632070107144
1319080632509591552
1319745064529235971
1321264925801668610
1316510097733038081
1320743511155761153
1315449027463467008
1315439600530329602
1313658806438592513
1313568459255619586
1314820964371365888
1317184987234471940
1312269904754638848
1313898394532839424
1312015840343142400
1313923324221820929
1318471740696178688
1317250232531517442
1318302160501735428
1313863614076317696
1318672093442117632
1312877117999181824
1312039389636317186
1315947908714430465
1312489098536337408
1312926288609509376
1312143821950468097
1330544110063775747
1322733605257322498
1328383086636265476
1331362709938421760
1328506899986321408
1326200599109578759
1323328829683867648
1323718139104923654
1326322250216333314
1328376050036989954
1330623591487037442
1326199465275875328
1332544352049000449
1329461097682903044
1333448460293574656
1323380613945151496
1329190341954703362
1329525833099210752
1329082580356923399
1327444645094322177
1329638060078862341
1329366056473923584
1327456321558380545
1326199460628553729
1332766966512312326
1326556300298375169
1326920452237910019
1324540258474745857
1329829622742179843
1331443494494330880
1323064785806729223
1324432052788318212
1328728781134192641
1329581724557250566
1327160757323231233
1323431355636682753
1332006208379572228
1328516963132469255
1325869880600645632
1324425503776845825
1332872661043736576
1328912315916247041
1328448672913383424
1331643461674688513
1329134357731110912
1332645161529204737
1324554853088141312
1324810792823410690
1329207009779064832
1332051667781644289
1329491383544127492
1327934181050101760
1327036207679803392
1331280925313933317
1327063327856496640
1328823316514107392
1328902250023022599
1326196474250727424
1328547165778694145
1326610903861776384
1327331968829145088
1328722590341369859
1329821059332395008
1329573325216100361
1331048895468740609
1324320433399877633
1329610134427938821
1326913401847681025
1330911563742580739
1331783988013305859
1330361149410390016
1329171270043222016
1326755856013258753
1329210276969758720
1329470743860670464
1329082692680306694
1328972285622046721
1326219592994336770
1330624695625015297
1329076014266236933
1326179091108728834
1335256372234031104
1340044107348107264
1343738258556145669
1336756628633210880
1340024830641360902
1344470080239800320
1340308386248855555
1342279402848194560
1333936919676383232
1336068091692765184
1336585879083757568
1337203699836399616
1334920587358113792
1340145081081323520
1338817246806880256
1339831767692439553
1340012706972241920
1334333789783384066
1341784370735165440
1339292721492750339
1340016738499518470
1339617874906910720
1334116251371769861
1337937266514276356
1341147437717663744
1344765029208502275
1340057747211964416
1337573638124527617
1338897233635401731
1336577996623245312
1340082179410419712
1337430224787677185
1341421772621578242
1336008841117519877
1334676299437191168
1335181877574037507
1341804010198732804
1339614380212826112
1343961991166234634
1339640508587622402
1341139887345561600
1342219756036911105
1343381909926195200
1344354320360366082
1339387591674748928
1340870425895727107
1338881007337017347
1343937887461662721
1339351351487311874
1343363793846489090
1337051785232592897
1340026440927092736
1341938892572790784
1344344263304347651
1338985693889040387
1342399821416558593
1341732036017532929
1333922482890346498
1344373606348804096
1343878934304337922
1336433378543996931
1333872549709688833
1339655610296655881
1342920885230055428
1334181292037074944
1336426680970186752
1336154288993804289
1337076322695180289
1338511290550128640
1339385983272292352
1333954089487577094
1334110326296629256
1334886180450676739
1333882067382398976
1339586390976163846
1341304470773379072
1336810864486264835
1341481636354002944
1341183677552861185
1344061643450408961
1334903312727101441
1344203573593309184
1344497259795386370
1343993887623417858
1336758262579011584
1339655479899738113
1343958030493380615
1344451963656798209
1344319087946702849
1333798704784916481
1264323976546988032
1257118496695123979
1257767046240231424
1261112184047898625
1262086231334232064
1263624384180355074
1261058960737603585
1263135042726842369
1256253706909163520
1257456475510882305
1256630052747345920
1257328892475555841
1265827383703191553
1259970793251000321
1260732311328428032
1266181718983270401
1266379274979770368
1256266437888487425
1264065523421196288
1256299761277247488
1258853974972612608
1262553310546059266
1262881995622952960
1266928135955759104
1267039155164413954
1256962499032776704
1261531622823747584
1266564237662568453
1261500622785744903
1263504895484874752
1258268575330164737
1256123189744132096
1256240041245933568
1260697719699435521
1260955284463386624
1259924520820805632
1260802845734957062
1260125813304934400
1257381989092675584
1260313553128521728
1260316608049758209
1260753952997597184
1258937986818998274
1263472851555942401
1263776531777818625
1265698537079275526
1257320365165969420
1257554622463578112
1258657387935916032
1257886309135405062
1260055349299732482
1263935340697411586
1257473000359804928
1261520754660835329
1263507980613570561
1262779008820875264
1256040142189584384
1256959955355209731
1258397151245119488
1262149713115205639
1259052592019226629
1261299479568887810
1262440570145976321
1257841008274006016
1261113631074328577
1265645690102972416
1258928927491358722
1260227012809166849
1263488995465584641
1257312802252808196
1257713691149119489
1259292824106909696
1264366293341388800
1258950066435493893
1260277315868807168
1259066584129306624
1259162771997900802
1260308907420905472
1260243592251146241
1258791528899715073
1264036835568824321
1261339624376610819
1255991840735551488
1265002956434411522
1262505495035809793
1259158607943385088
1264932762466897925
1257877247060578304
1260575538395123712
1261992613915361280
1259680377892896774
1258489788589584385
1261387385339817985
1263666984916377601
1266413749889642496
1257531971854614528
1258826252942815233
1259895299516108800
1266903006110507010
1263880196433645569
1256369065091874819
1264070724437884928
1262472128370143233
1262784344004927488
1257735817587556352
1259612934591918081
1263196444292313088
1260238664707309568
1260069442295398401
1260950359410966528
1261104767058804738
1266822714221887489
1256227900262699027
1260580906873638913
1260963370137763841
1257012800561590288
1258575347332927496
1258303304444129280
1257838169057382401
1260101654487207936
1261693680542519297
1262460870891909129
1264008147104075776
1260384702965395458
1260611015026388992
1264633532577710080
1258062104566870017
1259655212328984584
1260595229775798272
1263326348732510209
1263611030019735553
1265782742882701319
1261311890095030274
1257041237854519296
1258259012761653249
1263244368879681536
1256935416411951105
1258855585132556289
1256065309297070080
1260256215470350337
1260416227169665024
1261854705094995968
1257501773150990336
1260623095024570370
1259925496147709953
1262377455651864577
1263973471123636230
1266056897351868416
1266703656260374529
1261645913430331393
1262413546534711297
1258428900755083265
1259482013251309568
1260666892315963393
1258090417272340480
1265290852462735361
1259079389423104001
1260392068293296128
1261403327448797184
1262814034623180806
1261053428249300998
1262754900120727558
1266076026028937217
1262904625008607233
1256196971431448576
1266951301121753088
1256052725130854400
1258056184776491008
1262473787154608133
1256352915687706631
1257742685731000322
1256076884636504064
1257438356268515330
1256163471554641922
1256243368826372096
1260320437868752896
1257373429973618690
1261630263941107712
1262460078155759624
1261470234164133890
1263606855395192833
1262860078962610176
1260288223793872900
1257365380739235843
1257703871641800707
1258818162130251776
1259187127700672520
1260240850912776192
1263466945988276224
1266577324331409408
1256134766115635200
1256529869032357888
1258797059597090817
1257859127646343168
1257687253461188612
1261723909612863489
1263856269674283014
1258195596499922952
1256622840087900162
1258919867438292992
1256396238808899591
1260428306953965568
1263738871776411653
1258771662096433153
1265213396103786497
1257754232620371968
1258930354221723650
1263493255649472513
1265292879691423746
1258423351325925378
1259549517873131520
1259952539694333952
1260339980477612033
1265724708999307265
1261012472854646784
1261133452834979842
1256450597114597378
1257681113331335178
1264529395294916608
1257702601761722372
1259702390384553984
1266030725951864835
1258836012995874819
1260245871557521409
1256473748754042880
1257801863140950016
1263941212408623106
1258095949257342983
1262792413845782528
