1184605105309573121
1184821686593638400
1189920493530423296
1180670259109318658
1180674650055090176
1185683039663394819
1179157289959337984
1190009632581967873
1183819765485318144
1184556124948828160
1187389544930381824
1190169650669076483
1196882995631792128
1195415500412661760
1196463802314825728
1191717927684325376
1195361798259695616
1191351646711877633
1196180963086290944
1199006482982793216
1196896642735067138
1205930025754730496
1202696898508967937
1211849815098716161
1206257829885202434
1203093349894213632
1214969641489063936
1220070051660759042
1218234380461670402
1216925403794812934
1217466650867511297
1217163220638740480
1219843394844995586
1218180078602866691
1215735575568842752
1216449420612513792
1231582284551278593
1232681140126961665
1232647879656976386
1233138504605085716
1233011190311407617
1231353337125064704
1232378004430557189
1228119884057300993
1240981365409157121
1243166406239289346
1241054800013168640
1240683943826841600
1243917970423730178
1240683838994395137
1242792319788646401
1239951796291932160
1234858871275040769
1243172782726316039
1241092079691993089
1242327105766952963
1242511499685515268
1242881744396836865
1239784517264707584
1242819703308877824
1240983207446605826
1234845163995852801
1241333736307712001
1242494219710799873
1243923804608495623
1240001205817966597
1240614188352802817
1243449177163599872
1240667191797841921
1238516260406607873
1242897770668646400
1238174256342552576
1242394159970992129
1242823684231921665
1240671615697989632
1245050642109886465
1241003010211418112
1244005604315803649
1244270657191301127
1244629855028670469
1244769423027830784
1238497193113161728
1241376924917694464
1240728523335139329
1239918532521086976
1241799525779394560
1235257324861657093
1240365961070415872
1244717358544850944
1235715534525583360
1238408995829952513
1242125689089716224
1242908891790204928
1237483051862589442
1248474548959211520
1250080263314563072
1250833442280861696
1252930147868647425
1254081483712589824
1250435784991072257
1251239837476114432
1252307178028847104
1245387255130308608
1247480507291631616
1248714427626483712
1249457176206180352
1245937035031896068
1248982408503885827
1250587320543326215
1247606240114388992
1250773772107276289
1245733807401111552
1251627042342416386
1247177640789905409
1250771236331741184
1247911838802513921
1253651690928160768
1246287340235927554
1250201482508382208
1250893156616269825
1246225783137452038
1250449326498865153
1250104565749383168
1245476923201015810
1246165832079683586
1247609157957685253
1248968053322182657
1250102901545922560
1249353674746236928
1252364673111842816
1252608396269887489
1250790040495689728
1250162085230792705
1251027368870916097
1255887147116097536
1247902444438183942
1249005352345047047
1252232982326321152
1252616120470777856
1255581919871451140
1247551859176296448
1250223311834902529
1250893185947021312
1250177235048226816
1250880761160441858
1248718724561018883
1250076924736503808
1251159229588635651
1248672184534474755
1255486440735158272
1250161695676194816
1249699919042170882
1250056967583866881
1247203179911094272
1250829358056435713
1246444958816653314
1250856145482326016
1248402408826269697
1250122725877841923
1252182745679347712
1247289566735798273
1247522525589856257
1248670154139078656
1250417805784051720
1246619221993435137
1258469717984964609
1265991214064492545
1262446304397086726
1259250544662765568
1277597555262730245
1278034244284096516
1276459976756781057
1270422836549738496
1275278479349682180
1273288041218609152
1274341394828623873
1276896670748250113
1270811638262726656
1271028646476685312
1269905774878359559
1277130767865389056
1267474145736110082
1269207435450953729
1278025511185321988
1267463524843847681
1271473754858799104
1273633483450015751
1268996584727097347
1272952945915674625
1268911284273270787
1275117786784608263
1270026153768738819
1269648110327717888
1280166366931152896
1279440589990363137
1287741622357078016
1286398179026640897
1288184464825360385
1278098293151666176
1288463660612894721
1285254953674522625
1283021286193664001
1285394061533122563
1281217629999394816
1284176790206976000
1280171272492716038
1280501108146921475
1284144579487264768
1279106058267627520
1281218388820258819
1283124106142064646
1288144333003251718
1286564281857634305
1285969765085835267
1285969765085835267
1285969765085835267
1283387922880880646
1280487840262971392
1286312182817280000
1288524771425161216
1285620557191565315
1283758226740256768
1281983931294732289
1279061315948953602
1288481907731128322
1296479917350297600
1293517901031497735
1291410825308250135
1290289096431026176
1298236833063743488
1290111985091317760
1290356075267411970
1295023131891888129
1299338496574849024
1300460381702205443
1300482821971218432
1300457146308534273
1300437290183950337
1293564265329197063
1293021085722542080
1290058992194957312
1292902235920375809
1296124290769866753
1292874220247158784
1298784776246030337
1300540620109500417
1296131224688369664
1296100306753814529
1291839919133007872
1291207368009584640
1292144989284139009
1289387006498242560
1291577303709790210
1300812245958619136
1304945571690676225
1307256610528534528
1303407763683332096
1304033188940075014
1304488685308502016
1303049578502066183
1307084484496498693
1303339811743375362
1310142194003701766
1307409124389339136
1309040069869735937
1302454266079006721
1308817102585954304
1302924905806213122
1304044664543162369
1303604107433971712
1308126452949319681
1308197377841549313
1303876699440979968
1302734018060922882
1307221047444475904
1305603278768570373
1321814702347964416
1320501330864009216
1319291181893705729
1320160191334158336
1321889544099241987
1318962830809255936
1319298871999254528
1321509144021663745
1318552561088016384
1314593391427096578
1314271844581605376
1321409457449017344
1312195666899202050
1320735723394265088
1311769674946760704
1321502547887026176
1317103252861865986
1317094358693236736
1316736902419091458
1316021463942529025
1321460031146151950
1320795108292386818
1321096906701967365
1316017654226776064
1321602813810642945
1330918824162410503
1331303633778925568
1324136499584077826
1329896420820754432
1332404022318403590
1326937109136076803
1328701552106766342
1325925636435750912
1326962970618818561
1328754227976531970
1326200913061621760
1330641067302121472
1326700208374374400
1324013245850509312
1330931706510110721
1331364472171192320
1326573775148625920
1329190146185388034
1328703535765188609
1322921324751261702
1334104540841467909
1340913305976750085
1341435836131389440
1336683509327552512
1343913424074510337
1335488342402732032
1339595739962298370
1340005157451558914
1337196275578499073
1341382993877684224
1337528429558652930
1336682354383970307
1340012256986165249
1336502613202890753
1339701251437699072
1341398087114305536
1336736894185443328
1341393316240224256
1340662047877570560
1334505483302998017
1342137964340551681
1337225267908128770
1335267692681383938
1338197560826204162
1339642041337147392
1341618434011000835
1336765295889797120
1336832201590145024
1343932488041828353
1336944306960158720
1339937420565876736
1340700385888100352
1336329272605122565
1258469717984964609
1265991214064492545
1262446304397086726
1259250544662765568
1263131105638694923
1265729566955405312
1260235197024473088
1265675138005192705
1258827806705946625
1262089067681980419
1257712912677785601
1263102664939692033
1263602457516613637
1265276377026244608
1257594405214715910
1258746923713994754
1260965344002310144
1263124481398042624
1259852773585281025
1264303443172372480
1265325112850411522
1265736341444272129
1258088409601433600
1264945839752925189
1262743609901608970
1260559428442484736
1264171794581393408
1262447494333489153
1265646592645902337
1266746568742506497
1265878766376517632
1259914859040432128
1259873174034006016
1263099190730584066
1257346189776781312
