1196841353877098499
1190309519559143425
1195369321586987008
1201982171310895105
1209547033176166400
1219677868910878720
1213447551359172608
1229704087463251968
1226779700250529793
1232031820289585152
1235990349908238336
1241743022364266496
1244323641011175424
1240622514063237120
1242065195259834368
1238044707428720640
1241709669699203074
1239060240680787968
1239911656299409409
1243660435880136704
1245049538655764483
1242565751892054016
1240623951862042624
1241338091698257920
1235194383915458565
1240549571417329664
1242172707862708231
1243537174924013569
1239919290779918336
1239622023065808903
1241359323370053632
1238616296641695745
1242736325620641793
1241002966783610880
1244556328862912514
1242820924946219010
1243612234925977601
1242789663363997697
1245104405831192580
1243133833257476097
1244322584700862466
1246109338411978757
1246267728471552002
1250023568311795712
1250364874535903232
1250391414736904193
1255903433422516228
1250487738626985984
1250757679884181504
1245112650759012359
1247619890506334209
1248332052069523462
1255253852854648834
1250810840812584960
1251498302400598016
1249763386134577155
1250824865566855168
1250363881559601152
1247428619573571589
1248262271840763904
1252283794016612353
1252638255503282177
1259762502205874176
1263715093042388995
1277698240440225793
1269571860334772225
1270076314406567937
1273820237289394176
1275439360263860225
1275959521232420865
1267758943734042627
1273496495753322502
1276325892285841408
1269979097888952323
1269686129919393793
1272458566167924736
1272929375512596480
1285570391151452165
1278336722565238784
1280456544983945217
1280257062140772352
1280858547824271361
1293017601791139843
1294586443508178944
1296896786783707137
1292779914756853760
1296194569185394689
1293202620434255874
1298310377634242561
1294224642484338688
1299331166303117312
1293232189224751104
1294582625982717954
1290539592882454529
1309482705520930817
1319103998469853185
1316327021111205888
1314591887869779969
1323618798159671296
1329016892711952387
1331178643524083712
1337036839333605376
1337449036907995136
1339982235093622787
1336390402665017346
1336285937026936832
1338971544127758339
1259762502205874176
1263715093042388995
1257049332806811651
1261275531200401408
1256346234480218112
1257279090597548038
1257023154905649152
1260939434951917570
1259841191278981125
1265002090629181441
1258451690988036097
1256207434584076288
1261190202275647488
1257531439005851650
1260186608747319297
1266722613533052928
1258817459328557056
1261270809005436930
1257314187975352326
