1189189248877903877
1183677266506797056
1184127847851577344
1183209593951809537
1188843591285784576
1179454196266995717
1179732347488538624
1184911322405847040
1179031057443823616
1184612347278692353
1188837415085137921
1189647640172146688
1194721714997006337
1199738376426946560
1205681951736287232
1210661959634444288
1211742642259709952
1206254599063162880
1204110195967741952
1209152442501402624
1211997710481534978
1205943892106981378
1218049500461268994
1212461662181052416
1212783106614349824
1212215357106049024
1216544795989905408
1217826486914289664
1212955444957855744
1230704174431494146
1229645565056602112
1228428460202352640
1242566103349354498
1238485523259437056
1240379006274265088
1242604780335198209
1244226303408160768
1238296291173486594
1241370907978817537
1242531744466620416
1238327048336076800
1240814993764802561
1241178974488649728
1239550839124938752
1242931817964916736
1244286993841803264
1242500123625586690
1243972301894209539
1241490082067959814
1245003015783944193
1245236969887731712
1245562468841279488
1250455208330702849
1254966723360493575
1248333024724488196
1255622645388845058
1247307248168087553
1245459076433272837
1253854172513832962
1245718790572310529
1247520793560363009
1248766925485813762
1247983456950390787
1253834437445312512
1264298569609154562
1256327709816352768
1265394933814435845
1267299312612098048
1268899660187525124
1273609628983668737
1272551186760155136
1285617090586718208
1280761621653204992
1282779929231286272
1280890026088370181
1286656275674279944
1279093492422230019
1282573595227688960
1299107752103600134
1297954837649268736
1295922776524689410
1305501853820620803
1306153640290287616
1303739453446467584
1305952455763652611
1313928713873035266
1322953064496664576
1329818060031717376
1329651939047579648
1326605779638640641
1339086324838567937
1335718762016813057
1335011144726175744
1337170869001531395
1338911418746286083
1264298569609154562
1256327709816352768
1265394933814435845
1264309145651621889
1263579422612848642
1262165986825900036
1263208237110829056
1265330700934426633
1259846341670457353
1267162226814783488
1262757034870497286
1263153302809784321
