1180554506666467330
1196790994395680768
1202741485508141056
1202280417224798209
1201231939220496386
1201256256259919874
1204786921739837441
1220432264506593285
1216359933517713413
1221225995048493056
1227593968097079297
1224736122028339203
1224529951069593600
1238898944538750976
1238812879828201472
1250523420296609794
1252677487093571586
1246590316616077313
1254486429436203008
1249906912168226818
1251918076737540098
1247510189525405697
1252267476320215050
1274180892907503616
1281328021224460291
1279230432253546496
1286762139785535497
1280930807411027974
1304544629774262273
1310645275334242304
1319480177227956225
1318521975413747717
1318588963129610243
1326312903935455234
1335399328106475522
1256569885607571456
