1191035024746909697
1201925129690726400
1207391399987027968
1219106062114131968
1218187467188310016
1213490949793304577
1215751622640291840
1215911671866195968
1232078710863355904
1225535620455501827
1244255195292471297
1241152345401995265
1243534869361242112
1243866375333883905
1244030757548498945
1235738012182630400
1236550117504630784
1246829957587795972
1251181582116892673
1246143451252604929
1254180134128455680
1253412597321199617
1253454196134703104
1250098994501439489
1247271903573585920
1254844421402746886
1245683671866265600
1254058851156004872
1253740092713168896
1249808561422635012
1273139455617126402
1273030704771862534
1271607742013341696
1284364137468919808
1281760747127808001
1285618484270043136
1284179224966975495
1282708895035604992
1284839684703768577
1285697327630622726
1282050665494179841
1287610156730130432
1299897130816098304
1299552411376332800
1290708136790196232
1305983460604084227
1302766036945711106
1308111063242530816
1309312744232026120
1302721194869886976
1303452739188461568
1318701787340308480
1321147406231240706
1321857269294944256
1324541032822956032
1341151726565355521
1338043588664549376
1264538372560871425
