1187772800930594816
1188170603452387329
1181213295023394817
1179760766368526336
1178798360691724288
1179395196334825476
1187065335460950017
1188085270291386369
1189857353073659905
1187414810629197824
1190038637393698816
1187092746689011718
1187056252418965506
1181321542333915136
1184817477185916929
1191711231746486273
1194697911898005504
1198277349361487873
1199295983588392962
1196020219958956032
1194374309625483264
1194672451793215489
1198564638268497922
1191404488482942976
1198285453213913088
1195693726447865861
1196767614174945286
1194544452343349249
1198237848408936449
1198247616733204482
1198651197114191872
1200400572148572161
1196985345100922882
1200429912177270789
1197986631237689346
1197267819705954304
1191405826910629889
1195593889047965696
1190252442115608576
1202965778376593408
1205190509637066752
1209473941510725632
1204380131910918145
1204382566490476545
1208518890835369984
1202586455647903744
1204817006832295937
1207725895747805184
1212049447208792066
1201881787623976961
1201871353655316482
1201843246957244422
1207368264197783553
1212008230324445190
1205144212351725569
1209330622277312513
1211267085730557952
1214269102883311616
1214656616982663169
1212931106686660609
1214176110327554049
1218176412282212352
1219766099086118915
1222848958113964035
1214252199221424128
1217433077259165696
1220101020375642112
1215619423891001344
1215619423891001344
1220965245746847751
1220965245746847751
1215508146925572097
1217077622288670720
1219367653946445824
1215789584019263488
1214031734016290816
1220931763838406657
1214558449851404289
1225949142842847232
1233008597996593152
1227992074647007232
1231196190290534401
1232506937239097345
1233779393832669184
1226863726457950208
1232656112517894145
1233019039288565767
1233019039288565767
1230300686740545538
1232398206333542400
1233075637339992064
1231186939874828290
1231186939874828290
1225959898841784320
1233501492990160897
1227517776530673665
1226266425834299393
1233024382907359233
1231363819718479872
1230846951291334657
1240269957633638401
1241134524307832832
1241288535593963520
1241288535593963520
1240655238022995968
1238749124641591297
1242074791823237120
1243210458179538945
1244572636828635137
1235573643687665669
1237257167490691073
1244807645107834880
1242496604327870464
1242496604327870464
1237722736228814849
1243756714039611392
1242287549256585217
1237375748912173062
1238445165997678593
1243501995190898695
1243881665476407297
1237424913771900930
1241712680794087425
1237759681625350144
1238841400298557442
1242151329344163844
1238559078563164162
1239294112957775873
1238440896183623681
1240237271426707457
1240726784473280512
1238131276768559105
1244098933166661632
1241323100765118464
1242237808233844738
1234801946206191616
1235554516310716416
1235554516310716416
1238281085810651137
1241001162339504128
1243154699265675264
1235460236984512513
1245078945298440192
1242518040094347265
1237488922776809474
1242048135339347968
1242048135339347968
1243899502886608898
1239733332356759552
1242046935621464066
1242461071513960449
1243766169921900544
1243766169921900544
1244696882917474304
1240651796940558336
1242216365072711680
1238034808607051777
1241730122966679553
1242783427025387521
1242783427025387521
1243757936398102528
1243918352961191936
1238063476909711360
1239252108915990530
1240726586917355526
1242786559335649281
1242200213382746112
1238483999628165121
1238524572808462342
1244020044180398080
1237368103241203719
1239894642927308800
1240304288007585792
1244074345833660416
1244248407218311168
1236290595787886592
1242395444082327552
1242625918369255424
1244827789574000641
1243982135725359104
1244061845775953920
1245042756495519744
1238752260722774017
1238769043420491776
1240340992366002176
1238528478485647363
1235661592143904769
1237107355952787456
1239265164744101889
1239265164744101889
1242316872646877184
1243983065925464064
1237244214536286208
1243143223654178817
1240260054911266817
1242292866124263429
1243976240413003776
1243976240413003776
1238503867857473537
1241168198898253831
1244719873655296007
1239811628268285953
1240149337839218688
1240149337839218688
1241342862551384064
1243715420969787392
1243902641949872129
1244635407611908097
1236619467490238465
1244937858185596931
1240242085602758656
1242156735739187204
1242448535775313921
1243550293457088527
1243899617265287169
1242146738124849153
1242752693480951810
1238453469998186497
1240305797986430976
1241735131972288512
1242304771291254789
1243148074500964352
1243148074500964352
1243912841712689156
1239703131581304833
1239703131581304833
1240284344117231619
1242568820474155014
1243939105437777920
1242798552780324865
1242798552780324865
1238470018943377408
1240381302001430528
1241915058071965698
1242297816392835072
1244204717691080704
1242463113040891904
1248938237554495488
1248963652381786112
1251232556273610753
1251232642839859200
1252024291568295937
1252024291568295937
1254329461740318721
1255823179253252099
1246583853097144326
1248188984070733824
1248188984070733824
1247236466293518343
1247516628939673600
1254500573728079877
1254500573728079877
1255289351866650625
1246266197496279041
1247153581561700352
1251530577574051840
1252306012964564992
1252960554358013953
1245714875852173313
1246070699317506050
1247860474689003521
1253322598349303809
1253397235087347716
1247550547223367692
1251507643098726400
1245750758726762496
1246407105378164736
1251358046879715328
1252583902780194818
1252722493573550081
1253926808610902016
1249832334007963653
1250286359777927181
1250286359777927181
1247153686633209856
1247521299900973056
1250790728252428290
1252969466054488068
1253457306588573696
1252986986719145984
1254484640661823488
1247524731802120192
1247524731802120192
1250130229714194433
1252621273454215173
1247670113106526211
1246286430902587392
1246286430902587392
1250775842822787075
1252226566152769536
1252952159710257152
1245706267034890240
1246551649318993923
1247249228360847360
1250052117311733761
1255289718079729664
1255897774241058816
1246442284016640001
1247877165691133956
1250093621447208960
1252643464799379457
1252775220064194561
1252229372234420224
1251490530355081216
1251946598009122816
1254047615743860736
1254047615743860736
1245870305601417218
1246294880428720129
1249682952583286784
1250775702879830017
1247505289173180416
1248145580796211200
1249689610361483265
1251903478743564289
1252328183120232449
1247158170708922375
1252237785999609856
1245224462468841472
1247115972911271936
1245702623048740864
1247518214088777728
1254102856715640833
1255829924809781250
1245709462159179781
1249014924501753856
1246664920692715520
1247117025836662785
1247117025836662785
1250413269753438208
1245347309447254017
1246482032235925505
1247479353665077248
1247479353665077248
1247620937245220864
1246166855464747012
1248750585161138176
1252956807829450758
1246585392494714880
1251964717394014213
1247745079801864192
1248028291103162368
1252135807256629249
1252660313327091713
1252323635035062272
1247483191641944064
1252720141365850112
1255527519568244737
1255527519568244737
1247262582760542208
1247526920230547457
1253319591989673989
1246417625586053120
1249043045800165376
1251495798384275457
1251495798384275457
1254454122146942976
1247173807372025860
1249719422341660673
1250855001762734085
1253345699351138304
1254074594924912641
1255110855265595392
1246594753724121089
1245321415617806337
1252553731872350208
1251179570767835136
1253670488389410816
1254047533925568515
1246425522403454976
1246426258965225473
1249872325908017164
1252258807876468741
1254076483812888584
1254077793996017667
1249350034895839237
1253293054951292928
1245676871473340417
1245676871473340417
1247507732413980674
1251136501737566208
1254063756822351872
1255784035718217728
1255784035718217728
1245189603629445120
1245852368694063105
1245852368694063105
1248866744849985537
1254399976429416449
1254441577315020803
1245512340327391232
1247136792450682880
1247615278009253889
1247723949879898118
1250762067830812672
1251375925205372928
1254128837371314178
1254767704323624960
1246029705934966785
1246091679188357121
1246544166672191488
1249832138989592578
1250862251973709824
1251913300843126790
1252292641414361091
1252292641414361091
1263834629531791360
1259896803014688773
1265260385281740801
1258607760930897925
1258358122411896834
1261725221788278790
1262125819109019649
1262125819109019649
1260882537511104520
1274895399090864128
1270146797198065665
1267229091738144773
1270032057578766336
1272584121366306816
1269108915549212675
1270706927056703488
1269274098561093633
1275437981994594307
1268958942484365312
1273060015482515456
1271049772431028230
1271049772431028230
1277179997099261953
1277179997099261953
1270331849118752768
1267248786641948672
1277628414879567873
1267544044353269762
1275407590978183171
1270706154474258432
1268884090931089408
1275102025571844096
1271078969010520064
1275365968315772928
1277632534608838656
1272577632790614016
1268931919447830528
1269272260017295360
1271462763982774273
1271804695108112385
1271804695108112385
1270404144440975360
1275353011947175936
1275353011947175936
1268877107431641089
1267394947898015744
1276501717480124418
1275078993721430019
1275433194397958144
1267431624410464256
1270021271590522880
1276899526612148227
1272865370093699072
1268173814178951169
1276484068335652871
1268740183316402176
1268867613884665858
1277358078166433793
1270718359336861696
1267248196562149379
1277648272224591875
1268876798978191361
1284621540475252738
1283325487595618305
1283325487595618305
1286030826271133697
1288473087793651712
1286340044077166592
1287472922286682112
1286074189795950592
1283545780071157760
1284932488557670404
1286360492764782596
1278759645700665345
1281875933331427328
1280151895705702400
1286034318939365376
1280101308209467392
1287442144127574016
1287205821533827073
1285924291654094849
1279076821175283714
1285912023633625090
1286284803923488768
1286254880554917889
1286254880554917889
1278363383708991490
1281744064124198913
1286057754357043200
1284079398379913216
1286328423556591618
1280067263178199045
1286093710296600584
1284129398078177281
1283778413187289088
1286356159176355842
1282455748216315907
1286299976310628353
1280119103915806721
1283506583595388928
1285117492277510146
1280482863822102529
1278392841874661383
1289307352210890752
1284098979534450688
1285375128272990208
1285907638769922048
1284119405065113602
1280958313866412038
1286072250383372289
1279850806745817088
1293261652603805696
1289367494180798465
1289555118401019904
1290935660782772225
1290935660782772225
1294304021159784448
1294288418365517827
1298592742801641473
1296009226373009408
1296426936756035585
1293463883861155840
1299869999675461632
1300472432617287686
1293181240724652032
1290997438891864066
1298951843544997889
1299325445956161546
1293137922267308038
1294124155777028098
1296514384471166976
1297578141574201346
1296779594431954950
1293189207159169024
1297968668014452740
1297142968047079426
1294830361663463424
1294340743771779072
1293202015405973505
1293532481304563713
1296697045852368897
1293886664008331264
1297588200433766402
1301158125282746374
1301158125282746374
1303729386831650818
1303905749190561793
1304907458029268995
1301873160040648704
1302246724208152578
1311379583694974977
1308789469227565057
1303776338147446792
1302967853314912257
1303678127042736130
1304930136639250432
1303779852970065930
1304105366255435778
1300650444981592064
1310796856067125248
1301160501616017408
1306224169508655105
1302651304037277696
1305866785485393922
1302410819565690882
1304119950672449537
1302235045516771328
1303759072693379073
1308810271431954433
1304038720291602433
1310579087698726912
1300751835498713088
1310599283775803393
1301171260777549826
1310975275098873858
1301862203109318656
1304104096211914755
1301946750832439297
1301912217680588805
1303832898689171458
1301919813359591424
1310929119622955010
1303739754605948928
1319713265589563392
1318530912016097280
1317432474989940736
1319624787715674113
1321842560374054912
1317493741834260480
1312780792779677696
1314017826055827457
1321683650614824961
1315754213394190336
1321140855629987841
1313693606528442368
1319324660815794177
1321850276521877504
1313814466161762305
1316778417564594176
1321207807077736450
1321783108270727168
1315288920968638464
1320075092123070466
1312057060494901249
1319459398654197760
1316770306912968705
1319954169151836160
1318532144197783552
1319706281687584768
1319421109041831936
1314567451540180998
1314559456118812673
1320848680656773122
1313506816052076551
1322177697032753157
1319539534808313856
1321922506232483840
1321899452156837895
1312254142170247168
1320355234858881025
1313830691742846979
1321203584420188169
1318932555131875332
1320839225772773377
1317495461247332359
1319372888160481280
1316842672917745664
1321922823766638594
1313894612583538688
1313157102517522434
1313886573709135872
1320698608434511879
1315287085755097088
1315690176899940352
1318230931329540096
1315314650356035584
1318510523663720450
1315284514281791488
1320716999027232768
1320258003854102528
1321166051711848450
1325800986938658816
1324306806093611009
1331288623464009735
1324404308230737920
1326182286484791296
1329916178463158274
1325654717817614336
1326187795560476675
1326893121876209664
1323349761337020416
1323397449583521793
1324525514934177793
1329872773070659584
1324121745716965376
1324706256771260416
1324220765063974914
1328691476616925186
1328777015600812036
1329792369038925828
1327231441063866374
1326899780644184064
1332179154582654976
1328531128727207941
1326015842551689217
1330704730436247552
1326109876788060161
1330932110505504770
1326946696077717504
1327122715426295808
1324396379637239809
1328349457474351108
1333390945950310401
1328379553392201728
1322787088123744261
1326015292565315584
1327566992837111808
1324355987323543553
1325463662191140870
1325085932572319751
1333148225172238336
1328846641772695555
1326270908823183360
1326543276267089921
1326176637176717313
1327977161127505921
1326983058688454658
1327385014401724416
1331677349776125953
1330924838853222401
1329156096808906754
1328905973696696321
1332731137668608005
1326430628863209477
1323334742574596096
1325203122994642944
1325553453201059840
1325805070399791113
1326016288314036224
1332110563103571970
1330410698774441985
1325096089549213697
1333957819276660736
1337918654973808640
1341049287141015553
1333920564335964160
1344026400605360130
1339637263647580163
1333914559338332160
1336436019781128193
1341943507376857089
1340302607298998276
1335234217148641280
1334305251298566151
1336063347243032576
1338491436195463168
1334861853751713797
1334699965147271169
1343198600906612736
1334128337338458119
1343912732039503875
1334468890072670209
1335249202994171904
1344650898828627968
1337773273422192640
1339619289624576000
1334935365384364035
1344415478433935361
1335693428408147969
1340314006498672640
1333767820337942532
1336159733061877760
1333782880972103681
1334308308098969600
1340031595860926471
1335253562067181568
1335964907666288646
1336059407675912192
1340302179324866561
1335625548903702531
1333909279678480384
1338853863764484098
1338640058065313792
1334730732028252160
1336436233996742664
1335875204036374528
1341003516618428416
1263834629531791360
1259896803014688773
1265260385281740801
1258607760930897925
1258358122411896834
1261725221788278790
1262125819109019649
1262125819109019649
1260882537511104520
1258736520154025984
1258803618800709636
1264942686261436419
1266548262061965315
1260286103292121088
1260452144857169921
1260452144857169921
1262731624468357125
1260668741291053061
1264203524486856704
1260600950189953028
1257679792142536704
1261789893711331331
1263530108771618817
1263530108771618817
1261194864164614144
1257812237596585984
1263861438164217857
1265496809113358336
1259097306391023617
1259836730431045632
1261282807718072321
1261113190504640523
1258828624599437314
1266224983702978560
1260672974790758400
1262015009254772736
1261018191981170688
1262795769666514944
1263560303712833536
1263560303712833536
1266024261107494918
1256199160170233859
1258019452777639936
1257595971921420288
1257595971921420288
1263152803234496514
1257132039616311296
1260935359313002496
1266329877227151363
1259770577163677696
1257659622548287488
1262477576792158208
1259164512839585793
1266023525799821317
1262729920775622658
1262729920775622658
1258791744482586624
1262728510843564033
1258838685971173377
1266793968601313282
1264021790461964288
1257860671498121216
1256970967223611392
1261101268048556034
1260177610602172416
1260177610602172416
1260518902167035904
1260403142761611265
1258776899876200448
1258775294711943168
1264545619986788355
1256302382310457347
1263165631538630656
1260390524088958977
1263152439949172745
1264016563885277184
1265528445813108746
1265528445813108746
1265674503822114816
1256360010394861568
1262852985014685697
1263619581765021696
1266179530944806913
1257037083543244803
1262748559683641344
1266022480281579522
1266035459731439624
1262888916438269953
1257981654892765185
1260920793762082818
1263555208547758080
1266698195582750722
1266935674453835783
1261657106370957312
1264937640928768002
1259467198403358721
1256057003266498560
1257860163840573440
1257802357972307975
1265506664339431428
1264889101620314112
1257688723845775360
1262825601624399878
1263178055134130177
1262476369524436992
