1181681935460028416
1188809722465603584
1186231208700764160
1179778711312371712
1188963775711514624
1184894105446338560
1184655042684563456
1188033752095756288
1189401480681480193
1185173838675480576
1186444343713980416
1186401781078728706
1188841022366912512
1186501278865805313
1186285763379511297
1193598220808704001
1193519821650051077
1191526300823040000
1197077384173936640
1191119926775468032
1194139189274697728
1196783034047053824
1191284762188627968
1193818323626217473
1193839821883682818
1195289972955394048
1203935948251246594
1204402283099951105
1205111554120802306
1206164905801314305
1203362758420549633
1203346196477235200
1201290038232915969
1203892117346627585
1203353898582466561
1206997843740893186
1203951495563169792
1202199082313355268
1211934985814454272
1208457141742448643
1206277491704229888
1203734579288453123
1221855599937368064
1213065065563328512
1219012137244397570
1219662100412424192
1220505430243401728
1221814839695368193
1213331868260667392
1223753626985926656
1227144436779495424
1224784677778739202
1224340899112636416
1233052790261456896
1227183603320266753
1239901352861499393
1237322479061946368
1238139573169000451
1240304439019405314
1240594122823675909
1241802531157741575
1242817928954863617
1242120826897313799
1243090899699150848
1243255727248023558
1241368157278928897
1242045914044346373
1235294200301789184
1234796976954396673
1237393344596029440
1243429662644207616
1241077531635318785
1236561295022882817
1239957249604321283
1242715853428318211
1239513047993024514
1239879427091300353
1242818446120886272
1239459428149182464
1236678507616501760
1239289729985785857
1239597664335007745
1243235548698947587
1239775067916996608
1239885216325316608
1242241694239789057
1243234023385817089
1240217527491407872
1237374655062818817
1242136874996527109
1240282695114121216
1239256678224351232
1241381085939982338
1242143641260392449
1238013118090969089
1239996845176348672
1238756353658716160
1242171817416155143
1243875494593994752
1245659765012754435
1252556458220228608
1252874887871356928
1255081278212313088
1245617889580707840
1248176529424691200
1249680395685236736
1247446454047776769
1247897650692669441
1246769819430551552
1252133894297718784
1250445003626893314
1250093461082120197
1248181915254915073
1255476012600758272
1255822551156211718
1248167525902438400
1245351954064330753
1254712849127129090
1255149043828703235
1255495685845200898
1255543329447698436
1248257152327843841
1255082193631789056
1250495166798082048
1255054032009195521
1248950996711157760
1254374848358420480
1247538443535573001
1251205045032452102
1246766289248563200
1245600531478806529
1251248539830812680
1248224446323863552
1248296920155672576
1247094561190576128
1255222836693737478
1253839350007291907
1247791116243439616
1253575765368672263
1255502860277735424
1247190146384084994
1254826314835660800
1247396486176014336
1255082152083021826
1250893299226943489
1251441642420273159
1255279962367700998
1252127913966698496
1246873336942125065
1246927466586935301
1253468890102890496
1255259997321256961
1246759029940117504
1254489625491636224
1254779796267036673
1247398370781663238
1249595185211850752
1250662784460783616
1254046879786164224
1252344687781797889
1254415823403388928
1255484652816646155
1255675185405014016
1246420294123864064
1246873229051990017
1247442766684094464
1249293386131148800
1250303895152128000
1251545692054736896
1255852964192964608
1265276143927652354
1259386029791903744
1257944049622884352
1276235490161831936
1271782204016857089
1276152554565644294
1269875137857368064
1276137993284341760
1269711160405823488
1269616261224333315
1270028410832785408
1277916706665529345
1269219494112755712
1276224227788623879
1268319034296188932
1267732254161358848
1268833755084529665
1271053091379580929
1269493219844374528
1276119607082921984
1277979319722074112
1268957478668165121
1272899925836259331
1267496984253997056
1267784701617606658
1276532913971040261
1269753704368005127
1276208662713958400
1276462440226729985
1270648142694887425
1276182631076503558
1269943288519368704
1276622418216288256
1268661695389609984
1267484720142725123
1276429618757672960
1268252618717040642
1269285938829635584
1269609306548248576
1273568687631536128
1276517436523765760
1276168845590433792
1276151185045684232
1277676383217598465
1269398906145824768
1269565727838789632
1275051284702388225
1276230438995009542
1276154438777016321
1268804781902102529
1274030853883125760
1271388061725863938
1277707308500426752
1276244982433746950
1276204207322824704
1283362735640784896
1278956988823674881
1282780155367260161
1285349728910217217
1284560457332936710
1281669215641112576
1282423954821517315
1285820717246885889
1280860511316463618
1281985768341348354
1281585405859684352
1281649002639798273
1281597415351554049
1283827917940822022
1288407246444146688
1288771605666168832
1286284786609401856
1282451531112091650
1278548515107594240
1282652771418804225
1280185440696520705
1281879125028995073
1280168190140715008
1281639008066588672
1283483441720373248
1281668517822111751
1280760553011654656
1281866778830876672
1278722380106432512
1285924517248995330
1282630343384866818
1283081936689405952
1298303110247579648
1295778644166684673
1295973307452358656
1295605769166114817
1293449641460080641
1296084202719502337
1295702768548810753
1291480755143671812
1292819370431918082
1296364008925274112
1299698644195725317
1299661377779494914
1291307588202704896
1292506807898910720
1294287002041540608
1298994558965972993
1296684839601606658
1300164375496609794
1290354632456380416
1291264561534951424
1292877439207604226
1296527351254339586
1296773033676410881
1296078959227080706
1295986143528394752
1289559313774776321
1297475816285184000
1290956569673334784
1290976576415440897
1297852861653700608
1291315337787510784
1298594708353159169
1292489352807931906
1289866736473264130
1300171581331832832
1303936303709523968
1308448615409516546
1310111430927056900
1303362505104936961
1306202831788048387
1310337081051426816
1309031297734635521
1311056160884166658
1310561768993849345
1310903040061378560
1302975309982072832
1301792340064055296
1309506032486551557
1308364575352463361
1310942770090180608
1306533431740895232
1306521654139457536
1306889870661607424
1304706317177757696
1308301321049501697
1309422841515970561
1304325657732812800
1307348148046659585
1304349132501508096
1315659493368365057
1314484782856916992
1318997551232798721
1314259174717616128
1318567290548461568
1314759454504648704
1318497997714587648
1311625105655689217
1319224927434821632
1318161764882747396
1314215958819479553
1313894312141348864
1318190169497890816
1314213660588298241
1316688832939659264
1312020628535472131
1321512166500028416
1313487929176723456
1321054334780608513
1314809965249540096
1318207977472643073
1314937821145296898
1317084280305127424
1319664227473305604
1316424756787281924
1319246120321753088
1314233716374462464
1315238743494672385
1314530735999549440
1319562253159510017
1311650733482217472
1316674984794902530
1319559793481306112
1323627996952076288
1327610009493131265
1328725471274688513
1330203017560395784
1328338668646518784
1326797706778521600
1323569657182302208
1324669265253978115
1326233966232424449
1325480334696312837
1325842699325493248
1332737315190484993
1330887617605488650
1322893254346612736
1326645036122075136
1325347543488860161
1331843181852323841
1332241124291964931
1333423734011678721
1324664033639878656
1331550524282433536
1322964540741607425
1328431326140239878
1330556934433411073
1324662894689136646
1331632371955879938
1330817217370394624
1327191891654422528
1325907520259502087
1325505484028317698
1327162891850686464
1322993960743276544
1336239985125691392
1342861455750787072
1340575198500843521
1343938066671669250
1343513677954211840
1334508054264639497
1340212408116252672
1341729596790743040
1334635387948556300
1334116731523117056
1341067375324651522
1336636218575040513
1341777163821981706
1339331625130323968
1340412132328927238
1335535389931614209
1341351640507531265
1337272741930668034
1343599006463762432
1341437774432514049
1341495340701274116
1334099779790508033
1341291148137132033
1343205014630785025
1341100244927475721
1335848872250396676
1343860644098043905
1343555270136520704
1337025253927759872
1341478599417884674
1336004260186742786
1265276143927652354
1259386029791903744
1257944049622884352
1262083965273464837
1261544512356261890
1265561922725916673
1257034662058360834
1261752528003309569
1260679960987144194
1265412117395640326
1262689132389728256
1258048331420401665
1258050600622862336
1263509012345167873
1258029014771470336
1260072612513878016
1265604645935775744
1265895319134404608
1259789909885423616
1261173856699666432
1263075109901864960
1265379506665095168
1265561869135294466
1256195373833621504
1266288108326146054
1260933460480286725
1261562220279988224
1263417829673652224
1265394375498006536
1262851528349663234
1262363933526175744
1258067592364937219
1264249107499167745
1266647252791107585
1259065325926187011
1260842213476634624
1258024553525190656
1257912762661036039
1256336468710055937
1265411478225670144
1261614159445327872
1262393844248821765
1263894881916850176
1256933965170126848
1256862193909448707
1259864950316716034
1258714782598914048
1256172287956594688
1265247788767612928
1260953928004448257
1265214339524505601
1266051711015288845
1263470974068035584
1265518537398988802
