1179156534669893632
1194660128856969216
1226035169334878208
1238483547977023491
1238195542951428098
1241759027413082112
1243204238190264320
1240024925374681090
1235780978628595715
1255259443853484033
1246980947515301889
1250209190930452481
1263848025551749120
1263124103759872000
1258162122866872322
1267239621794111489
1275526542433480705
1273282422877106183
1268935395590496261
1283072527275667456
1289002841827287040
1288936940906188802
1291275698225786881
1291554840905224194
1291146972070461440
1291028415072567297
1296152878114013184
1292587843487924224
1307265802090033154
1304117437995061249
1312437255500431363
1319420657252339715
1317646582716780548
1316398026894856198
1319485394925342721
1311425595209904129
1321980140520382465
1327065086024953857
1327065086024953857
1327065086024953857
1333182902855639040
1327305886675595264
1343715859060170753
1343351116449390594
1339239333627355138
1263848025551749120
1263124103759872000
1258162122866872322
1266851882678521857
1266851882678521857
1266851882678521857
1266851882678521857
1256639846195625993
