1183280799958913024
1189054276196278272
1183443555718578176
1188193605019521024
1179375982618316800
1188553719551410176
1188021747599269888
1184922039519338496
1181862299117740032
1188484517759242242
1187479840233885696
1186900958279880707
1187285518503108613
1183529119515987968
1192146677802647554
1193975566325563392
1196194613180141570
1190539500230983686
1190677547203194880
1197381219538948096
1193939629516509184
1190163321477046272
1193190138039480321
1190379147782164480
1195740254826831874
1191449928746164224
1194731536760868867
1196498389850107904
1195401339846696961
1197109239896051713
1194868266726019072
1197587520575418373
1198460636251992064
1200379408713830400
1192696232302567426
1196411869746978816
1194847310468898816
1191995091482791937
1196492387784306694
1190403780908482560
1190991405625135104
1199419591488868352
1192195560029249536
1197887115507519493
1194076857257406465
1190687777236639744
1199724338099830784
1195358605589000194
1197628268238622720
1199738008595058697
1204152378083069952
1202046102192689152
1204385505904906240
1204203495102005248
1210175436396716033
1211074107950780418
1212101279209664514
1202355504896446464
1206909549937979392
1206640187574554625
1205625447016550400
1206486923503710210
1202672444743524353
1206934715774558208
1207033533576990720
1206361937438625792
1201949340668964867
1220003018311131141
1217171536576016384
1221126762815467531
1218133129992515584
1213240004589182976
1223356548677808128
1217971439560581120
1215011524248342529
1222358664444440576
1222953326221897728
1220431396000411649
1214366001892122624
1222063771654311936
1223362852448169984
1220383827857526784
1213393713264779265
1223083422974803968
1214197682434015233
1223072925370048513
1223373157995819010
1214870938497552384
1214999148308680710
1222629801133072390
1215619618074767361
1216451048581345280
1213737243514421248
1223026276237299712
1215393947482091520
1220386431715160066
1221079039965835265
1223310192965824513
1222740019259039745
1220517587605508096
1223362852448129024
1227351606179631105
1232223311255539712
1233483653486764032
1226432336373391369
1223433811830198273
1224068376324198401
1223924046129180672
1224063872958513152
1226421317953576960
1231853038102614016
1231914443669266432
1228405437629730816
1228332775519989760
1232552940864491520
1225522135524925442
1232664370808672258
1226684720223682561
1232728706206048256
1225560072136351744
1232259705235394561
1233766580242264065
1232049197299273728
1226332176821690370
1223402860756357120
1226684720236261376
1232047343433809922
1229673027601928198
1233633181670133761
1224012113913368577
1232596231030894592
1232638602322104324
1233466105747968000
1233483047032352768
1233484352677388289
1226247115791310848
1229235520993140736
1235328669087944705
1236721371029426186
1237359310176423936
1238061681772826627
1239290534541307920
1239521932904726529
1239533639194398720
1239882810795712512
1240203196896653312
1240438598022750209
1240605069940146176
1241062846466625538
1242105020188954629
1243167705823395843
1243478765210140673
1236930607504072704
1241408996398886912
1242055753881403394
1242727933040607232
1238553048646991872
1239349098198650880
1239946983642550272
1241451019130638336
1242314979019116544
1235485653489475586
1238842834712576003
1241801625183936514
1242889271154847744
1244580833941434368
1236202455832186881
1237703324599640064
1240511348250783744
1235847986841653248
1238953856354193410
1239587887127109637
1239921939470258176
1241099221157023744
1242640532117098496
1243222194013888512
1243683731023552513
1238483939137896450
1238511906723250178
1241790380284055552
1242563609957261313
1242805410228289537
1242838666872885249
1244768758771511296
1240589974656839682
1241772101490663424
1242712275695403008
1244944413001805824
1235917662615564288
1236114971127406592
1237140105099272194
1237363058688905216
1238142971549081600
1240068031268524032
1243508379756244997
1244335645952180230
1235281931954085888
1236946210784555008
1239691638726942727
1233889821463990272
1237997924132556800
1238843713935163398
1240898918696787969
1241816301066022912
1244452782545022976
1236082637179154436
1236099598080307200
1237938792373391360
1238983384270958592
1239449207867453440
1240246591656689666
1240298052537044992
1235162968884535296
1237949999205548032
1238144863192809475
1243813968386244610
1235135781414383616
1239185700710305792
1239668383752294402
1241658402016813057
1241774781646508032
1244029635274235904
1244757065991475206
1236932507171524609
1239270692413009920
1239369708136214529
1239491641330851841
1241386611381805056
1241806406711250946
1242865848299204612
1243147447309926403
1243518323679248384
1244689180371935235
1244781473942720518
1237150182984175617
1238343291503955968
1241423970068353024
1243433867090055169
1244158694763515904
1239248384558387201
1239385735456849922
1241045866141454337
1242412110036054016
1236240187820142593
1238995841337004032
1240284096489652224
1240645177150234624
1241813155325435904
1242070475905236993
1243744112232169473
1243998917475348480
1234672948369215490
1236967284201021441
1238574632552316929
1239672980126515200
1242079926414643201
1243148974069968901
1243397109094596609
1236562872400064518
1237161219217412097
1237535311913054212
1238609040160296960
1239645948353134592
1240016042732204037
1242454393112260609
1242900481783054338
1243224836429643777
1244059333547249665
1245101223646236673
1236120564835569665
1237387556427190272
1238511257155756045
1241623463745421312
1242041892801589250
1242200212237664256
1242419022555045888
1242943100835835904
1244908493250969600
1235898696023318530
1239813269256310784
1240050671065288704
1240216438318813184
1242444502071218179
1242755623822831616
1243160030217523200
1244953078400516096
1236316747168432131
1238506227665121282
1238912205401264131
1242829867218923520
1243546329822961666
1235120434456055808
1237764658137911298
1241519088498700289
1243651542743465989
1244641844295872513
1238142700832030722
1238160681108754433
1242039864448729099
1243619088439455744
1244630037321486337
1236531729667461120
1238898076296724482
1239249399588335616
1241409176741588994
1242440825616949250
1242698241549819904
1242876835039514624
1243134452324347905
1243621412079718400
1245023098140672000
1237503777185435649
1238929449690808322
1239309155841630209
1240726880946237440
1241621966362206208
1243035472273780737
1234930292449841157
1236332349245116418
1237422750861529088
1238165534677577728
1238035266029248512
1240704590460452864
1238567284123131904
1239683753313579009
1240018276203278337
1241118704429129729
1242737957410226176
1243116875061460993
1243692794935250944
1244553757750427653
1238214289351151616
1238398773795131392
1239670029576073217
1240534312048615424
1243625620103401472
1234643206928818177
1236024185354440710
1238298503664799745
1238516965079056384
1238639098988036098
1238853159486992384
1239020881348722688
1240092320499785728
1240719721265156096
1240736561391534080
1241836531641274369
1242768252897501184
1244558753480966144
1237137093597396992
1238559593002864641
1240084756408172545
1240866349942882304
1241246802659155969
1241599631726792704
1242550866281783296
1243236805794816002
1244172484896788480
1244954873583431680
1236234395473698816
1236855749898371073
1238108418881314816
1238538205013536768
1239178310325874691
1241043462813704192
1241418556396339202
1241500850146512896
1238769990645530624
1240777141295480832
1241635757242097664
1242134296514699265
1242584496211279873
1243248278378098690
1235797009258278915
1237074569086636032
1239159489732976641
1241479058472538116
1242464069379952641
1242863009212424192
1235354849941884931
1241111020476575745
1241440189446336515
1242111122897059840
1242945223166173184
1244851681130475520
1245021781133590531
1238782313497948162
1238867859264221187
1239499532968153089
1239516530624229376
1240768903648653312
1242973115996487680
1243116633654206465
1243283363340959744
1236059992114913280
1241508397188513793
1243579687130951680
1234996496145076224
1235166129129172992
1237101228104056832
1238482265610600448
1238898072106733570
1241356448912850944
1241695897173610497
1243070615088758784
1243433112991862784
1243827327206690819
1240592022760800256
1235123324344086528
1238258422715420673
1239642359744180224
1239650962274476034
1239779077277564928
1239897029477711872
1240575122643095554
1240971459582922754
1241198303913463808
1241777294017884161
1242942106785570816
1244896784218013697
1238722607618363392
1239300212839104515
1240262180576124929
1241029114082938880
1244076317894737921
1237362608707158017
1238480097029562369
1238589125697179650
1241105723070779394
1242559170378977289
1242872619730427906
1243618794821627904
1235544867410935808
1238546394128015362
1240913821079932929
1244339965426905089
1244944412993445888
1236390046082555904
1237638136743825409
1240250986821607425
1240618586072375296
1241493310293843973
1243592177755860994
1243824569829515264
1244178335942541315
1244652879488512000
1238800558749712384
1240409581831909377
1240591361708929024
1240910994098061312
1243832746256011266
1244884203747119109
1236276819050938369
1237125030745714691
1238087661283430400
1239291602096418816
1240203943491166210
1242779246139002883
1242893179655008259
1244630981035745280
1245106099197542403
1234972078320709632
1237103929235816449
1238309141480796160
1239374589198766085
1243282590850662400
1243461462699511809
1238479723854008322
1239448616437243904
1239963091112038402
1241398866001326080
1242767074281349120
1249956757247582208
1250454080062980098
1246399664515158018
1247095247865176064
1250694279468658688
1250848268462043137
1245183492503134208
1246129731679825921
1248166738270793728
1249594256152563712
1251179191338438656
1246933150632005633
1247797333531607042
1250008406330662912
1250533373409292288
1246866927202549767
1248221735985569794
1249759184578584576
1252193931887996929
1255609689187872768
1247545960886140929
1250832666368196608
1252316237813608448
1246466286835707905
1246824935198244865
1249065182460022784
1255157484525928451
1255792954981052418
1251418950371434497
1253840426911633408
1254672262260645888
1247130819790921728
1251118285858516998
1254508190957555712
1247554989742063617
1250486619485999112
1245262303483871237
1245539064650043394
1247338802747715585
1247992116942422022
1248822177069174785
1250518813344509954
1253684285577531395
1253996207556431872
1245214095407632384
1245306942282743808
1245565990768959488
1247828298983305216
1252319761016385536
1245523730270306304
1247001324845219840
1247086691522928641
1247665053807054848
1250582346803351555
1250654039336869894
1253632053888745472
1245382814243016705
1246513222892617731
1247179263985541123
1247823345510502406
1248777787869184000
1251099344402411521
1254832719554662406
1245193919543095298
1249425066296619009
1252136461568217089
1253542442579529729
1246067598237798400
1246613938923622401
1247831436326875136
1249422549735243776
1250692748560207873
1252892484839059456
1255648239744843777
1255831911798169600
1245865859651784708
1251212464777121792
1255212897053138946
1255733253404647424
1245488882856198144
1247863063581261825
1248730074486095877
1250145312884342788
1251303195936272384
1255434566027919360
1246572013302546433
1249425066317606913
1253267296254115840
1253585695458963456
1245690101591683072
1246537748951060484
1247709713904656388
1252602794378432513
1253419507533533186
1253619958900314112
1253807269122367488
1245742672926527488
1246178732617973762
1252234834774114306
1254178829234569216
1248632496079675393
1250884315023630342
1245413505580167169
1247589206391689216
1247917247584223234
1248195845842821120
1249465525769510914
1250557658416812032
1251402521266008064
1251561263106158592
1246211634642554880
1247519490184630275
1248310540646170624
1250339558819893249
1254049216613269504
1247991283513081856
1248094305929039872
1250804530956001280
1251566757640364034
1253421098529460228
1253440877508337675
1253656066279256064
1247910330405093377
1252620870494937090
1252724558068678657
1254025616288079877
1254935349966639105
1246272551946342402
1247085139521347584
1253365426165252098
1254073441491148801
1246580917621215233
1248186530302025729
1247085655529668608
1247161647900143616
1249703773624131586
1250466801395220481
1254781861257113601
1255755319621439489
1255964665739309056
1246564756498067462
1246954038261768192
1247502925838143488
1253582137485406208
1245489727052054530
1247164200159453184
1250378398070956033
1252082891946950657
1245358747305861120
1247098297162117120
1248453419490111489
1250193632491114503
1250666022463553536
1252338131115757573
1253677583058731012
1253876967709032450
1248174379382509570
1251703579439697920
1252663400338870274
1254405823385808896
1255139081723318280
1246342814910291975
1249356615293095936
1250854382780010497
1247990695891255298
1248157945411571712
1253264012105486337
1251351031994290177
1253456643913809920
1245264660682563584
1247539634373947392
1247992749254557696
1248317333849980932
1250916209685598209
1246034233942048768
1246265733711122432
1246511818044051458
1247602683176837120
1248409874519617536
1250472090412564482
1250899796199567360
1252344306083328000
1253111644005302275
1253168604616351752
1253775851340075009
1255247502640582662
1255517963966431232
1246862929586085888
1247111442081316865
1248658771187863553
1250115187140636679
1250807353718575107
1252323212937113602
1245455463749214208
1246017533431500801
1247047508322181120
1247452457879420928
1247596773410893826
1252725182445293570
1253041772705402880
1253721130776629248
1246002006730215424
1246442689660420104
1246815953356230659
1250225859610513408
1252256076214472704
1252645029283270656
1253476768192712705
1254661059262197760
1255204011927453697
1255390247392813056
1255433650058952709
1247254010693693442
1247843973110075392
1248508275357708288
1253051478337437696
1254453351904768001
1255423861107109889
1255612090208960512
1245610271315390465
1245844976174415872
1246063495239610369
1249012715894370305
1250147068754132995
1253685897587032066
1245319513790230528
1245369397109284867
1246632754487472129
1248164381042466817
1250867193077620736
1252681208267526146
1254409929512882177
1245425940051582976
1245734967977504768
1251414235961229314
1252643884267565056
1253662627324137472
1255612868491280384
1255842141323948032
1247083776452124672
1250847694555197440
1247845541754687490
1247988311672619011
1249464959190339584
1252922787355901955
1255780061812150272
1245530998965538817
1245995337791057920
1247958379760214016
1248347627055448071
1248661094823890944
1250450993092984833
1250465668962684930
1250499642787278852
1252493912704516100
1255805907130134529
1247562916980637698
1251113852504342530
1255738412398604289
1248717550151774214
1249100926306025477
1250266853294792704
1251855771899494401
1253229471395700736
1258791003923898369
1263807582184980481
1265435324475305985
1263515159517003776
1261615013984264194
1263545106856017920
1256571275343917056
1261245340587622401
1264186829659672584
1262125813111099392
1266769595471462400
1260520055273598977
1257983078053502977
1260390948309098496
1260585682575261696
1261882119833280519
1262132238419922946
1261650380330397696
1271974889310711809
1276354266140233728
1277497224352718849
1270769834200952832
1275771670775525376
1273008507567116290
1271235904292577283
1270491948000952321
1277732801501167617
1270807963645743104
1275728151239409665
1268085831006326784
1271923304891330560
1268978955840823298
1271226844579155968
1273342925481504768
1268179887669628931
1276245241272680448
1277672818746875904
1270724958356824071
1267235804977324037
1271026900220207111
1276111879149170698
1277019140683730946
1267833107383648256
1267909691184726016
1271892229942988800
1274273285149265920
1268633762272665600
1269374509930311681
1276517335982055424
1272601028601556994
1274135140898390016
1268202787730587648
1268501327153332225
1268566565340864515
1272086878230102018
1270965367481888768
1275769019975585794
1267448393254739970
1274239726426480641
1275002473162215424
1271840444465512448
1270634238442967040
1270790586631667721
1273176524880035843
1277543561509117952
1270835661088739331
1276730245773582336
1278024948175392768
1271859400165126151
1273158142096965633
1269530911340716032
1273817629090701313
1274081034934595584
1272643358574419981
1275695404890365954
1270300893259476993
1267827319244156929
1268366934288093185
1271348659788095488
1273836058199748608
1268013968775356416
1271809710228934656
1271913997411868672
1276845999806275584
1271462937807421440
1274081303357534217
1272657648018690051
1273042491671851008
1272446248071593984
1276036163589963782
1279656137340547072
1286624684029558785
1280625650706112513
1286780653422419969
1287799433078255616
1281009429551255552
1278401803009224704
1280531051362897920
1280263854249742336
1282675809753366531
1282883788490473472
1285801761580765184
1284918504098082816
1282644612516065280
1285075597551480832
1283073253603512320
1284260367439462400
1285652096252084224
1278457904367108096
1284899071870873601
1279422854363148288
1285075597526327296
1285239678736535552
1278315742627315712
1284877693503238145
1285402753246920705
1282823635908980736
1279478588794982400
1289122132039856129
1285589357861060609
1286684037764063233
1278275418622005248
1282682598251266049
1285075597551521792
1286523571964084226
1285037990268608512
1285244351157882880
1288477158147600389
1279342579499204609
1282764028536852480
1278404395210698752
1283326727960182785
1284933792319168512
1287800524713136132
1283333015863791616
1285141485852270593
1283563618265686020
1284805197294972930
1286708482050203648
1282581421131956224
1278947987830517761
1284747019978973197
1279402888297619456
1288655939306831872
1279348812323184641
1278126055262310401
1284725155063832577
1282387494567370752
1286027503228739584
1281337021114601472
1288291678751793157
1282772118246002689
1283632081700917248
1287713231771901952
1278379781277364224
1292400260300648448
1294720267864936457
1293844259834011651
1290565732183359488
1298380479306113024
1291894109691682817
1293481616086507520
1291463698704289792
1293578504504713216
1294219860441014272
1291029332362539014
1291683120702541832
1293501892945903616
1298719120527994885
1293291707002494977
1298554551289540610
1291912537869615105
1296546222635921414
1299006957295001603
1298659127862992902
1291412228495687683
1296194874367070208
1291278666983497728
1291025431676821504
1294690325311696896
1290641163653873667
1291445696747331584
1295941158682722304
1291732541007749120
1292837391984517120
1289771682928812033
1290257872211701761
1296597895903404032
1293573592991461376
1298700257199448064
1291438532871897089
1296047242516656128
1289803043735732230
1293239642506973184
1295888651650576385
1292847814829993989
1299481890945028096
1292103464294789125
1291293868470796288
1297143755196133376
1298522141898547201
1293473948919717888
1294053629276626945
1298454005429886976
1300288345512112128
1291928596702003202
1295448956302848000
1300492873394130944
1293298822257541121
1300458544379039746
1291262615356706816
1295470768961261570
1298631797798891521
1298931050542968832
1304288567510921218
1300719468209823745
1301917443581833216
1301339394201321479
1306876004305174533
1301074974736875521
1303753441940963328
1311392258873151488
1303401030789468161
1306276852164702208
1308711469488525312
1306955138205130752
1300832939178037248
1301533119095267328
1303032302159540224
1308433508751171587
1304981370075320320
1305641989740744704
1301768029865496576
1305928502638649344
1300567452300967937
1306651925287522304
1308426205994024963
1303670108989132801
1311369106847707136
1304014515869106176
1309132271404953602
1305059153421852672
1306237459274104832
1304630027200364545
1301612689643499520
1303256879934496768
1306875995908198400
1307243088260272130
1306171742889619463
1309150903899914251
1310681332729565185
1310290358216069125
1305634817464176640
1305548754523570176
1301493026137628672
1301505248352141312
1307766547314860033
1308833494869651457
1304117548980613122
1306971256932139010
1308778918074175488
1321704368157167616
1318350516640833536
1314374983628414976
1319182800453586945
1315357524527386625
1322199008803233792
1319709437863497729
1322229583341592577
1311499083585003522
1313328127309824001
1317011212752900096
1315992814757576705
1315454394092023809
1312232415713128453
1312098013448482816
1322571567994408961
1314518642722250752
1318751302478946305
1315481874500849664
1322481452714496000
1313195345048985600
1318191144656830466
1321808679667159047
1312814178239827969
1312822055151251456
1313280751245418502
1313991261867704320
1321167535723716609
1321290564634030087
1317846835562745856
1313524510365282315
1322308094429462529
1313022228339085313
1317906327545458689
1317478487582666753
1313509845522247680
1314807890323136512
1318869515929899008
1313816667240177665
1318175123728486404
1316166899370266626
1313365913786175490
1311508415940898816
1315484276369039360
1318731139498926085
1312872768476594177
1316682251338358787
1319264380261781504
1315117456537595904
1322639004232273922
1329680762287767552
1323112712931594240
1323363364542754818
1327650052786036737
1323186901763923968
1325445249255288833
1331578584188604418
1322921347794653184
1322686987644686337
1329815651112738818
1329886228653740038
1328694262473646081
1327348037195354120
1329872815974014976
1329856876822007811
1325017539282313217
1328801840797003777
1325687847798464512
1330512366958768128
1329743811065495552
1325020555003617286
1331462632646209536
1325688401442578432
1331382458542039045
1327580552656916480
1332215090796515328
1325203319233544193
1331542072793452545
1329764964798763010
1332370615605465089
1330148376852246530
1331017277064491008
1324956591850983427
1332829188961734656
1324510720575246337
1327683729196675073
1329891148576374785
1331512150599360513
1327733430834982912
1336640937154457600
1344298373101322241
1337377356260917249
1339019983968493568
1333973611464552448
1339789882210672646
1344601604490731520
1338191722317148160
1340784301328064512
1344763022305234944
1334502909451657216
1338214379959959554
1341132998977175555
1344254165162160128
1342018407932121091
1340614313833218049
1341194260993851392
1337591387399671809
1340216438716571648
1344199312046227456
1340362689894354946
1341445916486553602
1341813717730811904
1338186684979007493
1341000209908817920
1341475610699460610
1341420933744095236
1334224429329625088
1344002884388601856
1341770553812799491
1335535721285709827
1334657567683977216
1340656207288180738
1337043786048815104
1338410665023717378
1338404444854235136
1334404119034028032
1334616157865746433
1344342899857772544
1333634944418017281
1335803746123718656
1340691816945864705
1338863637251858439
1336036029560729611
1340578746886017025
1339984692301455369
1334468944023973891
1337302613780393984
1340612917864132609
1338961549080158208
1342390677829799936
1258791003923898369
1263807582184980481
1265435324475305985
1263515159517003776
1261615013984264194
1263545106856017920
1256571275343917056
1261245340587622401
1264186829659672584
1262125813111099392
1266769595471462400
1260520055273598977
1257983078053502977
1260390948309098496
1260585682575261696
1261882119833280519
1262132238419922946
1261650380330397696
1263187630516105217
1260954398529859587
1264593893103816705
1258487787063369729
1260504332912427009
1263643287124086784
1263189597632282627
1264600683124101121
1259800566445809667
1258494804117409795
1261029778544459776
1263407198719430658
1258421844773830659
1259744559908524032
1258479622255259650
1259134337355788295
1262409213814247426
1259615660554031114
1259192925067415552
1262363370096910336
1263622655342714887
1265669983184359424
1260971523860393986
1261245457700921344
1263766557722886144
1263216353089126401
1260715214133231616
1260863063365804033
1263836719104876545
1257208717247987712
1259558913512558593
1258403908474605570
1264605309475057664
1262515447137632257
1258878213847220231
1256589902247936001
1257671869085466626
1261690632852123653
1259590400047812609
1260091101710606336
1262490147800612871
1263039143765925890
1263737226925674497
1263869891381207040
1260304507889569792
1262630572414787584
1256435458810220544
1259209295880691714
1263094764422877189
1258207543819669504
1263077771682643968
1258131812280221696
1261100749221584896
1259446378444570628
1263144701810663427
1257417983691051008
1257549726775304197
1259994582357405696
1262282457753231360
1261397662273691648
1263258715555352578
1257739397404844032
1257061895208669185
1266804076852854784
1257527958325133313
1257721861011456000
1265967829104209922
1256918823749353472
1262568174026924035
1263374558071009282
1266075564022079490
1264264361339691018
1262432714516357120
1259977046001725440
1257997677515677696
1262329698287321088
1259495608995459073
1259919974010945536
1261673147784327168
1267151621089382400
1263611733379342336
1264521034327343106
1257293411876573184
1259559465042317312
1259574950664392704
1264171798779891713
1261584307472093189
1263827094082994176
1257571117696520192
1264606676784762885
1256326168615088128
1263654091621896193
1259511276910174208
1258668226516586498
1260744289052696576
1258362247698681857
1261093825583308800
1256304903493791744
1256707527279931392
1258844081406439424
1261245336422682625
1263083192329703431
1264304114613121024
1258713327347384320
1263395500226576385
1264227473954234368
1262777926719639557
1257245843767341058
1267112232392880135
1259612913289093120
1259378804004466689
1262791012923006977
1264854778271674368
1265046501904060428
1263253116163629058
1264230665853317123
1256386809837154305
1259720417499119616
1263727659739217922
1264453488249053185
