1209749764843220992
1231938499755925506
1236328628914249729
1240986108579557376
1250402607589253120
1247229482408214530
1251379092861022208
1282852947790094336
1288832167192100865
1282604963735183364
1282612618365153281
1300060017614233601
1296453128821276673
1296720839098773504
1296703582700367873
1296688664840372225
1297906232469139462
1301848733609529344
1301741915663224832
1305032172349394944
1315897461450305539
1331467246376415233
1265628962895523840
1258181309244956672
1257267818925441024
1261340471609049088
