1243989702170075137
1240314083024478208
1240333415104360448
1249478722215972864
1270389740618072067
1270691156544770051
1269833467455553536
1270705899192094720
1270705899192094720
1267950963152883712
1267523492276318210
1270490035662606336
1272317381616865281
1270431019196248067
1270501768120631298
1270418256633802752
1267763381009858561
1268602237892399111
1270433320015405061
1270433320015405061
1277608069103529986
1268271621892177926
1272929866250403840
1279798152300843008
1287275489003020288
1285968316616540160
1286082166040989696
1283236307871899648
1298714723353915398
1322727866472239112
1266381987583078401
1265749222004932608
1266561426153304064
1266384515267584002
1265890621035692033
1265903718739980289
1265953997560610816
1266505471764107264
1267128504732119041
1266066803647799298
