1179094554357768194
1185197881961172992
1206950043472814088
1214683361756766208
1217182302209363968
1221123812860858368
1216208290213961731
1216497481262845952
1223700337154052096
1230912105802616835
1223855580923584513
1223822792568651776
1228272377760489472
1228044758976737280
1224081094259044352
1231165851698524160
1241468905882816515
1240623343562305538
1239363287516676096
1241443911761092613
1239985714323914758
1242856222874841088
1238659432055267336
1240030513219371023
1236002618138398720
1251755506655465472
1245422249223602176
1246141838865596417
1253021702755356672
1245199019812552704
1249372060524175360
1249372060524175360
1245621653008084992
1254418577681272833
1251567283367018497
1247599210767286274
1249044285183463429
1258833599031369731
1259915860438908929
1271150608083496963
1276203753943769088
1273700067455774720
1280235945334202373
1286727710186905601
1280975443076792320
1286109141153353728
1285977112428584960
1293668683643002881
1290676768425353216
1289721917478522880
1299376433563869186
1305838032768167939
1316426692634841089
1330957692983275521
1327356031538642944
1329146784690659329
1332283255610109953
1337424199984570369
1338321255032827912
1334242718000746505
1258833599031369731
1259915860438908929
1256663927607291904
1266172747970785280
1257611156547567616
1258821489392058371
1265035649251328000
1257374801599094791
1257377520514727939
1264255325428998146
1266072684628267009
1265711682975862784
1260621996624424960
1263891281610186754
1261350575788023809
1257396625821126669
