1179878822029615105
1179882590922330114
1199301317388312576
1202036013662703616
1204221224139862017
1216875226597863426
1226663202047561730
1243967479992463360
1237039009077039104
1239621341290139648
1239018884478500865
1240750736809570311
1242124504492621833
1242909718781341697
1240424452573278209
1242520749732237322
1242203533052608515
1239686443167092739
1234526095661240321
1239947119374540800
1241565670778830848
1234542155563196416
1243218199769944064
1238966758393905152
1238966151603818496
1239608089445351425
1236822639236329472
1241456222043361288
1243199393316167680
1245032311063810048
1245102066672062467
1244658747642970112
1247902328583118856
1254546726742040576
1245131866845437952
1251561505407086592
1248285076346945538
1247324617729081344
1255941377726300160
1254508664049872899
1254505775843721216
1252740146287595521
1253748455366778882
1254507906898092032
1247978752769961984
1248334630618640384
1250648871929331712
1255297107776409601
1249092882872651776
1252472178894753792
1247207379067908096
1247336800714186753
1253352935955677184
1254586165794988037
1252303207084195841
1255255601329963010
1247583632656498688
1255561659009155073
1251555168786673664
1250186905829982209
1254945500203188225
1249799735260700675
1258796412159942656
1269774904267886592
1275177705714208774
1269772114791448579
1273359169828110342
1271900127846858754
1272554843576492033
1277612143953641473
1285691464178180096
1280277012297334784
1285039190678396930
1282838678134566913
1287045998410424322
1285690293652787210
1286044728241389575
1286735906330705921
1289245745405624322
1287507192418107399
1288929992194260997
1286736627965071361
1285694411926646784
1292885660030779392
1292852442762055686
1296185800456048640
1292642935243247616
1292800041694851073
1296181870456078341
1292644069018132480
1292854487430893570
1304090445438480385
1306568333333008385
1305296262674210816
1306629078099857410
1300842791061331970
1305299850892894211
1320811510185238530
1312091785741709323
1314316442372898817
1313934634745581568
1312851328750833664
1315462845262430208
1322321239734628354
1322152238400360450
1313605323106775040
1321945193873027072
1329135331019546624
1343352463630479362
1338963782488494082
1344408108328738816
1339625111247269896
1341827654111117312
1341802871629770752
1258796412159942656
1261336644466032640
1256762853412999169
1263159345082257409
1262123630244159490
1260736785849573376
1261270663542816769
1259136301959389185
1260678778239533056
1260675610046877699
1256331654483734528
1266163188384571393
1262477908150562818
1263246003198742529
1263087481924259840
1262836063371849728
1262852949065293827
1262834309389524992
1261416176648884224
1265054158534688768
1264210192801001478
1256594921483632640
1262526736044097539
1257418671632326661
1257786895901343744
1262119253056069633
1263881554406903808
