1188088533514412033
1186276281492692992
1186651783071965184
1185360472733671424
1194653519946698752
1194590818331348994
1194352344848166912
1193912054299664385
1199780179658366976
1199920715329261568
1194295825599541248
1198254927841239040
1195297762075725824
1206825689296637952
1219257609414488066
1214740875491840006
1216910794509733888
1219271083284750337
1228066475203842050
1228061722818338816
1228363832013262853
1240483946858766338
1241102179601088517
1240791825545170944
1244765227977228288
1243526686173532160
1244670860746784768
1244760099845013504
1244847340017651714
1239944723512557571
1244979845811101696
1241379115791417346
1244836302790377472
1243233769139638272
1243915834109710337
1242171759937212416
1245080646000787462
1246452560548036610
1245760415486935043
1254047600694693890
1253767766361899008
1255809955145318400
1248309797243453441
1245608341943926784
1253685297717686272
1252292845605736448
1255131002168434695
1246165664303403008
1253325163002642432
1250425695198560256
1252715116300247041
1250061384525774849
1251668613779656704
1252922125976993792
1248323097406713857
1252985267985793026
1250823820212133889
1264824809956892674
1256776225261051905
1271170125023109121
1271114864602341376
1268694043329998848
1275219575240642562
1268201442369822720
1270110991976546304
1269298886637690882
1270453753079115776
1271110059737731073
1270828598090502150
1273663275696340995
1277973418026008578
1277973418793504769
1269846562068455426
1270415437617037312
1269992706882899968
1275111415649632257
1283409569377587203
1281908173046194177
1278801771767435268
1288028114933747712
1278865037097140224
1280985937783205898
1285978136920940544
1280924771719409664
1297993555416416259
1291869111165898753
1297989600443535361
1299392814933999617
1290663894491463680
1299050717613903872
1296810127677435907
1309900649543409665
1309915899072335872
1311136885159460867
1305928025012404224
1309183043467436032
1308504040221925378
1308798580468187139
1313498711906029568
1311659712841216002
1313619478954029056
1311771640842379267
1320776461716959240
1317901820900085760
1312439274378207235
1313522613000564738
1313619844743528448
1311744124006084612
1321500985483763713
1316740750437220353
1312452424112631811
1325125544225222657
1331788068689305600
1328583778231529473
1323389300961140737
1330928263431131139
1327810400486756352
1327622564731097089
1264824809956892674
1256776225261051905
1258605593381789696
1256661148813926401
1258116264360321024
1258108267638558720
1258547245508464640
1258118957971668994
1261307105644089345
1258183438609375234
1259942860599762946
1261307034621939714
1257725073538064388
1256252832312934400
1258120274630803456
1262777369267441664
1258501258173874182
