1179569099632005120
1189572479653691392
1186713926446260238
1187828602286555137
1189287286552350726
1182782147544915968
1183128296072110080
1189772748144250881
1189640865372917766
1189322650725896192
1197184850597416960
1190065060242178048
1212012694007668738
1210484134449008640
1211844476219490304
1205671529830322177
1204789814534512642
1215822811199164416
1215448219188170753
1218591483600740362
1221109063922200580
1213970075805536262
1216399578192322561
1222749339027755009
1212798449231511552
1218724338502971393
1215294391503462403
1215641389259796480
1221572272344850432
1212150420878979073
1223249199711621121
1212174905153904645
1212345279841787906
1221106485087866881
1221214417381097472
1215236742682423296
1233748687723155456
1233391336801423362
1228534408279416832
1232648257148465153
1239056841931468802
1244974119868862464
1238286982947749891
1241903948824555520
1242246980597944328
1236521314418122753
1239732906702057479
1239732906702057479
1242556401924427777
1238694319223181313
1240603908130705410
1243722852404256768
1238463687163293696
1243606011711229954
1237063526335774720
1237544570193207298
1238403869874491392
1240782998531977216
1239342012874264581
1242151293453565953
1238650712634068994
1239752490549153793
1238884728415158272
1239037980960002049
1239103818765193222
1237020367115423746
1240275951293886464
1239558573778141186
1235613114210480128
1236774599616053249
1237988073968996352
1239392511925325825
1239031500638650369
1239031500638650369
1240269734588952577
1235400425215414273
1244273865779490818
1235761124454391808
1239237871443329024
1244400974871048193
1244280550355021825
1239927590426750978
1238288695696011264
1239637565491171328
1239759196905713671
1244972738340667394
1239250493471424512
1240097192108572672
1240521103270789120
1238786881690664960
1241147314166784000
1242245312443539459
1250380507780710400
1253027271465742336
1253062750496083971
1253467576333672459
1253593239791140864
1252722921405124610
1252772461176815616
1251924229773197318
1255723610708344834
1250252266969296896
1246601635557752832
1253672966698786818
1251169322166173696
1253807560702013445
1246104977187241986
1249375992973574144
1248765372213403648
1246077005415809029
1249767715788566529
1255946194586603520
1246921261751635968
1245852478505181184
1255692284198256641
1246079937167208448
1251597023222038528
1251936294235758592
1246579100313096198
1253384967461036032
1251689136286846976
1253470670954082305
1250950501136465920
1250203874025254912
1253334721523707904
1272616916176289795
1276317314753990656
1272377329046749185
1272538256148779008
1277287416752046080
1275208640807538688
1272734978418319363
1269831353517903872
1278870078704975878
1283981878270341120
1289304089302429696
1287078457386491904
1284545648155660289
1278967471941259264
1279060431785639940
1289249538180440064
1278925291398860806
1289248240802639875
1278873063036260353
1287096882557267969
1280347858743549953
1278869749389238273
1288503168599433216
1280902880598376454
1279574059580370944
1284330330162421766
1287054843463385089
1279902611609726977
1286970789611188226
1283615983937044480
1279846804008427521
1278893517280960514
1278450274529615873
1289624066106638338
1297947608405729282
1293557105182617600
1298259254260805634
1296625617182568448
1289361013163188224
1298054277924036609
1289622600696512514
1291054737631084544
1296456807016206340
1289423534716907521
1293591088243118084
1292622064336216064
1297224851019698176
1299774130921836544
1291005689091874816
1309588351633305601
1305870560904335361
1308230524150976512
1309168954796060672
1309642525154607104
1303886363163537409
1308163697563631616
1305278728092766208
1308142837335195648
1305602586536443905
1313969216534597634
1313885464999399425
1322020008550162433
1322374009204465666
1317227274001960960
1322273190677274624
1312120319402930176
1319385200539959296
1321180309002559489
1313464543947956224
1324912883797528577
1333104589411938304
1323337292744953856
1324390838961537025
1329075290715262979
1324916974963535874
1330246724909215744
1330232475365289986
1323288572380794882
1329236099709890562
1323110302897131520
1343315792859967489
1342131032682864641
1342131266209124352
1343860991067627521
1343949808055152640
1343053591750324226
1342127065827483649
1341996289542729728
1338543955483516935
1338058523708710913
1342004935941099520
1335006347595755521
1342291251828166657
1342032048031211520
1341039430753247232
1341998756317851648
1343500490659803137
1343169102081351681
1342681941166927873
1343848657880281088
1342323092924887041
1264369313051533317
1261473858516922374
1266796184720404481
1256342816537677824
1266772847361290241
1260671296842629129
1262190318528626688
1266758652351873029
1258062946464301056
1262814968518500352
1266892815843430401
1264945014976765952
1260667059333033984
1266732525621252097
1262040723236335616
1260202292202156032
1266118140964089857
1262010348258963457
1266733176283594755
1262405591374454784
1266742228942282759
1267083796832190465
1261828784497528834
1258534686139154433
1263116424630935553
1264726316877844482
1262100106196643841
1262518937700442113
1258574101649608706
1262010444476227587
