1182364873038225419
1189017973819768832
1182311272320253955
1182706095455903744
1182312641349521408
1183185834981445632
1185649003486015488
1182686535830908928
1195469021916925953
1195330971450642433
1239990133056778243
1240451145061015552
1242650496772403201
1244107188307726336
1241015641479544833
1244326455913467909
1240691850203160579
1244492049677778945
1241028334814932994
1244542208079835136
1244595260790943749
1241028078094225409
1242013346511106048
1243820875805331458
1243185378061881344
1242646107659874310
1240506032167804935
1244412166746312710
1242387504935788544
1240703289194205184
1240953255208853504
1243667553609711616
1242142638876372994
1243252235129303043
1244834023417024512
1242390422351216646
1240718974687629315
1241869044975878144
1242076297150582785
1244285773039284224
1244596350949265412
1240827148065275914
1240867110936547328
1240977645778735110
1243410514450866176
1244494856799617024
1242412711247568897
1242814039467495424
1242895363524214787
1242137704923627529
1243562223483707393
1240866728302637056
1240992166467588097
1245871104989655041
1245938090012745734
1250201140244905985
1254990335001780225
1246096135296614400
1246316441575608323
1247896074737442817
1255144956131291138
1248362394868482050
1253168482600042497
1245904275571687428
1254850141888151553
1247260948601200646
1247986671502725121
1252460895164383233
1255561286924058626
1253204769017126912
1246918998052265985
1254967974886207488
1245876731250126855
1247117982939176960
1246936903275950080
1245942141446209536
1255160416449245195
1247126973597581312
1255380470168195073
1255418401062879233
1245725182335037442
1249539160718925824
1250099414791794693
1249413569721946114
1246091689141440512
1246065294612840450
1255410212292497419
1255702940423249920
1254868773779263497
1255283273384812544
1254879051233320960
1252105182164463617
1255114218484969473
1255917230468091904
1246269388392710145
1252259535512915970
1246539866571227144
1252364852699385858
1254979872457461762
1245934267785310208
1255180086048890888
1284707579843706881
1320699735087472640
1320598648510685184
1320791111108087808
1256468456150495232
1264055658799943682
1256295529237090305
1264490624591499264
1256277238716289027
1256055008782622720
1263900456650027010
1257085721724280832
1265487573260144643
