1183865494308315136
1179806803200225284
1199359379134451713
1196787875070631936
1200343305239908352
1210640337233993728
1208450247850123264
1208075000227352576
1205639258855395328
1210274020542894092
1206100644882288642
1213983986030141440
1233535625099280384
1229213252204105728
1233498295785443328
1233455522273210371
1232767920675131392
1233545060291096579
1227172910831480838
1233095384748052480
1232099079884177410
1241575505662337025
1239284162013458432
1242244984092442624
1238688119253348352
1240054244603904001
1236825033181454336
1239206217584496641
1242908162270912512
1234750106764750849
1236569559970258945
1241640960234225665
1243667004147580929
1234621427753443328
1237057168081391616
1235971603273519105
1241406641754398722
1235558395316486144
1241397214968254472
1239625167527124994
1237418812229611520
1235978412919083008
1238266565134635008
1238865490744881157
1239669685559480323
1242525163465441280
1244400843756949504
1235008713322184704
1238639934551904258
1238103451952975872
1238954007336370176
1239330429368332288
1241904420540960769
1238816572610928640
1239221079429779456
1235176335481413632
1241546301457694721
1236359775790813191
1243675614747516931
1239068700596043776
1241507705564651527
1238986812887973888
1239230244214767616
1242789606090817536
1241521840167608321
1239976474532347904
1242955698855645184
1237448203290599424
1240054383024336897
1237056202867118081
1235201002833350658
1238862742540279815
1245309921404616704
1250824978188165121
1245491638501355521
1252599873444208640
1253747070084808704
1251223437076553728
1245741741795348481
1247161322757898241
1248904212458680321
1251314449283198982
1246465859008073728
1253630594287915009
1253793811400060928
1246185453000294400
1248613339225190402
1254567010375208961
1254506642839949312
1246207941381951489
1251657920812638208
1254987071258857474
1246123313438625794
1247642101237583872
1252950707667374080
1253280516704329728
1246553537582112769
1255927969765224448
1246255191726477313
1246504538531602432
1250865243804151809
1255559772767649793
1248407499302002689
1253886627161747457
1254099978181414912
1250931656791392263
1247599420776030212
1250886148458713095
1249016498976198657
1246223600190803968
1247901141456703492
1248377246848450566
1246082055017988096
1251203514144968704
1250922361555058688
1247356434427281408
1249380552148488193
1246221586924859392
1249121621002027008
1252388836581097473
1253386112149618689
1264975657274167297
1275963291748241409
1276539018679910400
1271226878154530827
1269677499132379140
1274010021165228034
1273394779087405056
1268308565330137090
1275464014387183616
1276665661499084800
1288601660848254981
1286817976700866560
1278829464005165057
1279930994280316928
1283161820501606412
1282098116062261248
1281714148091604993
1284870120087736322
1288735014558081025
1285616507561619456
1287125872827346946
1285701370922885126
1281658422589628418
1288266431101009921
1288579360128204807
1287435422034010112
1283071477328347136
1282346594101342210
1296569890770497536
1299142396379377664
1291049293093249027
1290396509201215489
1291506619021430787
1297154761037357058
1297727535191658496
1290198465935372289
1293931513931870209
1299008056202801154
1290273346819481601
1296993125173538816
1290374089887096840
1295064470939750403
1304248130247024641
1307438970587033617
1310072042977452032
1304491848661073923
1302723018376970240
1304142977434923008
1307448157668810752
1307820720953716736
1311423992335654917
1305595370030927872
1309186981893738497
1305954415057268736
1307063502281093126
1307990602840240128
1321169902921764864
1313288927319646208
1313103832679960576
1318315184134496256
1312841345426391040
1315770948650401797
1314611819198263297
1318724233606893568
1315778333586587648
1318972804839198727
1312147545393524740
1318359740225814528
1312540835456614402
1315717186091180034
1312496221173379072
1316070008389238787
1315731342525698048
1313554888157286408
1315330085390606338
1321242770569371648
1313844249004306434
1320429272713056256
1327701130500055040
1325606633502887943
1330284515567210496
1329471545350230017
1329982532897579009
1328837203255025672
1327029605644054528
1332533281233928194
1331732095710871554
1328034942568239104
1331342558111404037
1322955715934183424
1340906259088769025
1342275040851722246
1342212617562161161
1340450998859522051
1341175831234801664
1339007506065010694
1339732055329009669
1343649686230589442
1341065588140077060
1336985469872205824
1341859158858100737
1334996749031706625
1338916242200137728
1336716065531785216
1336461706172780544
1335297094723244036
1264975657274167297
1259653170214711296
1258903908023504897
1256988539687968770
1257787405370875906
1257478113224790017
1265988549666537472
1263280335070134272
1259698318248198145
1260343481366507522
1264625228187144194
1256710782085148673
1256986284947578891
1265113977878650880
1260336257772765186
1261399011849879554
1257464230053318656
1256712253191192576
1266113774106357762
1257045458788155397
1266420868466573312
1257798226339561472
1266854249125810176
1265141744158625793
1257023711372288007
1265055605758267393
1261797383328821248
1265454770380308480
