1181092117801623554
1188595373192990721
1179565997193347072
1189519822637285376
1182009873782968326
1184182364936777729
1184770248186175489
1182706084986920969
1179030563526709248
1185610975761686528
1186463199329210370
1181332869689626625
1182361941475414016
1188818052625948679
1179726641347665922
1184528945129148416
1180175845618585600
1184492903348858880
1181287052769292289
1186375265166839809
1184709182781644800
1182304730900398080
1184553382465474565
1185026126235586560
1184593824611557377
1187026087043313664
1184637669260824581
1184175152789102594
1184864199043899392
1187695891307810817
1179910643056558082
1184600931977105409
1183551049170391040
1192066453769523201
1199754228639707136
1190258745164611584
1191409294614417408
1196465864897417217
1196509672901160960
1192820631705927681
1193930777307729920
1191008234896801798
1194380568303005696
1190272133391368193
1195765782464139264
1195859319859949569
1194643055342698497
1196338706183081984
1190876017608527872
1196426078581149698
1200378723444416513
1194520999171182592
1192771813668982784
1190342767597301760
1196660315787874304
1197828915353526272
1195381853924069376
1192639075326537729
1196416149170348032
1196435043725533185
1199372791012896769
1197887087204347905
1199207032395571200
1192761185285922816
1194375842849120256
1205625929759961088
1202062163445043200
1201378240448933888
1201885631540006913
1205712755635998720
1202219680544559104
1202090787384770561
1209224449532276736
1201877114816999425
1205236120621068316
1212124765420314624
1201660794695536640
1204717166274236416
1204507379800391682
1209368507072360449
1209246696154320904
1210927763835805698
1205577965360308224
1205631033829462022
1202091498994589696
1205308919712645121
1203009997522817034
1209191511251996672
1208777351284318212
1209448146704764928
1210331376781844483
1201873487025053696
1205137614501826560
1205886408235175936
1203454100354084870
1209508114413883397
1202356729259925504
1205470990194659329
1205434458758766593
1210208568533762049
1205851495750668288
1205147088528576512
1206257072725213186
1211400149416775680
1209587881485852672
1210583034132680704
1201340235654877190
1201972230273601549
1204316552721522688
1220741923838791680
1221883548459847682
1214785328512425985
1221871760573755392
1213565770363523076
1222646102941298688
1214193119148871680
1216099979493871617
1214601594831962112
1215271171794657280
1215776178583359488
1217486867895062529
1222665413668036610
1221277877058052096
1212787518900490242
1222750614100246528
1214937410276143107
1221278085963812864
1221570753289707521
1214577427059499009
1216017548212350978
1216020433897775104
1214940141418143750
1215524243514937344
1220333013512245248
1216043899652886528
1220164275240607744
1221079313979789312
1215260718318202880
1214582020342345730
1216886365134213121
1219819601007169539
1214373604026175488
1214626529629679616
1216449420612513792
1214586116113862659
1212282500128690176
1220502254882639873
1217780234998763520
1214718372157493253
1222418920138838016
1214846946197823489
1230878979726462977
1223400957695942656
1228438470697390080
1231975739781795843
1233198520699686913
1223771739982913538
1228161425605939200
1232360595007188992
1229596172333002754
1223488182248968192
1232710328678600705
1229241664432197633
1227592792542760961
1230902836801802250
1227642401893822464
1232639593197031426
1228702063128915969
1232742717073043457
1233323966745456642
1227675931373953025
1229453365027000320
1232154017167499264
1232645447908458496
1232834514700963841
1232088315706462210
1232165811558612992
1232858697224851457
1224458425922473985
1225968953865854976
1228342233083990016
1228353364410404864
1228355346709852161
1233888203544944642
1226300106657423360
1232319920467259394
1232832116548931584
1227355724994555905
1233065321315098627
1223580713288708096
1232702453017083905
1233543313241800704
1230933832842399746
1233065370354888707
1228537126465064961
1227002782705688576
1229667956696612864
1225498284405510149
1225833063302782977
1232739908437135362
1233190001950822400
1232092083898507264
1232591210415566849
1232897768978616320
1233116370851782656
1228806195252645888
1232739863717466112
1233188719689191425
1232884275923619840
1229403371636957184
1233562799994834944
1228388761823776797
1233080855808995328
1223419337136115712
1229717877521108992
1224352853206163459
1226983140616495105
1232115304731467776
1232803015146426374
1233728795569524742
1232790548915703808
1229387261290012675
1232214285092179968
1224798545284300806
1228174226831503360
1232175236667396096
1232871662552584199
1235180555605626887
1236062982653665281
1236800131598635008
1237869022097465349
1238603572486561798
1240618479612559360
1241136514282618880
1241318814916149248
1242072929413758979
1242137393144172544
1242641933027012608
1235260899939799041
1237472120118169601
1238156992285270017
1239212961178292225
1235988932199936002
1237161784181751808
1238050675872935936
1238432547689975808
1241273907295989760
1241420210441093122
1241513845610274816
1241884286543781890
1242159193798443014
1242540875479158786
1242932512331952128
1244066197265469441
1236881035658321921
1238253207182344199
1239773231147560960
1240020040029597696
1240228811641413633
1241336663093149696
1242046423299796992
1242102451303600129
1243153071296962560
1243233743718027267
1243594664390860800
1244011741081550848
1234834309665710081
1239721187502100480
1239949139447672832
1240060976449404931
1240830635972886528
1242173915813773313
1243606927176761353
1244102185467723776
1245059890562940929
1234876741996380165
1236316268270981120
1237436025930039296
1238168526847909889
1239655442072186883
1240698350564827136
1240999406519889921
1241937005740621824
1242035780073279488
1242293730301956096
1242308923392221184
1242830486877044738
1242988181907275776
1244338172961722369
1238269770534961152
1238821917857103872
1239238676766482432
1240235967006617600
1240676295408791552
1240740479651721216
1240815521517514753
1240947391064428544
1241397181937901568
1241736570069233668
1242947626930184193
1243647169283985410
1243666857984475136
1237198082946678784
1238870754625757184
1241360764310622208
1241989135746895873
1242732743903121409
1244748482876932096
1236000483338260480
1238576131575631872
1240347254466260993
1240407281948332034
1240455865204957185
1240543525663657984
1240740418603626502
1241515933891526657
1242571875588472832
1244337842584784896
1235614042762424320
1237378626754088960
1238224735315451905
1238512867223023616
1239792259421347840
1239955092326895617
1240300203569229824
1241484619679178752
1241568978100719616
1242188093660282882
1243515614024454144
1244573893177851904
1239685394700144641
1239699232145248256
1240686051858898950
1240884428529733632
1240907471960584192
1240920912016347136
1234501218636115968
1234713964866625537
1240013130740183046
1240267553034981378
1240622808893440003
1241854690280734721
1237405920604442624
1238647866387836928
1239576843285680129
1241041537628160000
1241339913636696069
1241890738755047424
1242532009051815937
1243253093455794177
1236115671513288705
1237963946075643904
1238415882214350854
1240725181666131970
1240789899210612737
1241364280928329734
1241616115320717312
1242219149893545984
1242226034210209796
1239420088798695424
1240061370281988096
1240333447022985217
1240484286563782658
1240970348016873473
1241730715265441798
1241944788368347138
1243342036771598336
1243643078298046464
1234994178913792001
1237437884757573632
1237929304241115136
1237964042981060608
1238172317567631362
1238450819281928193
1238487916546056195
1240294406755880962
1241390696646553600
1241755051628036099
1242005453413875712
1242137500870557696
1242876771101442058
1244612643241046020
1244754431972966402
1237019074309357569
1237350095571636226
1238771687996489730
1238809215411642369
1240737650413203456
1240826985401597954
1244038854362796032
1235319187385577472
1235721234953859072
1235982286216212486
1236059854860582912
1237059208001945602
1238442198611435525
1239865727420633091
1240463499597418497
1240493681255370752
1240574285619625986
1240853368538574848
1241375407175340033
1241835401922428929
1242085346025918464
1243548253762748418
1236761992796364800
1238187230298071043
1238899330422960130
1239557799979429891
1240912905186562048
1241026393951125504
1241082289477599234
1241664278526078976
1241754867984711680
1242187281152094208
1242226772437086213
1244010873259253762
1244579294606700544
1238519323632730114
1241027644071739392
1241108030445555712
1234974061656035328
1235270382107660295
1238101024696664068
1240251863980806145
1240656047930396673
1240896012786585601
1240951827371372546
1241152515967762432
1241258564762710017
1241369993570181123
1241812342234628101
1242205747129323520
1245088058061488133
1235241304960843777
1241577515132600321
1241622612284977152
1241910102493401088
1242299438766252033
1243739272013897729
1245091945304723461
1236028006411448320
1238309774845829120
1238486605243039746
1238820892723085313
1240681100101517313
1241396933375209479
1243366273641152513
1244443887680225283
1237241900920377359
1238594085600059395
1241399013947179011
1242189862561873935
1242199853393821697
1243480066467737600
1243905284667592704
1245068357730213889
1234860404800704512
1238159392262033413
1238296293686075392
1239902078421565441
1240456331540271104
1242459894789308417
1242635771586084864
1242656945024184321
1243153571052490753
1237178504892035072
1238426875090919424
1240404875810344960
1240448720673689603
1240621609624338434
1241495297160892417
1241878804278231048
1242111361964036097
1243389413280714752
1243608510400790529
1243793555375771648
1234571311344685058
1235622702364450816
1238053125157781505
1238512086432579584
1238876333016526854
1239572577917513728
1239604845880852495
1240972696495800320
1241847120816222220
1241962532782440449
1244890717505421313
1245014202026205184
1233916121474043904
1236700632339427329
1237254212251197440
1237370171603456008
1237380928638300160
1237390685382135817
1238205115095490560
1238802299859931137
1240969963042562048
1241065975262347271
1241569711424450567
1241824085673414662
1243711048525512704
1243914585209479168
1244229921691574273
1235085278349365248
1238529048839675904
1238988098811441152
1241685171138674688
1243530209392910341
1238869509319962625
1239577450969018370
1240992564863434752
1241780452354121730
1242002855311130624
1242088280709095425
1243297580420935680
1243559026119540742
1234584024666038274
1235276793919262720
1237530176025530368
1241017810425221125
1241081422095495174
1241137910147166209
1241435202989236224
1241738395648430081
1241863150296870912
1235812913476059136
1237424088819191808
1238191549680418826
1240256870020984833
1240401625254068226
1241175222650363905
1241403356465299460
1241508227688390657
1241714664679133184
1244449773647691776
1233909182891511808
1237382980449923072
1238171381101191168
1239220128048439298
1240036161604554753
1240448530126270464
1241204951851900931
1242458306381217792
1242525039724904448
1235066692830515206
1235963678299586560
1236499433111592960
1239500380872024066
1240992496018247680
1241084047524352000
1235010608535408640
1238300541928775680
1239042907807465473
1240274060141084672
1241650994267783168
1241718720587759623
1242112452478803971
1242431538714853376
1242508671608897537
1243497805928452097
1244313610651865096
1244713847602253833
1236719939630829576
1238187938497748993
1240250148816633857
1240878492419489792
1241052493125160965
1241738591417651201
1243200844020973568
1244880875294203906
1236045134715904000
1237876500394692609
1238974979212894208
1239570922316668928
1243490640111063042
1243617145403121664
1235271716890464257
1236336493221773312
1238913110360166403
1241222106609790976
1241673208203563010
1242209881521782785
1242789675380748290
1236329523899179008
1238177384811180035
1238182888773910535
1240581984520470528
1240990769768329216
1241312357189652481
1242212036626591748
1242930555848740866
1244029246546329600
1244099158807584769
1235960440313851904
1236060042463412226
1237256427170934784
1238485529387315200
1241455817724960770
1234955887732760576
1237573132132573185
1237928067873607681
1238123848568053765
1238420574470311937
1240638186386272257
1241957294104924160
1236345294721343490
1236755070596849665
1237201763662528513
1237392485887795202
1238302588384182273
1238504340647706624
1240296185954369536
1240406070348169216
1242165615265288194
1243560192157126656
1235027060575236096
1235359197648347136
1238569391375224834
1239891140675018752
1240243265804402691
1241006151103209483
1241844348372819970
1243186295251271680
1244684344456810496
1237357016261308429
1238814080409964548
1239707499953041421
1240466196195094528
1241431960213491715
1243522031154597888
1237393092073771009
1237962856995467264
1240047421171867648
1240399541528035336
1241120444415180801
1242808823842246658
1243032042474024960
1243366981694185472
1236846315717435394
1237120319837671425
1237922153456119809
1240824700504178689
1241659593471582208
1242190793328263169
1242359446665195521
1243560671259832321
1236213641961189376
1238201922512920576
1238565497345638400
1240781801129488386
1242126633148067841
1242179748555522048
1242243117723549697
1242435401316536324
1236578667179970561
1238074500530479105
1240160876608417793
1240404049570205702
1240406943631540224
1240991956853014533
1241190761544192001
1241780613213913088
1241832635917307905
1242091638198943745
1242152591867490312
1242180849002360833
1237947120084279296
1241083338154278919
1243278822834868225
1244795306866335744
1235630853012807680
1237092618615566336
1239284237506760704
1240400588720025600
1241485097859256323
1241726440791474177
1242067594418573312
1243060092565626881
1243880511002591233
1245431686269198336
1245827174311047174
1251947828563369987
1252192493275418624
1252243749188534276
1252985443198496768
1253465183353212928
1253808857568235524
1255561496647458816
1255693150003355648
1246185767900241922
1250951246271283200
1251405503097339904
1252014690827407361
1252860370814820355
1254453978680619008
1255284398058082307
1255898601231757314
1248555331606757377
1252100093517258752
1253803566680158208
1254575500619636736
1245849254259810304
1246079854342266881
1246584157414649858
1247161130809724929
1251519745364459522
1252301435724869633
1252323540101103616
1252500400239828993
1246118811624976385
1246334531151552512
1248089482471055360
1248809549861134336
1250292629700411392
1251909697478819845
1251971134674763778
1252208647486279680
1253354659412148226
1253899948082462720
1254733355150708743
1255828605516595200
1245876316034875392
1247571841113378816
1247585493186994177
1247905809734012930
1249066059073753089
1251995604257046532
1252036863600156677
1252367737889845249
1253190832208916480
1254407130104422400
1254754728094904320
1254893700553101323
1255809463908474881
1245427147319193600
1247572073121230848
1247731466257207296
1247876485974765575
1247943372112908288
1248370010105544705
1249465332412166150
1252058358019813376
1253415178223271940
1253417893359845376
1255073826410504192
1255511071097524224
1245333603891974149
1246831518435217409
1251897530457219078
1252027919196659712
1255917148465008640
1247534518996578304
1249693266892558336
1251965808290349056
1252027875215265793
1252447645341298688
1254138197342388224
1254796696158113793
1254938800108695552
1247277239407988736
1248807276774858756
1249047365065101312
1250513416894255104
1252248354039496704
1252344047890358272
1255622230156939270
1245825612259848193
1246827749060173824
1247310256641736704
1247502457443356672
1247511964575645698
1248085099138002944
1248480639092813825
1251534187087097856
1251635869662019584
1252032753773707275
1255005445195956225
1245824434864377857
1245835216125489152
1246257511147212801
1247909651435401216
1249456524994306050
1255563731448152064
1245349926705324032
1245522724509777921
1245583958764482561
1245615481907634177
1246451556444241920
1249008018282418177
1249086238939926529
1249775027576340480
1250903082550034439
1251187159782096896
1251515662607855617
1252020266764566533
1254929419233382400
1254977111858860033
1255884958444503042
1246916570003144706
1247202278139932673
1247639015391735815
1248619639413690372
1249867143350571011
1250787602212495360
1253026264199434245
1254849381154652161
1246066183595491328
1251004225133268992
1251923290597339137
1252151490468352003
1253481352344690690
1255200002156134406
1250652441290387456
1250963084040077314
1252405571887591426
1253642946500538368
1245890024899518464
1247583952732332036
1248051918301278209
1250885019201134610
1252309897716404225
1253745451939094529
1254777388971376646
1245874353109008385
1246108036160159746
1247169360143228928
1247305785794846725
1247594055086886914
1247888148236873729
1248311332203573251
1248649661151186944
1249977749760024576
1250131508762783744
1252251989448077312
1252252257896161280
1253344062977052673
1253376293501939712
1254852856714272768
1245469600881541122
1245485724150960130
1246260067848138753
1247470259357077504
1251252893413511174
1251469517303226369
1251469910435418112
1251487141340811264
1252168504817541120
1252269778355568642
1254776225584738304
1254830394379243523
1255249342132367361
1245523826726916096
1246073741915783174
1247887734372323328
1249503217068560384
1252268556978458627
1252981567657558017
1255827075782586370
1245468483070156801
1247663953557303297
1250449677377568770
1251185994566696965
1251523126938275841
1253109425272840192
1254429685032738817
1254446898120884232
1254936446005280769
1255199419168894982
1245245022800187393
1245542740416516096
1245690443926360066
1247536356781436928
1249111049342574599
1251216969438822401
1252024303887028229
1252275489860960257
1252799933499015178
1253709141006323715
1254778240117297157
1254784434705797122
1255939466339987456
1245503610190004228
1249775928642863107
1249799020630900736
1251179430447284227
1252200611698937856
1252444127779667968
1255853391227482114
1246664288632213505
1247952913076551681
1252022359726460930
1252071798889254912
1252620022842888198
1252943351743217665
1254743091204014081
1247548253681434624
1248775528007467008
1248852086109978630
1252941537224335362
1253133426640801794
1255031413965021184
1246117276669153281
1251279998054535168
1251468729172574209
1252519497958928385
1253305187575496704
1254810711907340289
1255155843303161856
1245476816179154947
1248074169998286849
1248373639583395840
1251897897932726272
1251977400184967174
1252131653960511488
1252192165880627200
1252377767741542401
1252932727680139264
1254724439394209793
1255888983772430337
1245491383709962241
1245593762539044865
1246532047016996869
1247574088438202377
1248671842308677635
1250513217127841798
1250972399195086848
1252065491662909441
1252159631788347392
1252172661452652546
1252177814733742082
1253281910173859843
1254430510887194624
1254960700692336641
1255162693838872578
1247202840159891457
1250585151593201666
1252047321694703616
1252249942623567873
1253800643942248448
1255828736295010304
1245367719538483200
1245840651284967424
1248101661068967936
1251910525744746496
1251912363009343493
1251953094986018816
1252063203820892160
1253134479956348930
1254919827170435077
1247526665095245826
1250952219366752257
1251272399670165506
1251947392292868098
1252692693374787585
1245406568306237448
1247288552246796288
1247530846065553408
1248091798649606145
1252225248235327490
1252394194640924672
1252395338192703492
1253054829590528000
1253329693459144705
1253336600689303558
1254194070995509253
1245487311803969536
1245551828672135169
1247889397090906113
1248413337357971456
1249327720728686593
1250235846546132994
1251645104357617665
1251945649177845760
1252596088130940932
1254681360406507522
1245467542396772363
1247606201333891073
1248406410108391426
1251942558634311682
1252220330854227970
1253062243413090304
1254777091461013505
1255554249917956096
1255861153579884545
1247152053270568960
1247395459389427713
1251220115737231361
1252184553428525056
1252228786583552000
1253819967096655878
1254496533510266881
1254931797411946497
1245834003908685824
1247002474407477248
1248330835297570816
1251941128619917313
1251970422326820864
1251980443961790465
1252230523008593921
1253792506971672578
1254534868697935872
1245477995365699585
1245978101995245568
1246039623652069377
1246151732868120576
1248032091482271744
1248281799689736193
1250187342171836417
1251857645197299714
1251916589118697473
1252585625372549121
1255551309593432065
1255616249083523072
1246173704813305858
1246816548863393793
1247513163144343552
1248035495973720065
1251214452042727430
1252026704995979270
1252239509346975745
1253507545987252231
1255943656479035398
1248126442694721536
1251192328317882369
1252076270567018497
1252235652323659781
1252328732653740032
1252392079293964288
1254444837186740225
1254507303463800837
1254509107668803585
1254842364960464896
1245497876341493760
1247675821751447555
1249052029655429120
1250447249097842688
1251957066975137792
1252048615658475520
1252402615528247297
1254910603883413505
1245407354851647490
1246241379866398721
1249915769686818816
1250025975414390790
1250498783206670339
1250745358747152384
1252330116782280709
1255731345638281216
1249714116794687490
1250066623249203205
1250381900289585152
1250416124212187137
1250547726292418560
1252052864287023104
1252059883312082944
1254785352595673092
1255511811648094210
1247355009517355009
1251744176674308096
1252261787350626305
1252412107011747840
1254601318624305152
1255902397102243842
1245404274043105282
1245880363546742787
1247798812774502402
1250206203759808512
1251706885121568774
1252053881137348612
1252367433488142337
1254043583264329728
1254810422642958337
1255525904564072459
1255909162485051393
1245394105292619776
1245511910717632512
1245715977574256642
1246655558976970752
1247949985426993152
1248080423348912130
1251922312770748417
1251986206767960064
1252479689207275520
1245789797047730176
1246059177325232131
1247716279018020865
1247919555193769984
1248659014969438210
1249543780379897864
1252163147940716544
1253138030568681473
1254471917169455104
1255333666047365120
1255742841571155968
1246164334646046724
1247518710123737091
1248034894485356544
1250860134835924992
1251213905617211394
1252081421738377217
1252250044570300416
1252912764324130816
1253061219826774018
1253653042207100929
1254048648838746117
1254763886840086528
1255500255602315266
1246158225000579074
1247891170107129860
1248742564976570368
1251996715093196804
1252107711132708864
1252352801360932868
1252932032642105344
1254839350027857922
1255187602921013249
1255593155090513920
1245322995050176512
1245553267444252673
1246543160697815043
1249385767295545346
1249867999382777863
1250925834409574401
1251857626725564416
1251930184715956224
1252649555637788677
1254653834779115527
1255168533291507712
1245470271882002432
1246520829581701120
1246884632173277184
1247201246349590528
1247518740847169541
1248774452437037057
1249595589886652417
1249802784565837830
1250978713262526464
1252089723704745985
1255255325055356928
1258177923594493954
1256987660754849793
1257794496668065794
1261306279848443904
1262896120717590536
1257360636046127113
1261501771957989376
1262966258481463296
1266740541531869185
1257499975426224128
1258126118533595138
1261404367619571718
1265794515052515333
1259217166056001537
1256619706951233536
1259869063611928576
1263610395375341568
1264024501924364290
1269298270678978563
1272724088650436611
1272899935978086401
1276911761862602752
1267280386234757120
1275970653905133568
1271221690400456707
1272639282063323140
1276986582684307456
1273239719191687168
1276120042674012161
1269552195034324992
1273446183059496962
1275274401760632833
1270501691360636930
1276283326408667140
1271558968024973319
1273435668291768320
1270129417017348100
1274019555023761408
1275296656322428929
1268905865064693760
1270003928143409154
1277939864202366978
1275880367430533121
1277825756031139840
1273615175854231556
1275494652100083712
1278057845905403904
1267838955162079232
1273405383076384769
1274318010547949571
1277574483293986817
1270343494813573120
1271305484579020800
1272181535769350145
1273027026753069056
1272651464851116034
1268559888004845568
1272290985674932225
1275141593582927873
1270382531209289729
1270392687317995521
1276584230278049793
1273090315788877831
1276482873734901761
1275068588085227520
1276581846726270977
1278084422592421890
1271298747402764288
1275327851215159297
1275897849327300610
1272940779573567491
1273873015013617664
1276159436982226947
1268392217539944449
1270056477517066241
1272111293793816581
1272129413270900744
1270769120200527872
1270172920879464448
1273828571375534082
1276874107305570304
1270057393032962048
1270428219750129665
1276266474890498048
1269087582903828481
1272816604682862592
1275279323910426624
1276915489034420225
1272933585490792451
1269982572400054272
1270053163215794178
1276149267837550592
1274314061090521088
1276303323944157185
1277645459612413952
1267379661190856704
1275456454569463808
1275541982300028928
1273477424215289856
1274421076521517057
1276871045018988544
1275193312522260482
1273714380186750977
1270354026060627968
1270053364605292545
1272152240523038725
1273245730522759168
1275090369672351744
1277663356392964097
1268192624994848768
1276230197407371264
1267339253270188033
1267482701508104203
1270800554437021709
1271357691835887617
1274492236844187651
1277818158615859200
1267522754363879428
1268466935446016000
1275442260331528192
1268256281912938496
1272189129967755269
1274661333447909376
1273648521321775109
1275031535490662401
1285232019526615041
1278846788305223680
1279851041517756416
1283373912273952769
1281040724574732294
1285186481380786176
1288861456558104576
1281177392199995392
1279446237603745793
1283352083564056576
1283358982170648578
1283582045302730752
1287110074058584067
1282424768076165120
1279074924494065664
1281710029289271299
1281812940522426368
1283255247180386304
1285952370040467456
1287125383545069573
1281343515104931840
1282686742068441089
1289314093023653888
1278147234329243648
1285191810881515521
1285192320569217026
1288485945528979458
1286100489986351105
1280949656181080064
1282366897443479553
1281229646894370818
1284195969966333953
1279076778351497219
1279882763919908865
1286708627068182528
1283153935210033153
1286979815623536641
1287852902057259008
1284909079836585984
1287045895327035393
1278970631183314944
1286765323551559680
1287577843359272966
1288832206216060928
1279545894262550528
1286100086003556353
1278301194008625152
1278876961499013120
1289192226132639745
1285199887362068480
1285208303006605312
1280219004729245707
1282263105196756998
1279020338853097472
1284620277134045187
1283072209204977664
1285350056036569088
1281874062243921920
1283959401179762688
1285329113876660228
1279173701372690434
1279785168358838272
1281197718430519296
1288874703357181953
1281256017003786240
1278263628416929793
1282833387221389313
1287166235810000896
1281334223291461632
1288470808113876997
1282692540823744514
1285187325413261312
1289233977107243009
1286189312309112834
1287028026815938567
1285965983967059968
1287819985189052417
1285370475858690048
1288865692016685062
1278120034716594176
1287887741267726337
1283902244132401154
1288139412803588096
1281217688237473793
1279796919154417665
1283965409746735105
1280649569878114304
1284225541269323783
1287149691403206657
1287040289174159363
1279206371880128513
1287837767632920576
1288599959206604801
1280085040731500544
1285615324012974081
1279081978382487553
1284025037624799232
1283115804825915398
1286711195743981568
1282149858309214208
1286269315646459905
1287806726591451137
1284614267673743362
1285889258981593090
1284907217724964864
1283155829055721473
1278866796171460608
1282722018383798272
1281300011486232577
1284547221124513793
1279883919727431681
1287376672405299200
1279097992662921216
1287522504165261313
1280212673012158465
1282834094385225729
1287065933643685888
1283361750415548418
1288175088471347201
1285367978272460801
1280511905145196546
1286897149393997824
1288172948730400768
1283484156954017792
1281225115527716865
1280215849547202561
1281572024092164097
1281938685978644481
1282361681515954177
1289008776771764231
1289244376883843073
1290820651381596160
1293933070031233024
1295178203334610944
1298713856278065156
1291868327413821440
1295334149562216449
1293721693848993794
1295747881828257792
1290461349986938881
1289550064960954376
1291845836792631301
1293745953439129600
1295720216823988224
1291073667770863622
1290096875840786434
1292762469136510978
1298786840229617665
1296625318271344642
1298009607307169794
1298269229548892161
1295631635308785667
1291709355717427203
1299889141073707008
1294697735434706949
1294676194806333441
1295373122124873728
1298296685467230214
1299417923598061568
1296990661682573312
1296539124049092615
1292128151829610496
1296956575979053058
1298785351230611462
1294276317924466688
1290460916648226830
1295432609191940097
1293587178224852994
1290976662721527809
1291773603013226496
1294252930904752130
1293372580963987464
1295484861864644608
1299117888335351808
1294816656758198273
1297746167560839172
1299025748582436864
1298451893899767808
1293330079565656064
1298744446360551425
1291079381419425792
1297757042707488769
1298833462900613120
1298433445232861185
1290099422781554688
1290663798907588611
1294881459971522562
1289538438115389441
1300131534700261378
1292762913023942656
1291847259173380105
1296926486042226690
1299310727988228096
1291529253583036417
1293357753851949057
1298255440992641031
1298057954105733122
1290314614693982209
1290721821608771584
1298929734668242944
1298776456168964100
1299875330987929600
1294314617829818369
1290100975210905603
1299628770773610496
1291811346758209539
1293909883897569282
1297315647756566528
1292236121728929792
1295339608868356107
1291893543569678336
1290888790177910784
1290131515016273920
1300546518542409730
1292534123505090560
1298794215409885185
1295485267311243264
1294246973457997824
1293164920977186817
1297641615461421057
1298726067914584065
1293066933647093760
1298818217230708737
1298801850490253312
1292561473886015488
1296988488588550154
1290273950799339523
1299296339134685186
1292562169641332736
1293222328441155586
1292634922381967363
1292650588543434752
1289455425822380033
1290485236359282689
1292533122362474496
1295448052606611456
1290441951452569607
1298748387001544706
1304555265589571585
1308216428357652481
1301348745502752769
1302212763683561478
1304269490776047622
1305187520095817728
1305812765014069248
1306583241885966337
1310917701494333440
1303367904537333760
1307690980867538949
1309080742459252739
1311015906860883969
1303509492332724224
1304040714775539713
1300858969968254982
1303382492976644098
1305486957997420544
1304172120226689025
1301172459677204482
1308567596455751680
1305176323820630022
1308414156211712000
1305840388725497857
1310158318057512960
1300629387923030016
1305814564999540736
1309573844370415616
1305237043014819840
1305741409446703106
1310523175772524549
1310631835106447360
1308486418847670274
1309315401046732806
1304575382390145024
1305718716123025408
1305743831598596096
1310921348059979783
1301892077568098304
1305851885283430401
1309259463694704643
1304145678474641414
1305116715811057666
1308556926855327744
1305605908408528896
1309612899158155266
1308508804909154304
1304497749409361920
1308588209518129157
1303889592865697793
1305586671233236992
1307857892872200193
1305843701462315008
1301506519205380096
1308033133166690306
1301215929448255488
1305525234209091586
1310216607680126976
1309521815405035521
1305629633287610368
1310220792492417027
1305593107564691456
1306214482872594434
1306679318832123909
1300674693498691584
1308609960234934273
1309391088751345664
1306420461094531074
1309115906325385219
1308779263248797700
1306492893968969728
1300925731720003589
1315259566121259010
1315761350908485638
1321156133025886208
1321896683534430214
1317165360915820545
1311894450604568576
1321161245786079233
1319841092897001478
1322622881109549058
1311895886709096448
1316426793671245824
1313856193643917312
1314799631763607553
1315763214588809216
1313148163855966213
1314272730687188992
1313908915290206211
1322580044682719235
1312133901528100864
1314334432304787456
1317552697403387904
1313844779755671558
1312511332508336128
1316274176748072965
1315765868115243016
1312184857619906560
1313305059632066561
1312880230164500480
1318755791545888768
1321969031763681280
1318742494872399874
1314709781362495489
1320515381774192645
1313449251016409088
1320035876358000642
1312698360940371968
1312187668629872640
1313470591559593984
1313488927299440645
1311909245198180354
1312878927619207175
1314963029264490496
1314750613834608642
1313461252799291398
1318902818699382786
1321466057845067777
1314915197405061120
1319941952629100545
1312521290717118466
1314068207033081856
1312140736628879360
1313556952979509248
1314934099988148226
1321317232031473664
1315163788388294656
1318743300917108737
1313227762207916032
1315403808411975687
1319499302360748033
1315408674446364673
1321886936806686721
1312099447837401088
1319928187590160384
1320452190402727942
1312588041945522177
1319703791277625344
1318031882827673600
1316092664354353152
1313838750267576321
1314705176008306691
1313375007054077952
1318145050161913857
1314768363210633221
1319823310436339717
1318992476137553923
1314090190684729344
1312036156981293057
1312060955870797827
1312088098793283586
1317160462426005504
1321763543751053314
1314934184654319618
1318919131928952832
1311977673682493441
1313533732066922497
1315154092361093120
1312138376330444800
1312516422686236672
1313325524354240513
1317985070825832449
1316101618933411840
1319251969333133313
1312539858083155971
1313241338691948545
1319678110409707521
1318238911693553664
1321562429441085447
1313907692226965504
1316233223148580864
1314979550594428928
1313293610478166016
1321564511439101953
1315075557391060993
1314751685764558848
1312726362088706048
1321921361736921089
1313222560796962816
1316848928709586952
1318891796068446208
1321575115537240065
1312593061382369280
1312143936043929600
1311929353505308672
1314759253165395974
1318576141108711424
1315726832076029952
1321502769417752581
1314753800956239872
1321548162033745930
1319280896743071750
1313176847455260672
1312174044020523011
1314791675454078977
1314906614399459328
1315455299646615553
1315788809603354631
1317733325088370688
1321786270272659456
1313128209999953921
1315015290074218497
1319131341821112320
1314851209120022528
1319148810417795072
1312751085740797952
1314297066034737152
1318749817007263745
1312563808745984000
1314745568422440960
1313323573205970945
1314908423591546881
1314883350050623489
1318048950658625538
1313312076383879168
1314683390793183232
1319324638187573249
1312751305660784640
1318680609338855424
1318921382948970496
1320858146429116418
1319878930426281984
1321844860995862528
1318563368496758784
1319339768707117056
1319626916094267392
1312545611607146499
1317504525817827333
1327251425613770758
1327682744705486853
1325051924014657541
1323639240463437825
1329075287347187720
1324141358483988480
1323027794570452994
1324404254518464523
1323801908377718784
1326381040341053442
1323376102644027392
1324848592717307906
1324207604571267072
1328124359983161345
1331023979973406720
1326483301738016769
1328381338345492482
1331577213490237440
1332934499559149568
1330683583602847746
1323432813107052544
1330667405220016128
1325606138570829824
1324897299529609222
1325941779338649600
1330497477175341056
1330751887738609664
1329569882875150336
1324521927755636736
1323272322963460097
1329234127669899264
1323650550911668225
1325216490350645248
1327057295541489667
1325545472132575233
1327736748525449219
1327736689742196739
1332064574049308678
1327649385384120320
1323238668723736578
1327231866294988803
1330324747352084480
1328985352464445440
1329976792703176705
1330368791721734152
1327001535977558018
1323653832648413185
1332742788769746947
1328651504803311617
1331425792023293952
1328400433270886400
1328403865113423873
1323518838990872576
1322709148350451713
1328301213641748480
1344515275660529664
1336347834984108036
1336646358082744321
1344491005169475585
1341729462552064001
1344365669207465986
1340276236879314944
1344645376998051842
1336120436590047233
1336041948583378944
1337037319858229250
1343786609192398849
1339110996334481415
1336055873706332164
1339192808234754048
1336461005304508425
1339620126107332612
1336041975686987776
1341252953567494144
1336219134233882625
1333638882294894594
1335808977750257664
1337142236165894144
1341194211291508737
1336041539428990976
1336375337052229632
1336429446564204544
1341377645150416901
1335976581089685506
1344530301331136512
1338680698488680448
1344635678123061255
1337751463016112129
1340294165721214976
1340835251036303360
1336086712368451584
1342987128825769985
1336047337794392064
1341002325020831745
1336525899970318336
1339275630458904579
1335296474419236873
1336301582598754306
1342062406957035520
1343044080578797568
1344466648581820417
1341807890659590145
1339212765077102592
1344505872324702211
1333726285957386244
1344385665501433871
1341621204952768513
1340069390583169024
1335964298447781889
1336035127554691077
1344405808373780481
1344465014808317952
1340034946992398345
1344577208124399616
1344422784554786816
1340014734620254208
1335843306375360513
1341227492447842311
1336311277442969608
1341268359401398272
1344429127772872710
1338529182935093248
1344431943228805127
1336298555091378177
1338928965973577730
1335994394172928001
1336016625389064195
1339594192729767936
1335145611230851072
1342398538823692288
1339978810410889224
1336858391596183554
1344451914705096707
1341088971359707136
1344452224978546690
1344432262486650886
1336306072974471170
1336396291769835530
1337745599681208324
1336863018240577538
1335904716027547649
1341074299709480962
1336241258826788865
1344419771370987520
1344696278748286977
1336072472362422272
1341150461102067715
1344418570810355719
1344643692393598977
1339922597488693249
1336045187034968064
1336270818691735552
1337073938854100994
1344408811537358849
1344594654528999424
1333938241242685443
1333571058943680512
1341028097089556480
1336584502781620227
1344383513538269187
1344627269441040384
1340276532464529408
1344423312500400128
1344401766876528640
1344453826582081538
1339731570266046464
1344669582867521536
1335963988425904130
1336811539148533760
1335991621129789446
1344651972071350272
1338557507606900748
1258177923594493954
1256987660754849793
1257794496668065794
1261306279848443904
1262896120717590536
1257360636046127113
1261501771957989376
1262966258481463296
1266740541531869185
1257499975426224128
1258126118533595138
1261404367619571718
1265794515052515333
1259217166056001537
1256619706951233536
1259869063611928576
1263610395375341568
1264024501924364290
1258394704841977856
1262755249745391620
1258542220870774786
1260564072401076224
1263598758446510081
1264360768943853568
1257329152073629696
1258641063780274176
1260757814965932034
1263117191353958401
1257052129669156864
1260925677169266688
1261421463615098880
1266442050238582784
1256785721727352835
1262802132014686208
1259591481007972357
1261349633537736705
1258234774050701312
1260652993956810752
1256384073586536449
1266145919243816961
1257126420293324800
1259851450882064384
1258077030257700871
1256614199855214592
1257291974010384389
1260590396603842560
1258373213513490434
1256517290436296704
1256607030107766796
1256223668130254851
1259110812393840645
1258400239255539713
1263807112423051273
1257846320573886466
1260706146056392704
1260671664678993924
1262516077965258761
1262858967929274368
1257977545510785027
1258368171775590400
1264338908197814273
1264889342620848128
1261465667464826881
1260976569603981319
1264346084702330880
1258192046785024000
1260305898884534273
1260314187764568065
1261553525487800321
1263856084613201921
1262795079674142722
1258035359310655489
1260500819956432898
1257505469603753984
1258056906205167617
1261366931761672192
1260629759387750401
1265294124913221633
1261049999300976646
1263070465473622016
1256361555949752322
1256389732784918528
1256203487299469312
1261066076839800833
1258649093976600576
1256958134565961728
1260995573173432323
1260607994414293003
1262367887366512640
1262544778614517766
1262913444677853184
1257508328877559813
1259922247390760961
1265051199285473286
1258461610433302534
1265354118538727430
1257749157521096706
1261206046602858496
1263420785961709569
1258094078161571841
1256616072901525504
1257702374262652928
1258010704545746944
1263094586110607360
1263224775272325121
1256087911319113728
1258090546578558980
1257075791378202627
1262049141196111875
1258157399397056513
1259867880847552514
1261394336551337984
1262994353603166209
1263877263231090688
1262869771911081984
1265705361677389824
1262704147926855682
1265522180110143489
1257520425300635648
1258430320900218880
1261396882003091456
1256837387126280192
1261359765533405189
1256324330952089600
1256283621045960704
1256449429466480640
1265480328954683392
1264630072612474880
1265808550410039297
1255982019013750789
1266081206132596736
1259843972807233536
1265645029722402816
1265854913793323014
1257485927192109056
1260574574086959105
1256646556482072576
1262835292135972864
1264565409426165761
1257086168455352320
1256291185989222403
1256607824496508932
1257300653040455683
1257876502319857666
1260998388343992321
1261372678969098240
1264027298543677445
1266768899225391109
1256262239369248768
1256312230934540294
1256683153072291840
1260604832827805696
1266074644110618629
1262922936723308552
1256579601498869761
1258124658953588742
1258785210654576642
1265493569529434117
1256410595257131008
1256748620168269828
1258159508146188289
1258523585427025920
1260623088972169216
1266053903059214339
1266967493173637120
1258523564992425984
1263814477646045184
1263878119674372097
1264311708178436096
1260056870665871360
1256258606850142218
1263115828209176576
1258872007296536576
1265733690497400832
1256051970802102272
1261677891294842881
1265872945584508933
1256236939675463680
1256266011776614402
1257018946965966858
1261310310377537536
1256330695229628416
1257795821300523008
1262747496364703746
1262758753754968066
1256030159653736448
1257835726269558786
1263510771230785536
1259597602120708098
1261019158503964675
1256024304527048704
1260660751087202304
1258395178387288066
1261375823161913345
1262640973454008320
1262846654975279104
1263848591757586432
1256408565708963845
1256699662964150272
1264295593641308160
1256235252844019719
