1187914735515328512
1179802493003284481
1181280685895688194
1181548037895786496
1186661127968550913
1199692213946658819
1196318229288947712
1192796459248365568
1199647368427311104
1190380612403843072
1193262045275160576
1199002174400978953
1191482410258567169
1193196665311768577
1192996502924333061
1193916901040242689
1205344139925176320
1206141497407488000
1201146911807483906
1207682841200537600
1206638909859540992
1202677480437551105
1205110121447280641
1201177494461665280
1206923152686751744
1207702823296806918
1206746362328555526
1208375344413204480
1211978042597429248
1206592761409003521
1201319250918432768
1208563298767114240
1209477625082785794
1210284077221318657
1207746896607006721
1206765839736868865
1206730113435475968
1213605143935168519
1217842937821720577
1217252695217565696
1217903144258166786
1218933520631918593
1223243086664491008
1221761056411914242
1212520236852883456
1212761035477794816
1221815523349946369
1216056978834849792
1221813917032374273
1213812497733619713
1218536101599682562
1217318025180991488
1217471837053112320
1212406917932474374
1214911009091010562
1220774391669297153
1222644370672930816
1217415618271612929
1214946171975847936
1220504948225519623
1229559931390636033
1231971385242574849
1233025275090350081
1231254700336570369
1231293770362126336
1229635414329303040
1228019792298332160
1232311850429288448
1231394164459393024
1233825543772045312
1233455638191235075
1231556405938790400
1227958615102906368
1231252179266097154
1228141493682163713
1231236883369353217
1227087595999580160
1231332589950177280
1223398607610662913
1231979732050333696
1228638860889993216
1241922784072282112
1243492646930337793
1238755531805863936
1240280599082020864
1239819233543852032
1244048722432057344
1238310413202264064
1244952874326597632
1235273841125007360
1244312151021572096
1238283667002339330
1235402859572858880
1242632715154919425
1234277373958393856
1243379765609926656
1236685051745783814
1242488892298866688
1241247217886744577
1241310888705097728
1235327944534495235
1240627883191787520
1236824345927774208
1242433793916407809
1246109638661152769
1246776822135652352
1254094375258333184
1247158690916024321
1247680058153631744
1247758601726222344
1248547550614949888
1250420694837583872
1254868110156464129
1247556038330667008
1249081630913937411
1247474027096092672
1247638456177758208
1247817066872274944
1249509666045997057
1246206136598044674
1248102992345251841
1249486526649532416
1253873192806109184
1246309053183246336
1246743146697981954
1253420195026071554
1254036216951029760
1248655520577269763
1248720614975664134
1250951692301922304
1251635396171182081
1247923320944758785
1245148027444133893
1246670068345221120
1247733344303005696
1248458214737235969
1245640901520580609
1245222396056834048
1246850901475647488
1247972603324772353
1246986938361319425
1260586530046967808
1268456228373626882
1270737388319490049
1273770606073282560
1277709515740200960
1270336836569665536
1277946295764889602
1272246205293236225
1273937380274298882
1274571508862648321
1277293711140032512
1273778789781327873
1277017247819718662
1276730735429406720
1277594899089678340
1274375264986955778
1268685142496813057
1275349170128334850
1277931197553938433
1270751104452579329
1276506216039137280
1276726870294265856
1268840802253443072
1272389635390558210
1275803086758588418
1273650515503693825
1270502203086733312
1274292188755701767
1271596918100103169
1277674547072970752
1268231808904130561
1273015396497592325
1277083951039823873
1277002532842340353
1275984218745700354
1268270384580661248
1277637498538037248
1277012052284973056
1267299892512374785
1267493528176865281
1276504318636707840
1272170721150713857
1271740384180396034
1271732829395836928
1275235889573175296
1277763957558738945
1276490888311685126
1273423806917414925
1277825451772305408
1288909894884753408
1288888861922295808
1285873511555387393
1283759589478014978
1279116505129594883
1284647630685888512
1289172761454080001
1284340882792161281
1281992338294939648
1288897194465034246
1282198203442462720
1284099331046465540
1283268112054251521
1288892683277283329
1283869982858895367
1281283895120584704
1280618896773591040
1281949251631603713
1285705794764386305
1284356259228135427
1278693747241496576
1288926351211274240
1288863230551564288
1287070654060048385
1279850409134301186
1289156031042396162
1288901492267720707
1280928439856439302
1281917435457740800
1288891186581770242
1281215667652325384
1279030389114363904
1283749920646795264
1288282402196983813
1289134992266874882
1284688172383965185
1288944524224585730
1280595481970618368
1286243454683623424
1288788311558041601
1288425329909006337
1287061894080102401
1288895773820588034
1280679256826224641
1285896173518282757
1283420892358311936
1282544091973255168
1288993930764103680
1287591204952125440
1288999074797158407
1283268685830868992
1286530310339989506
1288966203021692929
1288893232806539264
1282163353624903681
1292381368257843201
1291156651446341635
1294639893193392133
1295094065944571907
1300119870986694656
1298942138835705856
1300209690295414785
1300128774298755072
1291339392095784960
1296563947567489026
1300398207936200709
1298202246568710144
1299115740264632321
1294314149837778944
1299512920406216709
1292608760146464768
1299349828632285190
1300180878593843201
1294570789619077125
1289414309546733568
1290660058196578306
1293536522885529600
1296771641721204737
1295897365778444289
1294480189284593665
1291241359110742017
1296647966170714112
1291913280693379072
1290320330192453633
1300519558193741826
1292094512135909377
1293770513647652864
1300218000763748358
1298005943217803272
1296903680285970434
1293898076789366784
1293929914924638208
1292222820769050632
1298806456930775041
1300195351207567363
1292267885205889024
1290034720298819585
1298474006157430786
1298365133991948289
1290023059471073281
1297703933092257793
1296087818188410883
1292789085350907906
1292985484315066368
1300331253326123008
1292487091453140993
1292619283978170371
1293151468711817216
1291830828566274048
1311187781826293760
1306514493527265280
1305292117590368257
1306211281633005573
1308777616640409602
1307382715503779842
1305706662947442688
1301573306420727808
1308832235446034432
1306454090717769728
1306041587722588160
1308616485259087872
1302021442733826048
1307450654424793094
1307911192510377985
1310968861722898432
1304263281234903040
1306061990696292352
1303275660660662272
1303396457911857153
1306242723486281729
1310885805536108544
1305795849381769216
1303147298315284481
1310306523558686721
1306091704504721409
1307786206017736706
1305327665289854977
1311128070733074434
1308106827658399746
1306230408590360580
1311153426823368705
1310900906372759557
1305661368520126464
1308957041776627713
1307820596940726280
1311233085921472512
1304250347502874626
1320496620476256271
1321780082927685632
1317515522238369792
1322157568752537604
1313694297502502912
1315521335850930177
1322664480220741632
1312652431461888001
1321613335696125954
1320859009423937539
1322610550145196032
1314562363455082496
1320315425046102016
1314139744847179776
1317023741830979585
1319597364592709632
1313727414183227394
1315460937114058752
1320155696889999361
1320358646430257152
1321847496985989120
1320661288574484480
1319258465446076416
1318170192325783552
1317740962991493121
1319824693453533185
1313108637955567616
1314086886579810304
1316208364637032448
1319152767483740160
1315075901168799744
1322162827772178433
1319092248005529603
1322399153335525376
1320681694601629697
1312176800248651776
1317180113893642243
1315101969774567424
1316955789404372992
1312058859620626434
1315458238125502464
1322023557036126210
1316799767515729922
1317031295076212737
1318093594826219520
1313822665090781184
1313973641055436800
1318757356214407171
1319968140986646531
1321598883739435013
1311731729695113216
1314041587412930562
1317904918288556032
1313467820143972355
1332523367728107520
1329246177141821441
1329850497403129856
1330191541944651782
1331428583328403457
1330913740888436736
1331328461051486209
1325841855880310785
1329455905646260230
1327253654617927687
1326520136610811905
1327971176581373954
1322766670260174849
1328000246597767170
1322725494761037824
1322690568254836736
1329611168646893570
1327673361032486915
1325445780166029313
1330680917933887494
1322710504754892802
1328839093694984199
1328144512762470400
1331775870550347778
1325985286745100288
1331404148793892866
1322708696435167232
1331066265163747329
1327463590287323137
1331421106507542529
1322735896639143936
1329760164703072257
1331572103116705794
1325675747546116096
1330718974515040257
1331602308015255557
1322871754352594945
1325419055306706950
1326009810970611713
1330311290351460357
1325433791402422273
1325787323011915776
1324216533908922368
1322726127819984896
1323046832977575936
1324490022196858885
1326053233215893504
1325366209651552258
1332066406918131715
1334659943794880513
1337188780365766656
1334441006872354817
1338357800012017665
1341079550982316034
1342191796500254721
1335618764252078080
1334456107687960578
1334259814315282435
1337423159948177410
1335248958269100033
1337187532178644995
1335001932088438784
1337068324635684864
1336514827544645633
1334202616251904001
1340699745308839942
1334493859938758656
1344703136011870211
1336101948458754052
1337491522514726912
1336759443028107275
1335902889269669888
1333988016512241665
1338623137739632640
1339688080568160268
1341262588840177665
1339406015901671424
1336120390486200322
1336494532637159430
1335606085709914113
1335603667962109955
1336386758154493952
1339318224668794880
1340858290796982278
1336334673278951426
1335845256798068736
1260586530046967808
1265255155227820034
1266704689061560320
1263163828210151424
1266746788951855104
1257826179307970560
1264322659497570305
1267180414969491457
1264950009793073162
1262360341780074496
1265426603238199296
1264277596159848451
1265864110446649344
1266338415059955712
1257388626037612544
1260734944235655169
1262975101588430848
1264292154345762819
1264589777967419392
