1186271340891983873
1190292197628887040
1197652129638424576
1192930228345028608
1212901571022991364
1222426327749406720
1233132221135020032
1237108246516830212
1238606131783766023
1244089931066224640
1237542796040343553
1242802475079368704
1242802226742972416
1249755955857948674
1253690437841321987
1254783553910403072
1248610244906778625
1248380730754789378
1252596308248068100
1249702687278616576
1253374053844316160
1275896225158410240
1272650450077089793
1273634874226851842
1288486984378392576
1285729773176659968
1278320872290496512
1283725578735058944
1284167360119627777
1285367017789427717
1287856303642222594
1284047984645173249
1287747859933278217
1286030527313727490
1285590003750502406
1284473829234966528
1284544308935155712
1293246759070625793
1294276445095821312
1298273285478596619
1297957299424763905
1311306943030374400
1311337976194953223
1311307013817806849
1304955566721085441
1321221256499372034
1315650631642697728
1321866841057189891
1318244063557156866
1311676007154421761
1312996844402810880
1330909051635593218
1331029944047177730
1325421375268515841
1329811679102767108
1324442244385021952
1329503896864239618
1340007021291196422
1339941854394126336
1337915045074915331
1341416169018851329
1343933463578206208
1334504740378521604
1339636800093102080
1344276961200369667
1341400683673731076
1260585408825561088
