1217523211958489088
1223869264328658944
1240640696375054337
1253325563512582149
1247891440039915532
1246071669430423555
1268266941048934401
1271439902337425410
1276191260894572544
1276486328557776899
1272166796498317312
1285961174362644485
1287953968765767680
1288295093670207489
1288518463951183872
1286390804672479232
1288845415522152449
1279790685420281856
1287966374795583490
1281674286579609600
1287395345790652416
1288057870525911041
1288237400343433218
1291715661031305216
1299089803195998209
1300220611780902915
1297640072963952640
1300096457521856512
1290672029746622466
1289518424171745281
1300153440954351616
1290659797407354880
1290659797407354880
1300557396797001728
1300636743914323968
1301268024754712576
1308377853449220098
1303142237476458496
1310680217027973120
1303392714520551424
1300638198364733440
1321451156149690368
1317885886667907072
1316344042200854528
1331063502899798017
1335834334729793537
1335818522757267462
1262020930504556547
