1179376876000862211
1206791745205260290
1207322227516903424
1206664262858559497
1207003340120494086
1207177607923425280
1210260060665827329
1207671239738896386
1221565664462241793
1231966821856792576
1233106504481304576
1236723140929245185
1243755680135368706
1236094410586066944
1241064527619338240
1242467194115506178
1243762281722400773
1243451287171207169
1243530773153619970
1244502324938035200
1241310300244021248
1239967799998418944
1242034972799700992
1243723459085008903
1242362391066742785
1243509147305496578
1243472698837270529
1243545047259320322
1241392391153745920
1242210478434037760
1243225925136699392
1244648739479916544
1240959833551130624
1243428346765012994
1245867574023188480
1252370155583139846
1245342070774120449
1246709803910672384
1246977606060322818
1255824938147164161
1248640801682448384
1253003499668934665
1245731886019809280
1247122751623704576
1247972281034387457
1255942238774996993
1246094889600856065
1251238750480470016
1251870890817662977
1255462368450093063
1247275478823718912
1248309867997048832
1248884693149384704
1250218155655327744
1250476771276881921
1252333287638478848
1248886110828335104
1249251732523077632
1249694621271076864
1255528383389237250
1253347499730964481
1245881613449338880
1250505009378123782
1251403255252258817
1246538457125617666
1252851598767738885
1250331968257982464
1253498082655780864
1246550944910733313
1251694818075516929
1248866565388488710
1252569028515827712
1247543391648432128
1251497790703837186
1252273492172685314
1247150410663632903
1248707553082724352
1255396374809624576
1248152845850947589
1248443045181153284
1258399054297513990
1271109054589480965
1269382932088516608
1273304970935361537
1267710198451445760
1277587059914481665
1277381996612849665
1271099463596204032
1273591702926876673
1283772322449694720
1278616746883235840
1284233507120840704
1288894242882859009
1288185040933773313
1278769469884641280
1286008280746090496
1288088487724560385
1289227400203517955
1283683507533905920
1282619987740577797
1282704320597811200
1285181091926749184
1283484849043410944
1278537449355063296
1278143201577070592
1279418689410887685
1291953024932380673
1290176503452274689
1292886473742651392
1293518052018061313
1292879163947462657
1296685998726885376
1299400502048894977
1293242101489074179
1295933421554991111
1297182826425659393
1292933303142555648
1298837817796132864
1290049035441541120
1292278677636411393
1296475766130118659
1299590253691445250
1299028753075625990
1295441632943394818
1293568687128141824
1302937208903602176
1305550981904699393
1304204230807425024
1307719421092397056
1310254193219973121
1301867023849357312
1303235153326731264
1307177713157931008
1306645712696999937
1309165007955988480
1302483439665508352
1305546714946904066
1302271270885691392
1310619833801871360
1303539491362271234
1310473353992581120
1303320929003593729
1303115102959341568
1303311656940793858
1305296462973030400
1302989692246294528
1305579690393047043
1311071750755627008
1307240247802109953
1310923868379508738
1302608108716535810
1307000772245192720
1310139529303556096
1305792650939834368
1306015119286075393
1307097161549656071
1308466719267213312
1307421968434692096
1302548538564513793
1305368476618502145
1303863248324685824
1310871792739930112
1303303684110123009
1302485088618164224
1308913089677586435
1305744813099225088
1305918590709714944
1308012144773001217
1303177412025425926
1306532230894948352
1306831448654123008
1301202575912513536
1321533668599488519
1317035409705107457
1321346356183814144
1321249791834312704
1316417638562631682
1318051277524234240
1321503899543588865
1315343476121317384
1312056556943405058
1313484335757041665
1312034096449753091
1321568089184624642
1312046023745908736
1320303925929648128
1315228732693471238
1315194571370967042
1321349758854799361
1321475255970504704
1312533965186580480
1321540008306724865
1313164251649896449
1313242307630690304
1329551091193819136
1332985907381735426
1333173216626487297
1326760971105259520
1329525283653873665
1329186002213232645
1328220217982402560
1327400184981098502
1329896278210252801
1324441762010669056
1328394528638824455
1323258896979558403
1328069684000923650
1329417674561097732
1323266755532304385
1330106748376670211
1329160508415492096
1328958215284019201
1324325282002731013
1329456933246480386
1324663076650733574
1333329999701684225
1329437282932232192
1344747494983528467
1340261943454670850
1341742209339518977
1344248909661671424
1334803290924703745
1340364573740691456
1344164755515195392
1340361407359938560
1341813977794420737
1341830573665505286
1336272059824041992
1342849332194783235
1344312726831702016
1341789639468871680
1341789639468871680
1337735394297835521
1341633008395292673
1341792767182180353
1343173202953052161
1337489876518748161
1341646638700515329
1338231882786476032
1336284364007759875
1342679536505298944
1258399054297513990
1262750613877616643
1259751555995242497
1261454479989358593
1262433582737321984
1258255467177930752
1260248576845770752
1258300423313727488
1261601659328892928
1262370911455502337
1258038098811916288
1256237081568870400
1264905772607078401
1258556246463934464
1259902217466851328
1265707013796966400
1259723575822450688
1262977688832061440
1259765459194466310
1258398084633165826
1265306452043927553
1266400315919740930
1263090916413394944
1262727183434465282
1258300398147964928
1258394547677048832
1256179112114302976
1262393559665254401
1256231211736981505
