1181672102950297602
1185894699959246848
1186596836808765440
1187827438052610048
1185942346363559943
1189601636093583361
1188507458307854336
1179734114758471681
1188812574181093376
1189964938225373185
1182818688673689600
1180851474655596544
1181313618685640707
1188541184156852231
1189738321057943553
1181088034638499840
1182784203475345409
1186302404146466823
1179613303334674433
1189507353743376384
1188204918466928641
1186528874223546375
1181797710858510336
1188401214972669952
1179968146813460480
1185577609096286208
1185687577883336705
1183093851432673281
1186380469660721157
1187238548459675648
1188265316633272323
1178867258141093889
1180889221269196800
1186390389730824194
1189840758376992768
1178918733756153857
1182285932487172097
1186824741497143297
1178829341511344289
1180692918794903552
1180946984225693696
1186513775014359040
1188756059512561664
1189892687916199936
1189923798268760064
1185781449800245248
1190001767297277952
1179392797041934337
1188506908430405632
1179968147178360837
1180710913055305728
1185509663909072896
1186236361206091780
1186305282835652609
1187027182419353601
1188139203596640256
1189915531828236288
1179235820873699328
1182106542625165312
1179079795143069697
1180905427208245248
1188785349998383109
1190515388317962240
1190220714034503682
1191341727996678150
1190122550203998208
1191325469179891714
1191750382319521799
1195315943951470592
1195158353590259712
1192167265891864576
1195877211749797893
1196933583556030464
1191538243042447360
1191544187012964352
1192962505984872448
1194246098895790082
1198268084148199429
1196789724435767302
1200217815606796288
1208530516963495936
1204824752050671616
1207170092267536384
1207092667273883648
1203778819326402562
1207334067223576577
1208175248366948352
1209167563642605569
1203396270884294658
1205587476812828672
1205205992117538816
1206319802777788417
1210356108092686336
1204133994704592898
1202679529053065222
1220420938509848576
1220873923342020608
1217884222691692546
1219582915824312322
1212473044180066304
1221815123293212673
1212506644271304705
1221513133476347905
1217869127001362432
1220375644896280576
1215978265761980416
1214970205316796417
1216195137686122496
1217204745074618368
1218928561840513024
1218781495659098112
1228404794089299968
1225935874929487872
1224678997075755009
1233667793263919105
1228419893613256704
1228767181942353921
1226126358289506304
1232666114439598080
1233143342436962305
1226928819573067776
1230900891013640193
1233181139596005376
1223997785588092928
1233761274271600640
1233840936817496064
1229304217912913920
1233864550199570440
1225890728347422722
1233364526847819780
1226167949196578816
1233864263929720833
1224684075979616256
1233781268690505735
1232187676410941441
1233648695721152512
1225937316000169984
1241182741221093377
1237729681052504065
1241869768891617283
1244463106308345856
1234840957427695619
1234932658980954112
1243326871539830784
1241764547561762818
1240718432330342401
1234267643072405505
1234274367833378816
1234184538395332608
1235440191822802944
1234554063808843777
1239737787865346050
1241764071839600642
1242703212857049088
1241785507828453376
1233960104585764866
1235421816165994496
1242171759018643458
1234843140642787328
1237718546320224261
1242035863267278848
1240450919306629121
1242821037022040069
1240906425058107392
1243758158952181761
1235222216171761664
1243602435462971392
1235678976653381633
1237150044236595200
1241020421740187649
1243813828116135936
1241530450838986752
1237075680057151488
1242149784623906816
1238994073903456256
1242123100113842177
1244644301050531841
1239342375643877377
1241345807099596802
1239784852884459520
1245070982756339718
1243432468696334336
1241080819617316865
1234002506482671616
1240990223007469568
1234108309210378242
1244762341197168641
1240174209634045955
1241669699831599105
1241733873886793728
1245063766368088064
1245058032507195393
1253688897558601728
1246831888322277376
1255802826770583557
1245335681158672385
1248847691007897602
1250412307210895360
1249042027997736961
1249392463971786753
1250612649936793601
1248986946090786818
1245516297493979136
1248083210438766592
1254927056061845506
1246969622445858817
1248641895682707461
1254957255037984768
1245469768997617667
1248132120645718016
1249661108761366533
1250348137228582915
1254745862061928448
1247684845829947393
1248656993063067648
1250550641358929921
1255236094146285570
1251937356128518144
1246505313022423046
1245652193996189697
1250548202744381440
1247341799422787585
1248028577486065666
1249047453111701504
1253507703588163587
1248951772644868096
1248996729522982912
1249039886591688707
1245811931245494272
1250850192934318081
1249566054730338304
1246739168253956096
1250103390148923393
1248273774660722689
1247553171293188096
1247260759270330368
1249341721323933701
1255877713627242497
1251159490696626176
1251090567804661760
1246680973598765056
1247698398599188482
1249377951709147137
1249540439767568384
1249895348467716096
1250442506749145091
1251570817701253126
1253870091286052864
1252511136970391554
1249812103717769222
1266010085035311104
1264273643120455680
1260815858743627776
1261238644851048456
1268033417230159873
1270930424995344385
1272986051338883073
1275839855864537095
1271433443273048064
1268456202960240640
1272638762934304772
1273023070911950848
1274390304448303105
1273137046169612288
1277228788749869056
1275235876021211137
1277228700682137601
1269558466055553026
1278083210413346823
1276972317831094275
1269875555433771009
1270734358446370816
1276821323012923392
1273987539666235392
1272689410987962369
1269689732310593538
1268969586101309440
1277562634292903936
1275203921338757121
1272427774205198338
1267912621208018948
1274668550020632576
1276594830441771008
1276311997756452865
1274646995697668097
1288640453642842112
1284186106984988673
1282483633480069121
1279826122662801408
1279934093879398400
1287241005339676672
1280792490207920128
1286828514033901568
1285533389060075520
1281441768194609152
1286359696312545287
1284517738342481920
1282793172867756032
1289148192685199360
1280151831834791936
1289312379759554561
1278799356661952515
1282695440350064640
1285326496635084801
1284159677606047753
1290007339878068224
1289433175677075463
1299044003757862915
1290105105094713346
1295661717519663106
1292785263958085632
1292474209738919936
1293125003299500037
1300191565302956037
1290902651798880256
1291116773694087168
1293254821714124800
1295542458005229569
1293728982555332609
1293577990706728963
1294004547665436674
1294846344801267717
1296101147435040768
1295012440296558605
1290622538628739074
1297956843449454594
1292509697510199298
1296009011230199808
1292511238677843968
1289425627590926336
1293494778328383490
1290467891226259461
1301014488410456064
1302967360358248448
1308873775312711681
1309516383617773568
1303483255744860166
1303109049551147008
1309651399119077377
1308692582520598528
1304063412851421186
1309341859718733826
1310806511677923328
1308058409497841665
1308146044065198080
1304555518187450369
1310887499229691906
1301278731005317121
1305209720685248512
1306706997987799041
1304634591613841410
1301739263676080129
1307152437187411968
1309598551291449346
1301106397816541185
1322625639506157570
1315439538051993604
1321051519509131265
1321392878610952192
1320544923503001602
1315864841068834817
1316136635625422848
1313665347397058561
1313947230127230978
1319580427963797504
1321618059908550656
1313222433839738884
1313260178725236737
1315740270059683840
1311466790480945152
1316166831330127872
1320960919933906944
1311455789396062209
1314585158587121665
1320493865003065345
1316397097994780674
1317560528160522240
1314509660930682880
1320590983994740736
1316804784985436163
1316106438150811649
1315655458494066688
1321919738474278912
1313462687024775170
1320424892051849217
1320394691846680577
1312894014983733249
1320304095509372929
1313669312972910592
1316502794141138944
1313604949603950592
1314645556409507840
1318612955081052161
1313657797851017216
1314422838976294913
1312145547965259776
1315369859924983808
1320470189171974146
1311986749212590080
1326874873029939200
1326545369048645633
1327041450345979904
1329159946013839360
1324879239343169536
1328635942031253504
1326215545834778624
1327802929152208896
1323286241987727361
1323950620206899201
1329227896406368262
1329650681720893440
1325046115096432640
1332451637315690496
1331281426004623361
1323256965481582592
1323257528877260801
1328503119978827776
1325913554357137408
1325840450532610049
1323965719566901251
1341478524914442244
1342163929540087809
1344308513124753408
1339329460802256896
1334663712020389889
1339238858085437441
1341559325928599553
1341366521055109122
1335048749396226051
1344735073753583620
1341240575551401985
1336475652845801473
1344644289691848705
1335411758610194436
1335372763259957248
1343640360862457856
1336913537738956801
1339382303945089027
1341065904965234690
1344765276550799367
1343722188994719744
1336853140117733378
1341352788878524416
1335950449661399040
1336218965350227968
1335932589044064261
1340673311932633092
1340688409245999104
1341426902238638080
1335820006915940353
1344478783718363136
1344399110103855105
1343760331995283456
1266010085035311104
1264273643120455680
1260815858743627776
1261238644851048456
1262476803362308097
1259898259860008963
1261480236589383680
1263926354677882880
1263110981929930754
1259871762478555143
1260393073021988866
1260196780030849030
1261283891693924360
1262414028879650818
1261570833522339841
1264725280419012609
1265889288820006914
1262340907715530753
1262413909874683904
1258031048329396224
1260395363938324480
1260735216756445184
1257176880576421888
1265273984947380224
1261630839089233920
1256591730947887105
1260332674998169600
1261117848656601094
1263322374927257607
1262537201222549509
1257192460150878208
1261161379035099139
1264228344599461888
1263534763702353920
1257349159084003328
1259085195388637185
1266991552036921344
1267104475937824768
1257390384449273857
1260997052911124480
1258783846188945416
1258913322654670848
1265919488010133509
1257886444405719045
1257348999771762699
1260030685076533249
1261630372397355008
1262474022652203016
1266887439479496705
