1183079931804356610
1187039756187766784
1186629079736504323
1186267722746867719
1190374794077855747
1203318814710083584
1206016023192887296
1207411381672255488
1218258638646718465
1220014577309700097
1214920950807969792
1219279853159157760
1220467278644424704
1225475542159372288
1228246524565438467
1232051788481728512
1227709808561840130
1227783454164684800
1224498834275033088
1232012479104012291
1229229093415157761
1226961573501075457
1226961573501075457
1239695511646543874
1240986864867254272
1235656077276065792
1244388863910375424
1244787499882463233
1244989206943993857
1238603640379707393
1244339053153132544
1241477212609695745
1238131248352157696
1243964824205365249
1244268760741134339
1244298146248704000
1240610471855751168
1241028615812386818
1244301917762789376
1244735805081317376
1235969666004246533
1244744200308109315
1237517231749095425
1242145362254708744
1244374899134693377
1244251263686057985
1244257526323056652
1241744003265150976
1238227071685533698
1241576790767939584
1244596474492727296
1240035378616295429
1242054763858051073
1244289763148025856
1239707019130658817
1245107101787176965
1244434140604350464
1244989644271489025
1244268701299273729
1244967309690667013
1242950717683482626
1244327228755886092
1238491513157562368
1241020895608672256
1244271982796996608
1245044655521062912
1244370222838136833
1241604329322266624
1250067101009707009
1255955555706974209
1247928445541191680
1250457331000901639
1251320950345383940
1251502773515911168
1250163255449976832
1250864537080758274
1254149295936282626
1255228682815275010
1248682661918507014
1253711919929851904
1254474073456902154
1246552303626149888
1247647535688286209
1245408050330116096
1247566095843762176
1255134371457064960
1247670371437776897
1253314229391650817
1251846507722137600
1250082503496474626
1249787678381543424
1247542069574287367
1252364359063334912
1249874011447836674
1250593905608925185
1250614948419579905
1252631087425216514
1252633747318587394
1246780889255809029
1247117107596275715
1250816958678937602
1252332313037373441
1255868139578904581
1248955208962629635
1250454189148270592
1246062289360498688
1247893461686075403
1245448819833102336
1251180615447318529
1246726555784695808
1250158662665920512
1260687013818269697
1257284343225036801
1273616855475855367
1269604580939235328
1271117348330668032
1275825671596650497
1273009709520478209
1277591652358553602
1273245170016948225
1270452613423796233
1276194695698354184
1271957811136794624
1268603610067337221
1283772440787722240
1285995728997941248
1281621701458112512
1283823308409110529
1282015566694363137
1287794929616531457
1283802414781349888
1288201360643588097
1283841395694931970
1287032310693593089
1280943960635191296
1279457209894809603
1283855926794035203
1285219415282388999
1278757089624629248
1285918012101595137
1285365592673775617
1287066332027068417
1278750195862441989
1283156571841863683
1281230421838028800
1293891051468578816
1295558811621765122
1292823018113134594
1297535687747674112
1297135186229026816
1291777671706357766
1294998624565366784
1300260618008756230
1295110635441750017
1290267448881577985
1297602115351838721
1289337379493355522
1298663904764100610
1304766772680286210
1304056261810544643
1311279247319797760
1308844986763554817
1305962634567585792
1308884597736964096
1309141524035309577
1312136450054385664
1313132010051907584
1313554275772096520
1321422713123033088
1329099947669676034
1330869964849475589
1329439266510954502
1337438259786428416
1337776083580694530
1338894893201182722
1260687013818269697
1257284343225036801
1265027084629487621
1262437542143590406
1264066052234850304
1260604467726241793
1262734025778757632
1256229758339297283
1256788621094383618
1260000739612602370
1266036759583997952
1263190667179651073
1262452491997700104
1257762191182376960
1261034566791331843
1263898611705884673
1266097026233753606
1265028842068103168
1260949382112911362
1258007606418866176
1261095201306816513
1262786375977439232
1260397967225176065
1257343005717082112
1260208106010796033
1264526958240632832
1260587262687023104
1256014475955785728
1265399563659214850
