1192124797423108096
1201245327338029056
1207050815409659911
1243961352034471936
1243206197257396228
1249898125067603970
1247868711094157312
1250888987465650178
1251473589573844992
1247600435017527299
1266819334229245952
1265876641927970816
1276235660811272199
1276839255369814022
1270912861280317444
1272196313514258433
1280274902428332032
1288230399760465920
1293967208176062464
1293784566499434496
1304652813104943105
1333021470667128832
1332324549552197635
1332043349457580036
1266819334229245952
1265876641927970816
1264988353612505088
1259800289609003008
1267168244860727296
1267165764391284736
1266427791244955656
1258517008745824257
1259597239187619842
1266815767745462273
1265876169196371969
1267139804354850816
1266816527828836353
