1187480606822846464
1184096569433427968
1199602111895527424
1199360350665072645
1201586185442865152
1201578025998897152
1211972509626765317
1205167559827447808
1201554785192828928
1208800250636292097
1221135236614053888
1221149789942878209
1218232768460705793
1221262975018962944
1224084409311268864
1223863432962891777
1223807061529694208
1224396392505868288
1242476849420292097
1242225793578737666
1242950640604549120
1234880889362034691
1244069317068627975
1239915642406371328
1243690515746279426
1240227282591023104
1236134179047342085
1237841744760168456
1243358219105218561
1237892309771001856
1237792774654767108
1244336289228488709
1255381163688017922
1248325447110348804
1245358231528132610
1247190279930687496
1252438325631180804
1254823191975006208
1254799769853218816
1248305585956835328
1275149542263005184
1276712356333191168
1280207665428402176
1287496521890627587
1291688836293111809
1308219011499515904
1307428315851108352
1307366983890018311
1307706058618671104
1314703438085844992
1318168154623926274
1312821652489678848
1329862731521019905
1324055634963255303
1335971207137681409
1339255216303181826
1341890985723387905
1343912724531728386
1260322551600947201
1263838255176462339
1261253394079125505
1262451172993949696
