1182012871854759937
1188511789937561605
1217900614534955008
1231990952010579969
1229445541618208768
1228350697768464385
1226211593177796609
1234616846277644288
1242155154222309380
1243641737379229698
1240118239172198402
1236064075026771968
1238181458637979653
1242967641687547907
1243249213737242624
1244690367674552321
1242067435022430212
1242965751977463809
1240649324746416134
1242633570113511426
1244775602332348416
1242467437414502401
1241419580540674053
1242474972930547713
1240445620181241856
1240730437691101184
1235573485709205506
1241887595858182148
1241482971347144704
1247540697483202563
1245373754173263873
1249037003821330433
1246558776192368642
1247191492797628416
1247290466124603392
1250163555409805314
1252236871310037001
1251634698696167425
1252625030845890560
1246492068211499017
1248975306913955842
1247921152468692992
1253074105055789060
1247500318067363843
1253869792693493762
1252944175445622784
1246227252502822912
1247301318227767299
1247288189745631233
1245367831178461184
1247969558926934016
1249791476495790085
1254789190694260738
1245506526095294464
1250146512136331264
1255229673920962563
1265991457938210817
1257327131987771392
1258734156252659714
1275977022209228803
1273327947093618688
1269704452392521728
1275298909821304833
1271470617531944960
1277640988169662473
1280294920213991425
1285628675229134848
1284231709068845056
1279838761556328448
1280518324544327683
1294666435910828034
1292941534422171648
1297164210808520704
1290337243656335361
1297555719722536960
1298367742861606912
1299474404083195905
1300486036657713155
1310608234395447299
1304204265041399809
1305976398121783297
1301561070574735361
1307787879742091266
1306728398195249152
1309978220561825792
1314310867215937537
1324173512303644675
1326345158170914816
1331221288195645448
1329385261009137665
1332505751869399040
1329122519891193858
1325883461765390338
1337792291046641665
1341127567378624520
1338499706842963971
1340697227581337600
1334169695197474817
1335288383283847173
1265991457938210817
1257327131987771392
1258734156252659714
1260997859328946176
1266124616403046400
1259966702839902208
1256996721747472384
1262825993422753792
1266759659160924160
1260688899048947716
1256313558788235264
1261107114874826752
1257725160750288897
1263847511984410625
1262428013871988736
1260618332962795521
1259905021405208576
1260238556628422656
1267049452025634824
