1189558117027196928
1196463933672042498
1204389980459671553
1219329366464831493
1213480594941853696
1212191746672730112
1223954016750768128
1244731132618231808
1234503449640865793
1238169995479265285
1243752262574301184
1243729510530314240
1247346851604393987
1246962779166101505
1255293276871110656
1257447566108655617
1269457357282705409
1267241286530035713
1275186523432906754
1275467379804459010
1283866229015367682
1283479804558237696
1291024514281865216
1300930486114508801
1308141275615502337
1311131217119518720
1310715417443274753
1308117719607209984
1303082201798467584
1312888506495102976
1321695141841629186
1312528761418444800
1315362264656928768
1329865255011241990
1342052012956020737
1337120832846397440
1343955050553458688
1257447566108655617
1256042977559904257
1257733730870767616
1259223445872787457
1256299636127526912
1262724306708168705
