1190658660503916545
1190668047117430789
1190692744986906624
1219640795713753088
1221401050411929600
1221679246608756736
1220768465159507973
1219612361604157440
1221855608346775554
1219724234982903808
1227838534901358592
1243834486917173248
1243851356378562561
1237292073096634368
1242704071653355520
1243742928469622784
1250259002295898112
1253141827571646465
1252094921164509184
1249338540149764096
1245303722231631873
1254109626976489472
1247375274582237184
1249429959191326720
1248632825185779717
1251126884185722880
1247679766083170305
1271679370822733824
1269623979385348096
1273504524313882624
1273494595733647365
1275009867732840448
1274970491623600129
1275819561330151424
1283271277667512320
1282440224556167168
1288650335741870080
1282289276659486720
1281535642732617728
1285111028884271104
1281563631306461184
1295741939095134210
1291054163976052736
1291478534196572160
1295450684020555776
1292748871563534338
1291671899282345986
1293562297835638785
1305519333637058560
1304428888433594369
1321434270485733377
1332105124190121984
1333419009614643200
1325367509105532930
1323110766891790336
1258885132619902978
1266389678028193793
1257573972331257856
1266660770055667713
1256039278833876992
1260943166162604032
1265124404914089984
1261665718908735490
