1189557791352147975
1179961841881092097
1189300927368445964
1189497475696078848
1185289125437546496
1187239798085312512
1189836910572625920
1183760778110951424
1188107449829658626
1182445657937702912
1182249417853804544
1183873339367936000
1196831754977468424
1190447183579025408
1192129013575118848
1199753765328322566
1190313972496568320
1197217205475250182
1196993661650780161
1192796413656125440
1209853814825766912
1223088381397172224
1223063099625787392
1232439905126514689
1231913083754307588
1243115598323707905
1243869481090383872
1242428548364800000
1244394530562084867
1244273211807858689
1243603724687364096
1244743052348084226
1243558268900913153
1243970028443074565
1245024507414417409
1243968058701402112
1244927490809909249
1243878267028938753
1244687565908783110
1244776460457586690
1244066998436466688
1240891148903673857
1242186862879539204
1243509903022592003
1239028800198934528
1244344257865043974
1241464177945972738
1238970683901820928
1243617679145132034
1242856146098106371
1243085358545481729
1240080517724332033
1243425533859266560
1244237953636982785
1244284142826782722
1238543688206364673
1243134394858168326
1244524982593601536
1237408109137625088
1240779271972495360
1243330686213292033
1237137992478642182
1239590417387184129
1247188569921331207
1249117276453904385
1247695285033328640
1246256236644962307
1246821238191906816
1250034869809418242
1246110621982220288
1251371613423050754
1254811644305309701
1247612057450688515
1247737714574753793
1253624828562681856
1254889312296067072
1246076908602658826
1247690670216581121
1255879420709154828
1245591816381927424
1255693410717044736
1247418473518489600
1255081915717206016
1245829843637460992
1255497271736709121
1246866950724124672
1247710044772274182
1247874930542247937
1248731412313882633
1252900063908704256
1250253147764711424
1250901602891821056
1248033132684685313
1253375589731500034
1246669580816138241
1252779229110042630
1253532137199996928
1248377696519778309
1267062823663869953
1260812139356446720
1271167886933938176
1271190614185476096
1271515417111072771
1267893836577222658
1271986724659433472
1275934749069017089
1277738694091460611
1271491634367209472
1272010743546863619
1269501846458191873
1270785304249729025
1270114947985539088
1275473711001370625
1271804521912635393
1271152145899778049
1268225511437799426
1284353499917156353
1287458486486552577
1280977314172542978
1283414900618989568
1283406214597160961
1284124476179914752
1278760770973532160
1282884455061835777
1283845244597854209
1279891222669266947
1279970112003588096
1285274424963301376
1282547854108766209
1288685769234808833
1287431865641689091
1278149257418215425
1280607532256505856
1281570159568789504
1288958730327871488
1278772929266741248
1279389681612845056
1289193373929058304
1283907373925638150
1285758765762064385
1287397261065027586
1280894486818820096
1280107022604742665
1288980198168367106
1278880719570219008
1287427517557673989
1283402851704688641
1281023025585033216
1288566838478151680
1285618588309696517
1283887992935866368
1286448563535347719
1283424359701504000
1278335685993299974
1291773329578299393
1297813476484583424
1295471301654654977
1295698553172627459
1291904772828798982
1294340285099638785
1294997593206992896
1292640431210221569
1296281385859260417
1298744968484286467
1299372225489973253
1296169404380700674
1294838806751961088
1298832680201662464
1291260254379036672
1293026886906458118
1291126855731486720
1291869960340484101
1298425026719313920
1292096275240943617
1298065863661191169
1298394473827835905
1296171336449044484
1290709154911461376
1291799909931405312
1292319923897806855
1291339537051013120
1289906557388328960
1291269867321139202
1293384148883779584
1298376494729687040
1291116507825496064
1292286051088764928
1302985081078845440
1306782511012417537
1300855990712242178
1302363630248374273
1308193829422534657
1308013265293914112
1303007656416866305
1305965425096904704
1307481967261364226
1304283557079257089
1310985726444662784
1306617551284326401
1320840635201560578
1317486517686837250
1320788041057898496
1312025187731279873
1312082424348762114
1318839527184760832
1313282858195324928
1313158290596155399
1312412593017946113
1314984290070003713
1312263630705037312
1314860760586170368
1321126034704601089
1321293120705888260
1328420074701656070
1328435178662998016
1327775457769648134
1331358143067074561
1325939748066762752
1324026122623963136
1333251922724352001
1329099561109958656
1324756418726039552
1323301552862482432
1332027974506385411
1334210755411980291
1340779263465811968
1336845568841281536
1333991796750376960
1340409448322490370
1340894300901679105
1335913208255815681
1339306810315067392
1340507233919102978
1339338730243407872
1336370030158770178
1336898457370562561
1337109881300652048
1334945822283272192
1336060419849457664
1267062823663869953
1260812139356446720
1258965559766646784
1264497116774305792
1259157479889481731
1257267060016545792
1258547212851613697
1260295318459109377
1257075380348948480
1258086629316726785
1265402664415887361
1263958874949746693
1266728826312314880
1258554035805839361
1260349320840318976
1263069584577478658
1259501584431472646
1255993908410159104
1257294390118223873
1257331656630951936
1259921289516650496
1258066033006522369
