1187571090589179905
1187140083926761473
1226830367446966274
1240715329556353024
1237279371884474369
1242099957156454400
1240977859688218625
1240648388728836099
1242092865062387713
1238468822857736193
1238201541615632418
1243853805873135616
1247906073962582016
1271472766806450177
1272201349183217672
1276231236453838862
1281189545543901184
1284297029850546177
1284282970447192073
1284165936908505088
1293894659828260864
1308988981380624384
1310410214261153792
1314918389022781440
1321518294394949632
1314575970225987586
1321772133668679680
1321836314912645120
1314306254718689281
1311982367200870401
1321460945667895296
1314962189124427776
1315691240109768705
1318234104014512129
1321115343255982081
1319333984753479682
1321107921380532226
1315703044617633792
1314567431549976578
1311985639659765761
1315634541512531970
1316057205716783104
1322227605722918912
1311981098289623041
1316730523742425089
1327896945793396742
1325912905775108096
1341768524117774336
1265094554040053761
