1216116919671099403
1244690843837108226
1244796001749274627
1241548043238981632
1240266372543889410
1241560117188997120
1247187236501819394
1252964605900587008
1252633285739589633
1251892063660126209
1277685958746529792
1283028433250004996
1285640633202466816
1282309265647038465
1279313240422404099
1279495847835693056
1294396108605730816
1293624964843790343
1293994254142906368
1299495567815520256
1327276079715905536
1338343564514910209
1261698782594584576
1263475966396989441
1263445176141266945
1260787838498594816
1258491701833981952
1263508422739148800
1264214176966348801
