1199428488299712517
1206778826082131968
1221057545248366592
1243693082677317634
1244587648364285952
1244928004884762627
1241702528254910464
1239622028136714240
1244769359333072896
1240650250152534016
1240006620572258306
1236314501512921088
1238738363840114689
1240571907310829570
1235597054182862848
1237086946461200386
1252511436531798017
1249306141017997313
1250056590100701186
1245427005413302278
1249079286142849031
1247835598477578241
1246094751184683011
1255881509900365825
1247840802149203970
1255033880593260544
1288762327831949312
1278706007590518785
1291802342598336515
1292409316620873729
1291263193508188161
1299048329909854208
1290155067471953920
1311288118478336007
1308975408633831425
1311304709358133248
1318256802123886593
1339703353673199618
1338439626273513472
1262719256782868480
1262795551147524101
1264908033362141185
1260932047058526209
1258832299904438280
1263496898943619075
