1187782644685295622
1187265351026987009
1187265351026987009
1179454034412998659
1182964202396405760
1184689213683503104
1182669568243666944
1194255884551102465
1192131539703865352
1192581092550873088
1195088098994073600
1192498621863862275
1197662237923717120
1204753883865788418
1215330310658961505
1223207952603131904
1221599541364850688
1213190668069351427
1219506882441809921
1220706065727225856
1224427467479375873
1230892287049138176
1228015764218748928
1228371173551022080
1232661553117351940
1242096494452387846
1242753010801000448
1238153531158409216
1239620748655894529
1239588175443525632
1239976436070375424
1241061962718621700
1243656577963491329
1239833938782232576
1237070243060645888
1240109420593504264
1242822926447099912
1236199504795373568
1244693425166913537
1243313034266923011
1238135027294253056
1244775390914150400
1242787014551965703
1245690495801720832
1247526564926877697
1253021299351396354
1255800542632312833
1247529339916185608
1249013772007682048
1249016997872091136
1249730046761136128
1252983266350596097
1246150623512408071
1247269877963988994
1248430842298302466
1247888839571456001
1245782344923000832
1251198706390650882
1252350727093018628
1250411109447864320
1247570265212624897
1249730542259408897
1255913541305012232
1254205394282479623
1267446178683039744
1271729315005284353
1274864765786042368
1272599587400843264
1270643131701170183
1272239893956243461
1272979957258555398
1270376654997766149
1268596775667015681
1271460629551906817
1269704689731334144
1276271740860186624
1286044381116424192
1283052240136273920
1283092976009457664
1280474161673113600
1286262073891139584
1281698187926020096
1282769542637334531
1282773043375464450
1278719508220444672
1282371382974840837
1283749437714632704
1283163788963991559
1281642719669112834
1287147952809615361
1297953326642991104
1294669035901267968
1297988574348840961
1298294904439951362
1298673476606341126
1294321665632014336
1296546035708432386
1294963476532809734
1310263435419168769
1301272159126421508
1314002480506773504
1320853049716494336
1319753320588857350
1319373340600111114
1321014296864837637
1319936928523890688
1319458822289838080
1312090753095684096
1317307372545675265
1321896561354313728
1313504585861009410
1314192249396367360
1318508247914078209
1319699920996192258
1316829507114893312
1321469210967609345
1316330091333455872
1326511880639279106
1326190778402660359
1326289106251419649
1326290795780059137
1326290795780059137
1328374984876634113
1326559795940306944
1332014691644821507
1326821161334960128
1325928381364523008
1330963091052523523
1325071761856208899
1326111350863630336
1342993277683957760
1340261846251696131
1334598872577019906
1336743051662929921
1341435549819822086
1263677938265964546
1258641720335466496
1260467708254093312
1258820462777438212
1257405572720111617
1263573292583174156
1257716697827627008
1257343501215371264
1263604327874256907
1258875403655090181
1260302612055953417
1262741490792460292
1257714868863397888
1260230767810154496
1263542351202529281
1262164643944042497
1264349314538713088
