1179880514053902337
1179753180189675521
1185526790984519681
1186988060371836931
1181618544233996293
1180838477694488576
1185581758164750336
1179905333159841794
1184572526304870401
1185970573546938369
1179775187706896384
1184453275682295809
1183746316599529472
1187740132604035075
1187132004032110592
1187347932657410049
1186989589149442049
1179792539911634944
1179887477806510081
1179920420046360576
1192526688590221314
1198234232696520704
1191768469043175424
1194713243719262209
1193575656036196353
1197664804820934661
1192219859708497920
1192223025732734976
1197393034876346369
1190191789099012097
1192435242033963009
1198237371017449472
1198685023144206342
1193930962419224577
1200048061071933440
1196080455189221376
1197676141001052160
1200537905128755200
1200537905128755200
1197354912851456006
1197354912851456006
1195338618644127744
1196536969058238465
1190669620107198465
1206674878641975299
1206996611135660034
1202257363299758080
1202391129682894848
1206677852894224386
1205587186168614914
1202663098185846784
1202663098185846784
1202038369158672384
1202255831674306560
1204052741695397888
1207509461264470016
1207502330691833861
1204220447686049793
1202252577779240960
1206535883601698817
1206233653732233216
1202018355428892674
1208315575811944449
1211833029506809857
1207696766113587200
1209134053619843080
1211662763401121793
1207692425189158912
1215876013239996416
1217102723704737792
1221483405789081601
1213843124545449984
1218202937278844929
1218709879591882753
1217515557546799109
1212432296483131392
1221971346105622528
1223240702731132928
1221232775983878144
1219652471183855617
1213873008973991936
1220521115031724032
1213529063450693634
1217517460691152896
1222921942992244736
1212839681705988102
1215458537561886721
1232786918884069376
1226879813689970690
1233125359232725000
1231605175707504640
1231605175707504640
1233463049492799489
1233130411158646784
1233142761416798221
1224206450169384962
1226591985806475266
1231687665071734784
1232364424498950144
1233333836869775362
1232434965276585984
1232762849744826369
1233175997089906689
1227842075527278592
1229482693114679298
1227443327487946758
1224366502817730560
1231580132361592833
1232839153902968832
1231642790712360960
1232733126599811072
1224527505153019904
1232474504200241153
1233034833560866818
1233034833560866818
1232752908845928450
1232752908845928450
1233089518925946885
1233200435223126017
1227014287694204929
1233030756877979648
1233077519009619970
1226924712497905664
1225991905122471937
1227269183898976256
1233130102998781952
1233130102998781952
1233047249883668482
1232720969615233024
1229532103202787330
1235186318600269824
1235186318600269824
1236603830042791938
1236732263552790530
1238263879421042689
1239540672144777217
1239595144451706883
1242134056252383233
1242179938826039296
1243640667907272704
1238012018940133376
1238478964684984324
1238478964684984324
1241670762907361280
1235742252619763712
1235742252619763712
1240021411592167425
1240316766020161537
1241160832190271489
1243561181870043139
1244648278064594944
1236271968221102083
1239277828610416643
1239277828610416643
1240768282908475393
1240781398484680704
1242205142411292686
1243002248927612928
1236091587811086342
1236996294977052673
1237891974666973186
1237897588008833027
1238785789120540672
1239507366057517057
1239728917583482880
1240357453948235776
1241854171416068099
1242332833814851584
1243159841507618824
1243159841507618824
1243880529423937537
1235938659272192000
1236285776285097989
1238908151040106496
1239207600538992640
1244656334059888640
1244749721777799168
1235559990439510016
1237046429497135105
1239525820739325953
1239599088972304390
1239606284552372226
1237737597713121280
1242486852852027394
1244604007370416128
1244633497618255882
1234904886090747904
1238207446415560704
1238261519361728512
1239501495432814598
1239664416750292992
1240662888932573186
1241414217141379072
1241870521802928128
1242165861764366337
1242509296228798467
1240956087622348801
1241346180874985472
1242546328082800643
1243238153357582338
1243238153357582338
1235671321268416520
1238265251591684096
1238684108085063680
1239840909690171392
1242452316432805890
1242464845309652992
1242912725203857409
1242912725203857409
1235235203221794816
1235235203221794816
1237121771767083009
1237403704531312640
1239597028226842626
1240023743616798720
1242591604717899784
1242665023056592897
1235301036996386817
1236091503979704320
1236091503979704320
1239214894395916289
1240744512810438656
1242130174134681601
1243517869423505408
1244770324698316804
1238854499709714432
1239221742347976706
1241043970316214273
1234881542683529222
1236679123617165315
1237894128404324353
1239233364772573189
1239865150146052096
1241729877440491520
1242084191279419399
1243819970418675714
1243819970418675714
1236098772670836737
1238554691258195970
1243143194285690880
1243143194285690880
1244022420006207488
1234254089984368641
1238255425054740480
1238753431524909056
1239379129859837953
1239575964847353857
1241620260370825222
1243896723757465611
1244768990406336513
1243284269725818886
1245034691176128512
1245088256649199616
1238519087388602370
1239113286555033604
1241388731468328961
1236882477978980353
1240636692358402049
1245040198318198790
1245040198318198790
1235028388751880192
1236093093562085377
1236339771406004225
1242095352653717511
1243601770993025031
1244815731759276032
1235677448446111752
1236724568636755970
1237471772460691456
1239278369658855427
1239278369658855427
1240373894415962112
1240655300945944577
1240783829171933187
1241764117867892736
1244299207407796227
1244299207407796227
1244663364476952578
1244712010799091713
1244712010799091713
1244958430357405697
1236082401404522496
1237351538928037888
1239988544715862018
1241345656410816521
1243582954472783874
1238513567701307395
1238678753208864769
1239598365706313728
1244604146784841729
1234584492100268033
1238730342804094977
1239005007732772866
1239488965281013760
1239847851750051841
1240099549068161024
1240283945645641731
1240283945645641731
1241743182196604936
1244612232492634112
1237551223420514304
1238108020892188672
1238558481638096898
1239176173101473792
1240317275661643778
1242912644547387395
1242912644547387395
1243565426514296838
1237403820222754818
1237486483277307904
1238940321116897280
1240370407015731200
1240370407015731200
1242068408872689664
1242074814145232896
1242958500243922944
1235568328439214080
1236069492226232326
1238274249095368706
1238546839693123584
1238546839693123584
1239181482842824704
1239858030868459520
1239961999779430404
1239961999779430404
1240721956204396544
1240753302364700678
1241017097397751808
1241017097397751808
1241620871653076993
1242585788090638336
1242852450685595649
1242889120155762689
1244970814463782912
1236679511782993921
1238562990259089409
1240612757319438336
1241761502496993280
1242127644239503365
1242127644239503365
1243285794086936583
1243397345137442818
1238120435587469318
1239546515699331073
1240655246893953024
1240655246893953024
1240737870727524358
1242172756332068865
1242247482769387521
1242755619628728320
1242845864277803014
1238781867366551552
1241630285663539203
1243236886568751105
1243565179729829894
1243782137813168129
1234855677409087495
1240755397889331201
1237717937563164672
1238210669813452802
1239602362869846022
1240989364689104896
1240989364689104896
1241356256381751296
1242191549267656704
1242468321863360518
1235611333728616448
1236756141738266624
1239953098279391235
1239953098279391235
1240309238729039873
1243331287877685249
1243717851678044161
1244648672622563329
1234222197100642304
1237511695259463680
1237511695259463680
1242074653406842883
1242844015738998785
1237018889051090947
1238520689184948224
1238534353036046336
1239181970120245252
1239579625560231936
1244608705070428161
1244608705070428161
1238144495473946625
1238490809407692801
1239887600720084992
1243649881316552704
1244601554449182720
1238622715248103425
1238670803152982016
1239593261272125442
1240461750568390656
1242837534381465606
1239347391138074626
1239347391138074626
1242409095505698817
1242522870372274177
1243475529975705600
1235405491947397120
1236875679393894400
1238117717674262528
1238117717674262528
1239521983223775232
1239521983223775232
1239888418022227971
1242887224296738816
1243913648050966528
1244280693733064705
1244280693733064705
1244662148917231623
1242486024674164741
1234967677900214277
1234967677900214277
1240393314647658505
1242287521045733378
1244004356233584640
1244729180920504321
1235388827960672259
1236681496167137280
1238239956453203969
1238755382710824962
1238856280086908928
1241346362853265408
1242505173571903488
1243541197190238209
1244625822058766337
1238750189327810562
1239172010506219520
1240099392075399169
1241080412358823936
1241087690990379014
1241087690990379014
1241392340809342979
1243908172445822976
1243908172445822976
1244606340238106624
1236737539966410755
1237413691168919554
1237434504563703808
1237481891051327489
1242240103038300167
1242493974771896323
1242493974771896323
1242907512149430272
1240460082942525440
1242080441542168576
1242080441542168576
1242086288804773888
1242164465396785157
1243485170994462720
1244267297151188992
1235220285072306182
1235386722386665473
1238114928436936706
1240780040641687553
1241340966163771394
1242533024912134144
1242533024912134144
1244674151153049602
1235207223011356672
1235231021479735296
1235682785756467200
1235682785756467200
1238264408834543618
1241454181648494592
1242178001044779010
1242421653075898368
1243685673011380224
1235219365517307906
1236089729797550081
1238319526590152706
1243950908557471744
1244770848340430848
1238242618657714177
1241058123185520640
1243270644336406528
1247607045261529088
1247989385427144704
1247989385427144704
1248624285591023616
1248768888927440898
1249344778942033920
1250876966586253314
1252589627862421504
1255944054900211715
1252192673613492229
1253130954073350144
1253331469813989377
1255627103954927617
1251655601358352384
1252299661903310851
1253295643822612480
1253323660879790082
1253683752875638785
1253683752875638785
1254760042856923137
1255137330882441217
1255137330882441217
1247904899095908352
1250600700360290304
1250600700360290304
1251581675521236992
1251581675521236992
1254852944492498950
1255256402978889728
1245163865010208768
1246424624813883393
1246424624813883393
1250081376612868098
1250100133435305984
1250100133435305984
1252978193625239553
1253780732138438657
1254770803326894080
1255823796801437697
1245422566711279620
1245897845384925189
1245897845384925189
1246527586341212160
1246565511565107206
1246840020494942209
1250866922729672705
1251873588585603072
1252219001259929605
1254937103206502400
1247031278727081986
1247568537885061120
1247668210775842818
1247668210775842818
1249344196856741890
1249878433636610048
1251267416153305089
1251665046943326208
1247146552625369088
1252678748207493120
1255973733811908608
1249847837803851779
1251667110066925568
1252269053374107648
1245124056917172225
1246856417891373056
1247935946504495104
1249318359021174785
1250646367594307585
1246173738325938182
1246564994927538177
1252912249766842368
1250947829360664587
1252031660608172037
1254168574152912896
1245367635023409153
1250632832927449088
1252589238782234626
1245995715584761856
1247118879685558272
1249396612171878403
1250523026254368770
1252281899050954752
1252645897508229122
1254760665602052102
1245319639627792384
1246822429361680395
1249663269213618176
1254412643210682370
1254412643210682370
1255316968707624962
1246379030124924928
1247486585756663809
1248638695873413123
1249752838605062152
1249769208939835393
1249769208939835393
1251989074212261893
1255589309077282816
1245871271411216392
1246869770470817800
1251120743716253696
1251120743716253696
1255322171515310081
1255507798663860227
1255507798663860227
1248049305262440448
1248239168800477189
1250869546854100996
1252247870255792129
1252572488103493635
1253392894674767872
1255892976665952261
1245377449707241473
1245377449707241473
1246809427048574978
1248305638117191687
1248519281186189313
1249343307605405696
1251164785967796225
1251921474094587909
1252437776148004864
1253135319706357763
1246554971216261121
1253473748289835010
1246856868800212994
1247240609867407374
1247658672949530625
1248016971351732225
1249746714891780102
1249746714891780102
1254817225778724872
1255524297734488065
1246188657452576768
1246524830947504129
1250398241297854464
1251480786039177216
1251578673649422336
1247270467410378752
1247493084058976259
1248620024203337729
1251626471954792448
1254772157973839874
1250051678247714816
1250769672217092096
1250961425557643264
1245109920158167041
1245109920158167041
1245999662395355137
1246801638213537794
1246801638213537794
1248998111319666689
1249448688637874177
1251165664733048833
1251165664733048833
1251518003046494210
1252195090661019654
1252238114686291979
1255159212226670592
1249434599962243072
1250436086519586820
1252804832798208002
1252804832798208002
1252958647589711874
1245571671844474880
1245699716471455745
1246686013826744321
1246760627806162945
1249016763322376196
1249093628200271873
1249715647715688449
1250424189321789442
1252267189601579009
1252267189601579009
1246425245554114561
1246425245554114561
1247420318517362689
1248027285158068226
1245545245217038341
1247126013282312193
1247126013282312193
1252765783312211969
1255741918836920320
1255741918836920320
1245450890284277762
1245470722627178509
1245470722627178509
1245846658119659520
1247611375666343936
1247611375666343936
1253836824704925699
1246186345384402944
1246895641239773184
1250153201703309314
1252299870813196288
1255235339158945793
1255920369690570752
1245779293101318146
1246747432085577729
1247350905198051329
1247468458540924928
1249677353711632386
1250187755990155264
1252317009561350145
1255155899070476295
1247222052425261062
1248598362695192577
1252261413759959040
1245406679820271622
1247412092434436097
1247577287782006788
1250407426823766016
1250407426823766016
1246469325889789952
1247551730696564736
1249696936891990017
1253003151868919812
1246809938724294657
1248140179044323328
1250221298770423809
1251819602872393728
1253391962213879809
1254354033218744325
1246081299384852481
1246223217779490816
1246775893231632385
1250102784097234947
1252912825976184832
1246805808295206914
1246917099001241600
1248024839866028034
1250458013376425985
1251539729360621570
1252588670437265409
1252588670437265409
1253041621727412224
1253844260492804097
1255868273066991617
1245190035772567553
1245393371339710464
1249132857555144704
1246761574167183360
1252776922918027266
1252910641037352960
1245878203471646720
1250135405262929926
1250135405262929926
1250756037566705664
1251309252548816896
1254884292720803842
1245951301810130949
1248421851715350540
1253135158879928320
1254417592518955009
1254884712130232320
1246137793128038400
1246203039750541319
1247159173285986306
1247527204679872525
1249307153032232961
1253783970136961024
1245135326110154752
1245184133111992320
1245393014752673792
1246560780293566464
1247589219460997120
1250227952551329794
1250227952551329794
1250497897961000965
1251177803048824834
1252983788507926529
1253704938309521408
1245368620693282817
1245368620693282817
1246078643656372232
1247986847856222208
1248624084256088069
1251094119486820354
1252962254783381504
1245393550122135555
1245871367880200198
1246356794529550337
1246870996285394946
1250000546335019008
1250555203616739329
1250608527325966337
1250608527325966337
1250912105756164096
1252059756128161795
1252616222803292160
1252616222803292160
1253096424524394498
1253339379549925384
1249331668277760001
1251175378745352193
1255579776724721666
1245311010145292289
1245513190320070656
1245679885240197125
1247711629686583297
1253129643596476418
1253290353920110592
1254771285562814468
1254930681706303488
1258534205396410373
1259129316757159936
1258397809377755141
1261836640990957568
1258458078803922945
1261023722611314699
1264934799824871428
1256384024840417280
1257802029344358400
1271029359814590466
1275396375224647681
1277968868682555393
1276866636906213377
1274163629152178178
1275816027834769417
1276868823640145921
1275069166161018880
1269306495084171269
1275017719457308673
1276195473452232705
1277193038180352000
1276412627904856065
1277991304828354560
1276306684437200899
1271774813653053440
1273063695828934656
1273335869701648385
1273254189079105538
1272134663939768322
1277669080888217603
1273072875210248194
1276606832014999552
1277822930718724096
1275246956403515395
1277601761302319107
1267841214998630401
1275100301104570369
1269347577226502148
1276293672884031488
1270398576997404676
1273267184970727430
1270616371005661188
1273250952808747008
1276227046364962816
1267464218372198410
1271046414202740742
1277214523947126784
1272150447113949186
1273225138335444992
1275374302330793985
1268979620394659840
1269280770046091264
1270121953748230149
1273224696461484032
1275023913492328449
1276249028855021569
1276249028855021569
1270680997860913152
1272607953388892160
1270105124124459008
1275103706900504577
1269289012205740032
1274670909232574465
1277727307050946570
1268343843981844485
1275098613882990595
1268690983429996544
1275075785397661696
1270359730968424449
1267633720766464000
1275454589769117696
1270024895418691585
1270674710594871297
1273040853737574401
1275148938274697216
1276308196756525056
1277962379301552128
1275631262238150658
1268194774802194432
1277580744743890950
1274699380189085696
1269276592385200128
1269276592385200128
1277614337658687489
1275818831538204674
1270351208146890753
1270351208146890753
1275208921020596224
1275208921020596224
1273413668164849664
1273623956461936640
1275074121911558145
1275610655622602752
1269115591333343233
1271590633363271681
1273398629647122435
1277667833237864448
1273568046368673793
1273568046368673793
1276839205017018370
1270785939405565953
1273630816048836609
1275023106801692672
1276550200694206465
1275195620429570048
1276532941154385922
1268332030594412544
1274912878659657728
1276480492334977027
1273002533624176640
1277641743152721921
1268152407466430466
1274342696568553472
1275053924764934147
1271850558585004032
1273263804143501317
1274667520893452295
1277608027609280514
1272853567200616449
1276305614067699712
1271140098021691394
1283524135415451651
1287829871134158850
1280577271418490881
1281037857528991751
1281994440043896832
1283363997073506307
1286802088715079682
1283970943900147713
1285553341280456705
1285553341280456705
1282685010026233857
1280143230265290752
1281168730958020609
1281187935417700352
1278302101702049792
1278831147934298112
1281737040946704384
1288937838810214400
1278754022254686214
1280993658964070400
1280993658964070400
1283795676308992000
1285947326750744580
1282758524175618049
1289218194159280128
1279890896734076932
1284520691123941376
1284520691123941376
1281682230386003968
1279777726010982400
1281711191128076289
1283878216013234176
1284190186704863236
1284514173184081920
1279736917899325440
1280737920635170816
1280737920635170816
1288891745036623873
1282478308341555201
1283195127490654213
1288829197616467969
1282036752983535616
1287376007201161217
1288122236293902338
1280853384493518848
1282331444778418176
1281952992762241024
1286296311994580992
1288857563409395715
1283562049403006976
1288802236219490309
1282634403575824385
1288087497621135361
1288963956183367680
1282000044434939904
1286652203013476353
1280745944154333184
1280829162521944065
1280829162521944065
1287414576338829313
1289052338955653120
1278805410858688517
1286832287670087680
1288175188207710218
1288175188207710218
1278290311169675264
1278315527333650432
1282663046448586753
1285727086213292032
1288904533695967234
1288279580223123460
1283417425606856704
1278779758507995141
1287894118358814721
1284643602841456641
1284643602841456641
1285248434648289283
1285545477036007426
1288450040156094464
1280877528413024257
1282033238186303488
1280276076443381760
1287094227969572864
1282996643936313344
1287393139267973121
1288795446064951297
1288994681985040384
1288994681985040384
1279736493553209344
1279856570545762304
1282989895523487744
1288632308631732225
1280107880201555972
1279753709447233537
1281022806520745988
1284320891267092481
1284320891267092481
1287531224106491904
1283098671085752321
1288121094277173256
1284112258180640768
1285665304098607105
1287491214640427008
1280967154452566017
1280967154452566017
1281401932502970371
1285914928092721153
1288490733973000194
1278132887783534592
1278651479805526016
1287499683435249665
1287725823525556225
1281298858035855365
1286824737960796162
1278672778569428992
1279404718184415232
1282290642584924160
1286258286430490625
1278151839947653120
1287146511193608193
1278377897061998594
1286308957678497792
1288950270433669120
1286129735181963267
1287527058789326849
1282638040020725760
1284813919123648513
1288095756470034435
1281932734869368833
1287018688583933958
1284862120048328705
1284862120048328705
1282343481550217222
1280297226561097729
1280809502871298049
1280548279609110529
1283435783936974850
1284465482465267713
1278648729814384640
1278648729814384640
1283812427994238977
1286288693934858240
1287732571271581696
1278867304466579468
1288527846202368006
1287868743981207552
1280891909859414017
1281207589427130369
1281207589427130369
1285754810537373701
1282712327020781569
1278862021686067200
1280080364162220032
1288924815189921792
1282101119540502533
1285531962111922181
1288296839805046784
1290245843031744512
1294066612442718209
1299545940680937472
1291055014090334208
1291055014090334208
1296498166418886657
1289890942602760192
1294427333575598081
1290242218658271234
1295402263385645059
1296618993252532224
1299785294544240642
1298926449311744000
1300077565986713600
1289621920468602881
1295473178131587072
1299555983329390593
1290447372200423435
1299015656302456833
1299015656302456833
1291704401367838720
1291943988459499520
1293187065568301057
1299776339378143232
1292501092094423040
1295311547418517507
1290307001918951425
1295355090056822784
1295399008626716672
1292079284098605058
1293220222866870272
1297588619859894272
1298310522476081152
1299359996799406080
1300089064192909314
1295018040178900993
1297240584915214336
1297240584915214336
1297587099634405383
1296499497019813889
1290976790333227008
1290976790333227008
1292106164063408128
1292264286484488192
1292945770249883648
1294089204331352064
1289553497931698176
1289891304978055169
1294617343948095489
1295433955345399810
1291766776078843905
1297570707648516096
1290237339701145600
1296501892017565697
1290653178812399618
1290653178812399618
1296690506110578689
1293237300747436033
1296960277318172674
1292531783590961154
1292967285678899202
1289579366964498434
1289900722893590528
1292567991842897920
1292567698615013377
1293232436675977216
1291425059999973378
1291518528596652034
1291518528596652034
1297166682788593673
1297854169626193920
1292939519696789505
1295059182656266240
1290100814124523523
1295438938404876288
1294122228947120130
1292707254953816066
1298310743994109952
1289652394075160576
1289652394075160576
1289574559016878080
1292902818907471872
1296805904008937472
1292441784207970305
1291124749742018562
1290110683351117825
1290110683351117825
1291336304555438080
1296597124147286021
1291692772626509824
1293423224898846720
1295092077856829440
1295371466129768448
1290322250181353472
1291810759568171009
1300075772347142155
1290463034092249089
1293070083561000961
1293327597833801729
1292502778774990852
1304126898059051010
1309749753706614784
1305260261935374341
1305260261935374341
1308789734408417286
1308461955695378433
1311328970185601029
1300782308576825344
1300782308576825344
1308139221564219394
1308008507577438209
1310941585119600647
1303806943669055488
1303806943669055488
1304414191797895170
1304414191797895170
1308056427617873921
1310399969191514113
1307034747101679624
1303107514431541248
1300776769038036995
1300776769038036995
1310391972494888961
1300752945215143938
1309138520414584841
1300780995210166277
1308004153013174272
1305458439804588032
1308540387997384707
1303113961081114627
1310754665621893125
1310754665621893125
1306633472946008064
1305961231627563010
1305961231627563010
1306009624672456705
1303329694255845377
1303002845285883906
1306681560570232832
1308796761096491012
1308796761096491012
1311058638463594496
1308216206323863553
1311357454555414530
1303128429655711744
1306625953955811328
1306471539148304384
1310717668006047744
1300966538124693504
1305193849321590785
1305193849321590785
1303458015631364096
1305764425656401923
1307026971633745920
1306873173149966339
1301340806469443585
1304793433534390272
1304793433534390272
1308050552803164160
1302653455866224640
1305173282468044808
1308004719005184002
1307089817319153666
1307089817319153666
1300632178796224512
1309709247458885632
1309709247458885632
1308369738242895874
1303556049098682368
1304199014921900033
1303110060453687296
1303678171208994819
1306733481834106881
1303450217723953153
1307224485272133632
1307224485272133632
1308981996732010497
1308140445134991361
1304785212153434112
1301724164731015169
1302679959664832515
1311141194286747649
1305546895062859778
1309487494912565248
1300664344926064641
1303085091116072960
1305185909504200705
1314597025913200640
1320352415468736518
1321452183783534592
1313446966894964737
1319625967027900416
1314338325398982656
1320723658415972352
1315034676357140480
1311995735328485377
1315979594315567104
1313305180264443904
1313305180264443904
1313316446143873026
1313512402391052290
1315618237909008384
1318970138574585857
1319274345944940552
1314166627383074822
1319715607680589824
1312709592896466945
1316736621761290242
1313572948033273862
1311885275308711937
1314374841034846208
1313485126404370439
1313485126404370439
1313508373300617216
1313812582231420928
1319287688034357250
1318625841337819137
1322383940011909120
1313498248821321728
1313471879974473728
1320442254092341249
1315359584337498113
1312143884030365697
1312048868758962176
1312045175523471363
1314917360923541505
1315416583536340993
1312794153475026950
1318878712620814338
1312145807513014273
1315432774531264512
1314234633815384066
1321952996251545601
1313506950160748549
1313663923296575488
1313802766389837824
1316557204506382337
1316557204506382337
1318660878640816130
1320360626552819714
1313507053688684544
1316426568328249346
1313099028662493185
1313099028662493185
1313496876717613056
1311928673843384321
1315352189376708608
1313814772647972869
1313517094844207104
1313882018359386113
1319260232124694529
1313425410001170432
1320727228397854720
1322025182534504448
1313630058460835842
1314532325267517442
1320010027055214598
1322221208528691201
1315699528054575106
1313109981550596096
1313109981550596096
1311435728631496706
1322225047176683520
1322270170296012801
1313920610490343426
1312065763428057088
1313547503963377665
1316193003036274689
1312745323794759681
1312804137088606209
1312856313441980419
1313815975205261312
1313119021995372551
1315281309795844097
1315281309795844097
1313086511475195904
1313859893745594368
1311718481281253377
1319281200926609408
1320356559617142784
1319989640124837890
1317452025718853632
1331652221998669829
1330909013886832641
1333440821601951745
1324483646305280000
1326713827170324487
1331826392061804548
1331236115085283328
1328808036669018115
1330461919044571136
1329233887503986688
1325803548412669952
1323279983213715456
1326940837419208705
1328353706434306054
1332432578058522630
1328380510184239106
1331061500291784704
1332088203067617280
1331785535329886208
1331785535329886208
1332853782632427520
1329099853096488960
1328129574442557445
1332317537141465089
1333382808669196289
1330932585489457152
1333386981066346497
1326689334330732544
1328551659832741890
1328868916999831552
1324486541452849152
1328766193403047936
1333221971220439040
1333221971220439040
1331926007750795265
1331557389594714114
1332499460186910723
1332007662591107075
1333383280356446211
1331559910518222848
1329449190506844166
1323391931938910210
1327255280179036161
1331748258557939715
1331841372404535302
1329499322858303492
1333114299552854023
1324571240200249348
1328284716814934022
1326996387980922880
1326996387980922880
1324423008975507456
1332383345284624387
1323642509344546818
1324723942225895425
1329187418063441925
1332008554740461570
1323610713601048577
1333517602300243974
1333517602300243974
1328115322197483521
1328115322197483521
1332404711421595650
1330933848377499649
1327645896113270788
1329165114545565697
1335998894157737988
1336860689051226112
1334316098972487685
1334921769229164546
1336686028204036101
1334970659588468737
1336695493452308483
1344028726174961665
1337358544425742336
1342117049640869890
1342827042543427585
1340764597993746436
1341085891448561665
1343534811634401280
1339283268974231553
1343477235823517696
1344060862688940034
1333805954312318978
1338604125228044293
1338170830501470208
1344419843748077568
1335208112874196993
1343529455218798592
1336000504539865092
1337354018323095552
1336735199628038147
1337142241803063299
1340425921292099585
1334178222213390336
1336077818279710722
1339235904624451587
1343760307060031488
1339368118636793856
1342160536352550920
1344684043573420033
1339213349545005057
1337203930170847232
1336424825624137730
1338098302588493824
1343681080612823040
1337187097279488000
1343224343434825728
1343272693823635465
1343931316992094211
1334130702858633216
1338500201741475841
1343593778196705281
1340797676976128001
1343376653829996546
1336798787222839306
1334553041970868231
1334177914896539649
1339199152153108488
1342550623426928643
1343266620446281731
1343988116646989825
1336330793556176903
1337410421284872193
1338100420707819523
1343263207796973574
1336024726611877894
1335994446614306816
1336799553140502536
1338497762883727363
1343336002635538438
1333898562782937089
1336660001469952000
1336982258994057217
1339802934855479296
1343565871462162434
1338527380927868928
1334145638657908737
1343631677420138499
1343574819862949890
1334936767464673280
1344315506841563136
1334529587422826502
1340089056844271617
1334678243924963328
1336581452922822657
1338573915694751744
1337502212323377152
1342867951528144896
1342854123255787520
1339181418707095553
1336009781832790017
1336439287588466695
1340625982785523713
1339412502946357248
1342817284675547137
1339325806661791750
1342978656331829254
1337189686331248642
1337524215612891142
1339194945312350210
1334126274747494403
1341083461134688257
1339956182124011521
1334519781161115648
1334995421198954496
1334995421198954496
1343906788706496513
1335948730894258181
1339591013464035331
1339591013464035331
1342146719539109888
1343688132177358850
1336376807877054465
1339060712044441601
1344443163084271616
1334827405014409216
1342122821179199488
1342122821179199488
1341005552755871745
1341726652393517058
1340764659402461184
1341343539838513152
1336413309197758469
1338817792192163840
1342212327643353088
1342212327643353088
1335048748968235008
1341758832557645825
1335405529150185472
1337414459078283265
1341015271037923328
1341015271037923328
1340371095287779329
1343562677122183172
1343634244405514248
1344685803591639040
1339712837011304450
1341049437527928832
1342838830215344128
1338090515179446272
1337207977351258115
1340833181738647554
1258534205396410373
1259129316757159936
1258397809377755141
1261836640990957568
1258458078803922945
1261023722611314699
1264934799824871428
1256384024840417280
1257802029344358400
1262749610960801795
1266380435623424001
1265634503579430912
1257784276419895296
1265728363722706944
1258413843740581894
1260721618822877189
1262515350676967427
1262515350676967427
1259592570901946368
1259592570901946368
1258380190566285313
1258380190566285313
1264101590321041408
1266007633795977218
1265973624432996352
1260614798313525248
1262492188476243969
1265025901688807424
1258221778947600385
1259996310427570177
1260547081250525189
1260547081250525189
1258012571057229825
1258012571057229825
1256647238358577152
1257818086717231113
1257818086717231113
1262029966084124679
1259866832258752512
1259866832258752512
1262485337735081987
1258082118178967552
1258082118178967552
1260203315431948288
1262102815729541121
1262102815729541121
1265769727957381120
1265769727957381120
1262715515312566273
1259480020961067010
1263946241261502469
1257984780957880321
1257984780957880321
1258387449048453121
1262505145939755012
1264882476872278017
1258446922169421825
1264545179916271616
1264920349927518209
1260668893825302537
1264982075167461376
1265995457005621248
1265995457005621248
1258886971541401602
1258886971541401602
1257941934171136003
1258876053029826561
1266528540435996672
1265333929868963840
1262090891319103488
1262090891319103488
1264654194075566080
1257397028914634755
1257397028914634755
1260607331181756416
1262749241866240001
1257434349861056512
1257434349861056512
1257313284643946502
1260658570044956672
1263477041678057472
1265994756531851264
1259888579708420100
1257316543538401283
1257766035421188096
1257766035421188096
1259537994379395072
1256095016289779712
1256382930097602562
1256382930097602562
1266415416533901313
1256292316353933312
1257552646006878208
1258421265368481793
1261618397143539713
1256790585270325250
1256790585270325250
1260605755377414144
1262182914336292865
1262366104749355008
1266120535336980480
1265738901471232002
1256599201019883520
1256599201019883520
1259126457923665920
1259126457923665920
1259532747577622529
1260918939850362881
1262385176287551488
1260546216934338562
1262790592205127681
1264935664832983040
1257794879624708096
1264963503011454976
1265289762849644544
1266092806776422401
1257898504124600320
1264536598353453056
1264575806732333062
1258450491291336704
1265411437888970752
1256968066837012481
1257120442340392961
1257685680936779782
1258413560436326401
1260941229295931395
1263473940112048131
1259749066386391042
1260746071631892480
1266484457609011205
1259458421037948929
1262988778538520578
1265011003491790848
1266011827365908482
1258416286742114305
1264564142377177089
1256985789998731265
1262706044708564998
1257479429850312705
1257696414144122890
1262161435314061313
1260713939081539584
1260910137943961601
1263148459890114560
1263148459890114560
1263517923555115011
1266035071829639168
1266035071829639168
1258080276875485185
1265283123266404352
1259570206831071232
1262185774860120065
1260891309923057665
1260940480323485698
1262472812381351938
1259854690780696578
1260196036246753282
1256595774244347908
1259512077846274053
1259636287755087872
1260213564268257282
1256942051792486400
1259205008207286275
1265273506800910336
1265308279011512320
1256372511450828808
1258775365310230529
1257765439817388032
1257765439817388032
1256342874498781184
1258411262125498368
1265677220967845889
1266518088238817280
1259050438638395392
1262065492019339267
1265759286052843520
1260909488397115393
1261115340890783752
1262540046743281666
1263514236334080002
1265468488820248577
1256925022943240198
1256925022943240198
1262529399758487557
1260842528024248322
1265417178141954048
1262731902630363136
1263094762707382272
1267198391773286402
1258056199192236033
1260921087358951426
1260921087358951426
1264759897469550592
1258788631881400321
1260357934921416704
1257321597129519105
1259608725066637312
1258270350149849088
1260007924434219011
1260900181605781504
