1187088872401965064
1189338627450388480
1181292971293073418
1209111415715270656
1204761437182349312
1241351354418896896
1240671419656286212
1242492418877988865
1242539055650406400
1243580399504089088
1242484554427858944
1242502152582381569
1243317406757457929
1248587266634678275
1249712185795805185
1251832491964616704
1252306545662136320
1247971785263415296
1251586293777088512
1252357165831958528
1254431359529111554
1251586354426916865
1249832433916219395
1252671436633911299
1252658361411284994
1246015589849747456
1251108939472801792
1249683701178531841
1252655830811344897
1252930761788981249
1275450176803532802
1271588703291523074
1280381613528973312
1280170474366959616
1288510187998007299
1282253638614650880
1291868792948166661
1294097810128646144
1292869589458718720
1297636377878761472
1300908564794544129
1313156659305476096
1313156659305476096
1317248574992773121
1317428398986301440
1329779102908289034
1333896486501969920
1336089551119511554
1261110678263398402
1257732224692125696
1261696162979033088
