1181637593299075072
1186582174381826048
1187043794199470081
1182518787205189632
1189427988380696577
1187003020308992003
1186290542705029121
1187520624740229120
1181330932613160960
1188840348514168833
1186780539807768577
1186614298480697344
1186669706733711362
1189204220643295232
1188132923079307265
1187563682609455104
1187367738177658880
1181994620198117376
1180287899822104577
1182719951527907335
1187884870690729984
1194705840802062341
1192969113699786758
1194351518557888512
1199610005563019265
1190711634471206912
1191085240627937280
1190887063970729990
1192136435333287936
1199139731830923270
1191374145730338817
1192291444234608640
1193097753024499717
1198344650811199498
1197760904714162176
1191574893214621697
1190993669991460865
1194063510688264192
1194359500322459648
1195302291785412608
1190586832947417095
1204588576526106624
1202685322003222529
1209944478741606400
1201887349099110400
1202294708241936387
1203491174960500738
1202268249217470464
1206351328986959874
1205259045214572544
1205259045214572544
1209169615013715968
1210073188874502144
1210658373990932481
1218700640274108417
1218177403484172289
1214652985676046339
1217231146108555268
1215280902097555456
1215326765264056327
1217481032267653121
1212794468136554497
1212799021892407297
1221300618041663491
1219702010636853250
1218952269154009088
1227534772873912320
1227607148315774976
1223628595224109056
1224408461649358854
1226706265050669056
1224328762680135683
1232433134487998464
1229193254501044224
1227787174860513280
1227420004230029312
1232063852197679106
1236428063237275648
1242090333204369411
1239159456954548224
1241704616968028160
1240020630143197185
1241342619227238400
1244602759850143744
1243514354919780352
1243595136761618433
1238341789683195904
1242640255892799488
1244689908981268480
1242720324866711552
1236055204744835073
1242857924348829696
1242527854719422466
1242641856363626497
1243197113875476493
1242200698944552960
1243917177586978817
1240313262052225029
1240660550402445312
1242720279140478976
1244578493528064002
1242527021701443585
1242863056717336579
1238627845674610689
1241425847740923905
1236404893608484866
1242591878211608581
1242802310620811265
1238843578241241095
1240675649913630720
1235617279385022464
1243040752625541120
1244639715531210753
1244724405114220550
1236025005785387008
1245034371075182594
1240615937839071233
1244481550240137216
1242855996386615298
1239125869089742848
1240748234139631616
1249192932541894659
1245369076802711552
1247334527065903104
1249085248912216069
1249317745277259777
1250802903574429696
1253868071078502400
1250549887403507712
1246205702705762306
1249362762951688192
1251960630925570051
1252366706401357826
1249136118559367174
1250536040990945281
1250107046181175299
1245518563227680768
1249043632130269186
1249527954847289349
1252778190084247554
1248597851501924353
1250875159336140801
1249862128074477570
1247878108767641602
1249662396106407942
1245492388509798400
1247636516844658688
1249374023605198851
1249565823376576513
1253282987145334788
1248996880245239808
1253425389243789317
1255913811816722433
1248710629545914369
1250606561157885958
1247388182259412994
1248346193320644608
1249338124431392773
1245429474528722946
1246439811424096259
1249820910590312448
1250411184945127425
1252018517710303232
1247490561025568775
1247698644637278208
1251984721304784897
1251127260087816192
1251619412941197312
1247339838912765952
1249561846777958401
1252404989294546947
1245703781620150272
1249728049530179585
1248966307917246464
1245977040278470656
1249147802879434753
1260581076180877312
1262723896752648192
1262749665495146496
1256998203397943298
1262809721880350731
1262729230326157314
1260606730964217867
1263198162879229953
1262540244198387712
1268429667473612801
1267517871896186880
1275028730000400384
1270172086544281601
1267720075102097408
1276968478541516800
1271792994346242048
1267781518899900424
1269349589779230720
1271281318538534916
1271189173173661696
1267622800795340801
1271076716350369792
1276869040393170944
1276899336991969282
1272320850788855808
1267979281449144320
1275403003240026114
1267480109122019328
1271367345403912193
1284511135920803845
1287020230376591361
1286667864389320705
1283475776684412931
1289314193661820928
1284513591991742464
1284804198425665536
1283165627201359872
1284495711137128448
1288848587900715008
1289244153868455936
1284733493336047616
1285580795915259910
1288222575428898816
1284559751347675137
1281616179249938436
1284466867860578311
1281595279972675584
1285601968199733249
1287438784120774661
1288074860414087168
1289060803396669440
1283913756255358978
1285501214541717504
1280254274455339009
1278180799024594946
1286643804452335617
1284533830364397573
1284275452413181953
1286382260783022081
1280206126420758529
1283434938952486913
1284676911059304453
1278458026932961280
1286628320503832577
1286791415993966594
1284190716852404225
1281747861986660353
1285626844843094016
1284762998591168512
1299725447215841281
1289589550680080385
1298401017156055041
1290987165221085185
1297795188492992512
1290266749179314178
1298555239155396608
1298085414197231616
1298748250757967872
1290791561467396098
1298016334782115840
1298851009289236482
1298878282218254337
1290000826845470720
1296873470073212928
1300429889053634561
1296468786846093313
1298032978619228160
1297621646447173633
1296818586992775168
1296761715141509120
1293104405580066819
1299043623900794880
1298931971536482306
1297600743902412802
1292729199896166400
1294815462191034368
1291085770917400578
1290413384505098243
1296956246763933699
1298119824212733952
1298254184597266432
1289486116001730561
1293917517514145795
1297615280013602816
1300396340837363713
1297279154556149760
1297637231511982082
1290894460335857664
1297945369192660992
1294247978040000514
1290068941608378368
1289483882430001153
1289485558624919552
1297248925464662016
1295372647405105152
1295859269053624325
1289327501194326016
1294333810587312129
1289475753042575360
1301525989781131267
1310320719117549568
1306416805464899584
1310071313168556032
1310009257690005505
1308924307196837889
1301176820860100608
1305943537524133888
1310916303050416129
1308082126730924033
1309209383671410688
1308252784165257216
1308938909796257793
1308547877237485573
1301161001648353280
1301186371781001218
1305996062650445824
1308912115613392896
1300756615428177920
1305589341511544832
1305845067802959874
1310580849797079041
1306613040188551168
1308708938833997824
1321937719367503876
1317407231491690496
1312088464549195779
1319402052213075970
1317744427411083266
1312427570915356672
1318671408151580673
1320678858983616517
1321081153839837185
1313923297277480960
1315177962153672709
1321131551434813441
1313079063226077185
1320370667036893190
1314612477712269313
1316307004189741056
1320413900588761088
1314732300475805696
1319000764916916230
1318271951719321600
1313206332749606912
1315055759366000641
1312059872809226247
1329961477084573696
1332412776711548928
1328680116742877184
1326847741293703168
1329846012819746817
1324829922758553600
1327610888891863040
1328398679502245890
1328016915441205248
1325101630891589632
1324336915617845248
1340727878460321794
1334279932395057155
1339698134205739008
1338119533647761411
1334940823499096064
1341138388649295872
1339906780143497217
1341867428494512128
1341298583912534016
1337768068290736128
1338029884862435328
1340696170612572166
1336783931727884294
1340910843479748609
1344675817964490764
1337468936330256384
1344068694603927554
1340013144593326081
1334944324891467776
1334619671228784647
1339223026177634307
1341131738983129090
1344292579282599938
1340033694392840192
1334485859765202945
1340718965228589057
1336386563408756736
1341940838708826112
1260581076180877312
1262723896752648192
1262749665495146496
1256998203397943298
1262809721880350731
1262729230326157314
1260606730964217867
1263198162879229953
1262540244198387712
1263355901794123776
1257406247776772098
1262834995951001600
1262851268143439874
1257707879542341632
1262930428941471745
1262719810334531590
1262476275429650447
1262545256500867073
1267155884842479616
1262723327166156804
1262749796055445506
1262175268136943616
1262773280026628104
1263362349647437824
1263925293816991745
1263315877409284096
1261689113142456321
1262844224296357891
1264964996209029124
1259145458808754176
1262724313670660097
1256738713549393926
1257695558539640833
1257997790468288512
1261920409643028482
1262721346037067781
1260320092040187904
1260662095785480203
1262473024931901440
1262786710741663748
1261264577217433601
1261383551297044481
1262794009744982017
1261691765544771585
1262871906723622913
1262601366817644546
1262926639949926401
1257067142719119362
1257067521485701120
1260331416660987905
1262575315307696129
1263134710965972992
1262587018271318016
1262893438652960768
1263197191147003906
1259205565118586882
