1187848492431138817
1194997797885530112
1197907785050198018
1210951415839023105
1211688392716623874
1226555808311320576
1243256083701006343
1235505333176582145
1238453899641700352
1244260497807101962
1242556809639944193
1246266010325389313
1248400699836137475
1251133152493359104
1255500075247206401
1246914645350215680
1255659127461863426
1247281028072460290
1251837511002972161
1251837511002972161
1250264594578395137
1253307897376735233
1252641942279729153
1254534953309741056
1246773907513802752
1250900463098171393
1255578200148672518
1268024996812578816
1273203616468414471
1273203616468414471
1276455887599632386
1276455887599632386
1276692899338620929
1290755197006905346
1292879720300896259
1291340793819660289
1310309553230274562
1302407416185786369
1304121647973240834
1308117599205679106
1305320768843075584
1315759619835338752
1316569091147268097
1316569091147268097
1313632128660250624
1316009617135198208
1321527358264922113
1314644842484510724
1316552119487549440
1324833275119063047
1328137683475042304
1329996709049544704
1326597130975404032
1325801156908560386
1344007317352816640
1337436076219265025
1343173843981111298
1344011254067826689
1343380453852590080
1335943126792482817
1343193341534547968
1343771807317434369
1341869415525179394
1344014949870403586
1337108762323259394
1337108762323259394
1263831695259820032
1263831695259820032
1262114747815735297
1260987965003706368
1263832307070353408
1257296533390790657
1260715888417931265
1262104384382685184
1259128506568642560
1260374221420716040
