1186378272508010496
1182684550285144064
1183426203916668930
1186711019172880389
1189660579490910211
1195453641035042816
1195892638932774912
1195498622953148416
1203574205096308736
1205250342398484480
1221567378007502849
1215676266453422080
1226903394478182400
1240341084380647424
1238514041628151808
1238557091989803014
1242205269972496385
1237496778032906241
1241010030012436481
1238139465111044097
1239980563265728513
1242257478278144002
1240681460245262336
1236646906002132993
1239624359888572416
1242822350996979712
1242466198190612483
1249815456694833154
1247496469164285952
1246128511896694785
1246128511896694785
1251137811274780677
1254818207237431298
1246229723614720001
1245463500048261122
1247975548409839618
1248325504349999105
1245546665005723649
1254774007666073601
1250865432237494272
1247487645988593664
1247946520927797249
1254037400059285506
1256239572985487361
1277949600897343490
1277711196632776705
1272964173123608578
1277767811364982784
1284275566053437440
1283397540407205888
1288494357977468929
1285711634401505282
1288238249576734721
1278697382365016064
1286643755530035201
1285303461492318208
1296623937284186112
1296126665844645888
1296404744001462273
1298188950306279424
1296171969654620160
1303760501361577984
1303899912304652288
1305990020596203524
1311239221320052736
1306321345349693441
1301977216293588992
1303774058631196673
1317449001600471040
1315364325746335744
1322195439584567297
1321108276008734721
1321165096245170180
1321176727414947840
1323683370472075265
1331165764028608520
1331799657564020737
1330982678460502016
1331540512499699714
1332310469269401600
1331718270219534337
1331639577749032960
1335390640310525953
1334909943695224833
1334961447806398466
1334207778823557121
1334850219926806529
1335426854807871488
1341785083225788417
1340476191942316032
1334487266648059906
1334455172072939520
1334351967066451968
1335331492176781319
1336389089487069184
1337896071868125184
1334652747950460932
1334327976108888067
1336860664137211910
1334145162604253184
1334675427433074689
1334995050300923911
1256239572985487361
1263473007261089793
1263479938348351494
1263171604072116226
1263533903538610178
1262900375213887489
1255998622874898433
1265341904746618880
1263519751663423488
1264317210853433344
