1182661641709785090
1182789909830086657
1183185585009119233
1197179150538293249
1192498793188659200
1200836894235537408
1197230649196851206
1195075977564631042
1197521405748879371
1203856792096329729
1209111415333646336
1201153983106039808
1216029142887518208
1232817136042758144
1225464171820511232
1239987383648620545
1245048050034380800
1242088981094940675
1241349091310874634
1242884709790748672
1243472689148375040
1240156079729803265
1241139064935415808
1241139064935415808
1243261222734237698
1239997218830106624
1244949631924142081
1240281133197164544
1249459531601584131
1248278051252768768
1249006402737233921
1254123097457922048
1245720251079307264
1251178784734183425
1255595244118310917
1250872344660377601
1251517118035656704
1246212391039369216
1248664587941154816
1255766912665104384
1250075000389939201
1251132790973894656
1251822641310302210
1247562279433809921
1273121495607377920
1277971969091067904
1269489404499779589
1276682560341291010
1277331528243195904
1269465205861347328
1274028682508734465
1276213687523704836
1268890483893436417
1273167500658839555
1271487427258040323
1273707141040308225
1271876907190177793
1271245877693370369
1283056573556969473
1286351181850259459
1281591624083091457
1283488016149942275
1285597661190660098
1289184196737396737
1279084976609406981
1280622713116282882
1278418254990577664
1280162134505242628
1298417392331231237
1297934489226805249
1296114867259215874
1300052910844391424
1300448991272996866
1299014001377107968
1295445474552565760
1292977786743918592
1309186228391235584
1305627385958731778
1303415330178568202
1307004136899174401
1308183011415019527
1308150684387364865
1309683785017901057
1302683992039264265
1300591701975851008
1312799748915630082
1312172327593943040
1315653656281309187
1313109234603749376
1322632171518074880
1321564951971057669
1316035714954539008
1328774851365134341
1329786575241109504
1333355392038961153
1323370993948205056
1326245797877469191
1328775215644618761
1256714922798481408
1262768982756638722
1256659769198284800
1261359484145766400
1257454602577948672
1261324084727762947
1265038434856513536
1261157481339695105
1257718279155613700
1262790493961949192
1256599466997682177
1258047649384726528
1258827138154651649
1263150037380538369
1263362885293674496
1262155983314399233
1265734794748538880
1264292517253545986
1263529747310620674
1262442977982590980
1266474675477065728
1266436825423503360
1263129918889697280
