1188844645079506944
1180507571288969219
1185494853406216192
1184898543338868737
1187747334458884098
1190745909656772608
1197653335869968385
1200470691365228546
1197691501544792064
1190418242654879744
1202789272606199808
1205909983407329283
1202007100676694016
1215075967108091904
1222983682065141760
1222665079771910144
1221510940719448064
1221994643119726593
1221961336554426369
1215078011508346880
1212885140638179328
1214950011626086400
1222931581410652160
1217180545249173507
1218953789706854401
1227397154735452162
1238123651762970624
1240638333149216768
1244282314705772546
1244651961313644545
1240792468091699200
1241029700425826305
1243625044405780480
1240795086302126080
1242279587121205248
1237166527675346946
1241772910546538496
1235345774952796163
1235636341448245248
1245011809356132352
1238892036050366468
1244905552573952000
1237146984005468160
1244758789883957248
1238532041047597056
1240802765514866689
1234870798478925825
1244969323933904897
1238540911874920453
1241231919947415557
1244593892684632064
1240421568846716933
1242798905944936448
1242833781746216960
1244337812842962944
1239250797512327168
1237138249602215944
1237750990125883395
1244639196175835140
1244725830749650947
1242072551897083905
1244059194715566081
1244664417893171200
1243265593144475650
1234665261266948096
1244074294704885760
1238528054177058816
1244011412533456896
1237155470411886592
1243277220195504131
1245069049601671174
1240012813751517185
1238606207289626624
1240702504331104256
1237828234479190016
1239702991810297856
1242480039570157568
1242876298768330753
1243901048152043523
1244327935676473346
1237530590712197120
1240027677869797377
1244287261815996419
1240434424707153922
1235720650171527170
1241711757875388416
1243296871877091328
1244337495493443587
1235718681121808384
1242521120840060935
1242602345516503042
1244291372418564103
1240066133916434432
1242918994035781645
1244803861740695552
1242471400180506626
1243689760964653058
1243990924251680768
1240690806379270146
1245040555412860930
1245447485419593729
1247623734376034304
1249839738669993984
1250949515135180800
1245370598689320961
1247865569606619137
1250448556193964033
1245209214957453312
1247240962503512066
1248516741027606531
1250658531583447040
1251658526042271745
1253013416282857477
1251013132392239105
1246501083800838144
1254923533005647872
1250792175291396097
1251162594355712000
1250818400051396609
1254813841151713281
1245496832202952704
1246448967942111239
1248400551663919106
1250592426735005696
1248325744163524612
1250749032911208448
1245365954890039297
1248042093802663939
1251292956281253888
1252651478340296707
1253081316591112192
1245426908944158721
1247582575318781952
1250201838822932480
1254462415678459904
1255621739448541184
1245379961680203780
1250600253788581892
1250824663598395392
1252386817875365888
1252749205698785281
1249833901889073157
1255232266915254273
1245501699990728710
1250154358089617408
1253126693147029505
1250831515614957577
1255648308711886852
1245418854265827331
1246066594125623296
1246155653929975808
1247309511439810562
1248686723627995136
1253438415678443520
1250497815215652865
1252442244281294848
1253090451810213889
1245160745148481541
1249838757496401922
1250178387987005440
1250573991032602624
1253046549942202368
1253082015622103048
1248340738070503425
1250588519791132672
1250984407873306625
1250782238247026688
1252263074993602561
1246522425581408256
1247622240260313092
1253807353511772163
1245418468456845312
1254515978454663171
1246444916714147840
1246746921445851138
1250617406277341184
1246756454180302848
1253840302273695745
1254989364402282496
1246477071922204672
1246794281018429441
1247980019827257344
1248040239471292418
1255146323445088257
1255250648360255488
1246107820640043011
1246158903055757312
1252587244382089217
1246473575491489794
1247621271480918020
1248253014424592386
1250587018129801223
1250603998404464640
1252595342383742979
1245412427287728128
1246080667831730179
1248077604206202881
1247969638618550272
1250161433482051584
1251200733300641799
1255976987790848000
1248075389630590978
1250243660236677120
1252380083488092165
1253473730757443585
1245152116466946049
1254072346740228098
1245370810115616769
1250607338379042816
1250938140518502401
1255563714549481478
1255563714549481478
1255234613410254848
1245898802365521921
1248318961567088640
1253105858621378561
1250996872539525121
1245842465237671941
1250841260740526086
1246144277224329219
1250743375617294341
1252228599740071936
1247258970689024001
1247651178432696320
1255122787586449409
1247641364868800516
1250558977617862656
1248385009217441792
1252676441776553985
1252943982583255040
1255261795725578242
1255514292574662657
1255648503273066500
1245827046980202496
1247909902598758400
1247943101265707008
1254472648547065856
1248252737365536768
1248418974431236096
1250184288030638081
1250588133495730176
1250755200937230337
1265275657224884224
1267111739851567105
1266457393329844225
1265792257724239877
1265837109446926338
1269648492642930689
1272973487636971521
1271502490047885312
1276304165116030976
1276275724354301952
1268269077707005953
1275103260928589825
1268892594127482881
1272539259698700289
1277693850493030400
1273712322314469377
1276311715936907265
1268346732972085248
1275184997440327681
1269847715518853120
1272933100671156224
1273278573189660672
1276547260512382977
1268919406983348227
1271546794477060097
1273786359904456709
1273020295423627266
1272610620995756032
1275107540506902540
1271921944053592064
1276655350276657158
1280231943305494528
1283537807605202945
1281923336616935424
1282646602512060418
1280518648461955073
1282367522558246912
1286768229822738439
1281675611094896640
1281002232624939009
1286318648777416704
1286420830801592321
1280227125132484611
1283917558618427393
1288180720477835264
1278092768217165827
1283873516396347395
1288927432863490048
1284120609149067264
1280227648757694465
1278794872644874240
1278841601301905408
1284261006143901696
1285741606876971008
1283856453476872197
1284465339326136320
1283545480442462209
1284949156251889664
1288837728973590529
1279784972824567809
1283251652326088704
1278651224095629312
1288195018956705797
1287972652976672769
1280542993569714177
1287499071851130880
1289211047069376512
1288861935555887105
1278383758312439808
1281650414182559744
1282363226563452928
1285726501795540992
1289282362803728385
1280860456228466688
1282101747734007814
1278120850852646914
1283502817198710786
1280618742687334401
1281710819131064321
1286439700748787722
1279577087318335489
1280525927450116097
1283093672079298560
1285677175325241354
1292160371499790337
1299738581691400192
1289655159719518209
1291408174503694337
1291436570977931265
1297504501428031488
1292910348010315782
1297959162815619072
1291408975611564033
1290799682222989314
1290437543746400256
1291748702072131584
1291841632090894337
1291506512653766656
1293952549888950274
1294073343470006272
1295542558676979713
1296136362308128770
1297880459536470022
1298662093240107009
1289326614074064897
1296503465334767616
1295871153052037132
1293243181786705921
1291711555189510144
1292243200548179968
1300196416388820992
1296641986024427520
1300541936391139328
1292134805577113603
1291073020233240576
1291100543386034177
1293309885480873984
1291423530903633922
1296827559708155904
1290799121788329987
1292118686598418432
1292246410331664385
1295848699189329920
1299121356135641090
1300541900613709833
1291162068180037634
1298014262112051201
1290738780345741312
1296810370930286592
1291445332585230336
1290765490869198849
1290775345046544386
1297580692612591617
1292103184484315136
1292162159363973121
1295865561390489606
1293239407483461634
1295713502959677442
1300109901541380100
1290788631251169282
1291163700821397506
1292930258056802304
1292911331679641602
1296179629754142723
1293352753025048579
1293539132602331137
1294375314034835457
1296275106453426176
1293311113954820096
1290643135018741762
1300522432982388739
1292171541594214400
1292465155884883968
1290830112451997698
1291066757579497475
1291047819248201730
1292252097937694721
1291455734966697989
1307059613632733185
1310322258381021188
1305971436138487808
1308787811441684481
1305642256838397952
1305654673286860802
1303778606360023043
1309854643590234113
1311071719239618560
1305242586664370187
1309656062417539072
1301870849033723904
1307931785586589696
1306303985826050048
1309292936689901570
1300912511148003334
1302006207616557057
1303892893665558529
1308783683973808128
1301685302457700358
1308813357336666113
1307068138836688896
1307482483882160128
1301428383537082368
1304560519152431104
1308541588792946688
1308060614259019778
1301701326171181059
1309426459019100161
1308556686148415488
1308181265007276032
1311319718633115648
1307083635569446922
1300892941490237441
1308246350530633728
1308904477106135041
1302438533269987329
1300757958159073282
1306307294406127616
1301169117223890944
1306383202919936000
1305612473555320833
1302222081166372864
1304484872375930880
1302137572353667072
1310430442542297088
1309612213456588802
1302785937122918401
1308173996844867584
1304078181553631238
1303918845426454528
1306975966951022595
1311004313351720962
1301684424933806080
1307911267290673154
1310989375463993348
1309569934079524870
1311068059151499264
1300946791735726080
1306019974012530688
1306284129256841217
1309130031768260611
1303483257992785920
1301772077381365760
1309239128731643908
1307011346857431040
1310248080583749632
1303132094726639616
1303816460779679746
1301971595028766721
1300760861062107138
1303282525951930370
1310715568354455552
1303387659943829514
1306019909630152711
1301996704510730240
1302407663909842944
1308913513306390530
1300844074430234624
1304191998740623360
1309926460891762692
1305642483720826882
1305653487737270272
1309471604657840129
1309603748570947585
1308919073867264002
1303658801145487360
1303423194531938304
1308071232240140288
1305646290861264905
1308633626888646656
1311410440165974017
1301699281066229760
1304142808190681088
1306609983430307840
1306744747181047808
1306932503748505601
1303404182242721794
1304599654835740672
1302001377527451649
1306001796444364801
1300882789886128133
1300915436939284480
1304141089851322368
1301692179060985856
1301730179891462144
1305696771537022977
1307148348844105728
1309185679289708544
1316201695521636352
1316398043999203328
1318748620372516864
1320035649022533633
1321142116106432512
1318870049357254657
1316775384973799431
1315309445082165249
1312542954389528577
1313257080850018305
1321820488860012545
1319026390432239616
1313227940172386306
1320520004320825344
1320827448930553857
1320064833849610241
1322010822688714752
1314400471285665792
1316441131333365764
1312507712014434304
1318990792543719424
1314343845128212496
1320835973412982790
1312059334243700737
1320558833090134021
1314015153604657152
1321148704804507652
1322041533453885442
1312152829637783552
1317196538129440768
1313855670169464834
1318331477122232320
1318894347451060226
1311624640851251201
1316852395880701956
1319850543842381824
1315407242313646080
1321441247735672832
1320793797173800960
1321875388390232065
1318976934718578689
1319743607398715398
1320115348402819079
1317594737616904192
1322564646860107776
1313165806033797120
1318925463365050371
1321212381171601408
1313843548559749121
1321582571344420864
1318600578675712008
1318721554449039360
1314988100985200641
1318203495619600387
1318551754443837443
1312784040458625033
1317596602580660225
1318650368885215233
1317119390974943233
1316984188877287424
1321223691510992897
1321823143808282624
1311714588350705664
1312419035074695180
1320046061403041792
1316939244045291521
1318199101457039360
1318703547483971590
1315554346927620096
1315696191179386882
1321194674116243458
1314273296142209026
1312850609209368576
1318966659131068417
1319676105733869572
1316302589948952577
1316505979840847872
1318532914754297856
1316225766103883779
1317087641926467584
1319591122142818304
1320150084340756480
1315761093302775808
1321859247634817024
1318608519797460993
1312879607809335297
1320217479507890177
1320742496863985665
1319643461146955777
1312867026046603265
1321136776539369473
1317285788233519106
1312128931403755521
1316940379879624705
1318295638036172801
1316046088982454275
1318001828047523844
1318315288711102472
1312575485889703938
1319742631656759302
1313630557608259586
1321841377760571392
1311762576875888659
1317530052276400128
1321903811615752192
1314751462170386432
1319397630909288448
1315843351162175489
1321204080715485187
1312978975325552640
1311463463760269312
1312158589054672897
1317211649477120007
1312860042694201344
1313615388408778752
1315388044736901123
1315432240008974336
1321602652128436224
1313217903907528711
1313185560845070336
1313276847757565954
1318959808972664832
1317180738903691265
1321793497700081666
1317135414470217729
1317508554300022786
1316440427835396107
1317606403507322882
1318607963423186946
1322189793598595074
1311689831119040514
1320793197489070082
1313272733556334593
1313915202052616192
1312816021762379776
1321844950984617990
1321629559763120128
1319066479657177089
1317222458555064322
1319018640193196034
1321136876795748353
1321122013877096455
1318596265773551617
1320096748644257794
1320374557358780417
1316469516541419521
1314777814177120256
1312069710834536448
1320110591080615936
1317152644662788096
1316196704866107393
1312084648395190273
1315878653943713792
1316138432599592960
1324414272806490114
1329330749409959936
1323567813802426368
1324217366260129792
1325920521125556227
1327046483380752384
1327279812793278466
1333512529671294977
1324706377269477379
1327740103679217664
1331372970330058753
1331079987487670272
1327003653769625601
1332624484243697664
1329914405610426368
1324384324091871232
1328093509497344002
1330935784917131264
1325830328917905409
1327652965155389440
1332392844200456193
1331996760911310853
1322942371378663425
1326706280736518144
1330690511955505154
1330934099155038212
1323032435290906624
1331015018402426881
1327054259595055104
1324030498428067842
1326626892120776706
1328494864565116928
1332025765622407175
1333541343046623233
1324441327954612224
1328850411038461952
1331291905624322048
1331002414493700101
1333432301905190914
1327227376758001665
1333111623528099843
1323292884695736321
1331378761682522112
1328401279555694595
1324371222608683009
1323567216856604672
1324058920298708993
1331734202501492743
1332342509536768000
1324379944282136576
1327343552314044416
1331305343960420355
1332773010160431106
1323633530598019074
1324169809316118530
1332155123360002048
1328417308583182337
1333497526289371141
1324444607497854977
1325575089497124865
1329192083173806081
1329219321730650114
1324154466078281728
1325842775808512000
1324454197018849280
1327042219577020419
1331727494559510529
1323391471626657793
1323839975864094727
1324353169946599428
1323008135334776832
1331264285364940808
1330256439055626243
1323713024327405570
1324876266030436359
1331672099266686979
1323732577262317568
1331282294343147527
1323417020331905024
1333539769419227145
1325831641458208769
1328888745945403392
1326764939751673858
1327054209426939905
1323153226795900929
1324917173475663874
1331100605780201472
1323580923728703488
1323604098214744067
1329176330144010246
1331113496788885504
1333485762864672772
1323586345751748608
1329823707007684608
1324147779904528386
1330539229596807172
1331406832288587777
1329594054804312069
1327395508629905409
1325550042472656900
1333536389980274688
1327689822354485248
1331754041513226241
1332018268299735040
1323278315206053889
1331646051091156999
1332450843895812096
1331363388543299586
1328009971531964417
1331752345936531456
1331271744590540801
1332385736033767428
1324126247853658113
1324337701739323392
1332867122024886274
1332211091020029953
1331744888824721412
1329534217491869696
1329590291448426501
1332360683086819329
1326612135661629440
1331286751269298179
1324398112232886272
1331694859674128384
1331430405107552261
1328771717964107779
1332380904673644546
1332446121671667715
1333508873462968320
1324464540956983301
1325945113835565056
1327112648656363522
1326561149178032131
1328402201299935233
1331722019432493057
1323645738492981248
1332423480609021965
1324445784360820736
1332534417567277057
1333524072634970112
1326914483755896838
1335026099806298114
1344078514694209536
1337029250197688322
1337210832694833153
1337119588539129857
1335331280318304256
1334234313177567234
1336843261999083523
1337787978626650114
1338735559053697026
1339675453968310275
1339687348234285063
1341486973077340167
1336770502409342976
1336757222685208577
1336925789112025089
1341859243301904385
1338975944623738880
1334251022588518401
1337208914249658370
1343974826831040512
1333872108355670023
1337437339145080832
1339286332665950209
1341072405758963714
1340049838411558912
1344498748106293251
1333871520612016128
1334437222158913541
1340217034295152640
1341550368069697536
1338978272105861122
1341423352154611714
1340317127451037698
1343384927375556608
1340080710963617798
1341173945278603271
1342627555258421248
1335708990291005440
1337258900291268608
1337519120800043009
1341095325763739648
1344031615358537734
1335328530478067714
1334860011093319682
1340830912108486657
1341137868329164801
1342626787575037952
1335970248659410944
1336770352416915456
1333914737655083009
1339424856815718400
1336844518029729792
1334891840722485248
1340466531831046145
1344138507883712512
1344115346261897221
1338670342429155331
1340054161140924416
1341038142300819456
1334247924973391873
1335973648545566722
1336341503132786694
1334705254013734913
1338422534190944256
1340031709031493634
1334110276862451716
1336763173261570049
1333599975150923777
1344751056102813708
1337563256177692680
1341481438403694592
1334588411064279043
1339012366395125765
1333885352168263689
1338925236863954944
1343309089279934465
1344007354287853569
1340763907690909697
1341203644767678464
1337509831385767936
1344301220702240769
1338931236845318147
1334244720508248064
1334357721831837696
1334584553801920514
1334932597462331394
1341880694973333504
1341069002282573824
1340387245916737536
1337186010443223041
1337115206061846532
1338980818761506818
1337528085034364928
1338992725010608128
1340115834933452800
1334609616483864576
1343980125084381190
1336754739871150081
1337201235418603521
1333604944948187137
1335361450743902210
1336771097925214209
1338603939084853248
1334189559391940610
1339022035721269248
1334225802397945856
1339024023049691136
1340859451012755456
1344007863027560449
1344767585703772160
1334183800629317632
1341479774200410116
1336347960813232130
1336786615281348614
1340351637425188866
1340746082821632000
1336968245576921088
1343992804129665025
1339066486036447232
1343224752937250817
1336777888427864069
1336838035347005445
1338625817685893120
1334551976592478208
1338131992790044676
1333889699774033920
1336063997745958920
1340763644297097217
1334981878571397120
1342571302763294721
1336819238523301888
1339247000366141440
1337457031310176258
1339218686968619010
1341790095440015360
1333958976124358656
1336820258271846400
1336058741238583297
1338582758793367554
1337222657113116672
1338611965674086400
1265275657224884224
1267111739851567105
1266457393329844225
1265792257724239877
1265837109446926338
1261115946015604737
1261032930127818756
1266874166986375173
1265004147792842753
1263128675374907393
1260290220198633472
1259152209545244672
1256038839501676550
1263855138902552578
1262371274631917571
1264378439571816448
1257041012196663296
1263168938113929216
1256296317430779907
1261734898034806784
1263453675374080000
1261034182538604553
1262872785837318145
1263982977740165120
1263905292187811840
1256247990974627840
1261656847963979777
1256010696661151744
1261096302210736128
1258519256146165764
1261637164082892800
1264340987033333760
1256594209768865792
1258490831494959112
1259996411095064576
1266436962992472064
1262043321720963072
1260299128459923463
1257832150679855107
1263586216907206659
1256202879670648832
1262789496736792580
1256932892455952384
1263106204223619079
1260717869110886401
1258898768906334208
1260359351203540995
1260965106596352002
1262102598233911296
1263984942771470336
1260701189869637632
1261490095812538369
1258555681369657344
1260289408181440517
1263252740085555203
1266017141695877121
1262765581964582914
1260986805282918405
1256753042961174529
1260301987087859713
1260636537399791623
1260427723970920448
1262803130263142401
1256325157691559937
1260990179495612419
1260629973838237699
1261081063075352576
1262088726739513344
1258412204623364096
1259991580456427528
1261724233631236097
1265432531031265282
1262865726060126208
1258108677157842945
1261029016246595584
1256319854832947200
1261847470692282378
1265009072509771776
1266512451165736964
1263233415261773825
1265699858121449473
1258791026824708097
1257680247744577537
1263553409246023680
1260634487135838209
1262843940845375489
1257459997522321408
1265787922810384396
1258516084019195904
1261054749736087552
