1179964359642112001
1179954299260080133
1185642675455844352
1185337154790146049
1182345307952226309
1184945978807205888
1180291513122775041
1187933361030848512
1184459244260610048
1183029127667830784
1188611340228800512
1179057763336544256
1183084925735571456
1185194866390646785
1186797656737271808
1181363746310180864
1181321191778205696
1187171901933789184
1185194832974639104
1188617631814815746
1181898661523005441
1188626436233539585
1179188209172938753
1184666755127545856
1179485124561387520
1183001417361100805
1180719335276470272
1183487664714145793
1179195552489189376
1181987056299499523
1180588473687785473
1192485572624781312
1195375288160407555
1196592238404390912
1194707602396942337
1196555142994288640
1194266924252876802
1190825940609306624
1191163157764616199
1198261593470947328
1197141565396795395
1196283297560760320
1194085128605184002
1194807164835155968
1195834312542736384
1194827304389816321
1193908871548395520
1198088787596894208
1194702892017446912
1196619105509486594
1197930567343280128
1198242900867457030
1198426008136888321
1194283928783409154
1191147582011015168
1196971453742288896
1192949925010694145
1191563211235102720
1191529669276901376
1195202479954288640
1196080194844413953
1197686138233933825
1195444832367513600
1198370649875591168
1199482979204161537
1195508697679777797
1209240504044535808
1203766435010494464
1205271200269840385
1207652227352952832
1204939642103050245
1208010449611919361
1205124243366842369
1204903426024304640
1211319277598453760
1209262602519490561
1207490739057446912
1202233596804771840
1204983479441772546
1205273171630399489
1210420039792418823
1205329096231636993
1205871198703276044
1204770984080764928
1210198881780109312
1205026423548731392
1205665863334010880
1206655727219036161
1203126984991227904
1205188244956041216
1205541408410677248
1204443756620967936
1205265129308221445
1207775032296050690
1202664324868628480
1201549275378966528
1207434047774810112
1209594621136982018
1203324971994341376
1205075608302161920
1205154812536541184
1210379776055291911
1205185056894943232
1208920156786835457
1204960066819903488
1205582610258374661
1210270468688601088
1211661541629726720
1204920203265609729
1205126777795821568
1201593085072941058
1205121455236759554
1209185167836930048
1204620957349859330
1206398806495027200
1211768667643490304
1201248854231986177
1205552071853957126
1205337797332291584
1205337797332291584
1206966063918923776
1205130076477476864
1222332676658671617
1214023785931771904
1222368899603292160
1220761602166870016
1220372151582232577
1213501565773996033
1223236210295836674
1219628309576704000
1220476854261256192
1222198191509999616
1219492941057667073
1221271542631407620
1216479941623070720
1218983182747353088
1219801386977648640
1212809355197927424
1221537876141379584
1218941100402016256
1221529893512646656
1222986206025142272
1227346894646472704
1230144299356053506
1227019670978486273
1225616695772971013
1225983320284069889
1226141474682789892
1226330860045119491
1233383878368337920
1232068752960839689
1228005786384764929
1232027700417744896
1225813283560546305
1232229820827873281
1225997686924546048
1232396077564739584
1224571743525920768
1225998735592673281
1232323721886564355
1232412299459096577
1232756100505755649
1225620197781970944
1225481731374903296
1227610394761420800
1227479830435966983
1227383340988153856
1229396916578004992
1232011320725245952
1223743124763099136
1227027042568372224
1232654725629325314
1232021115532402689
1232372725114687488
1225951694997139457
1228760891518222336
1226153720209080320
1232761278713802752
1232103224527683590
1226923950770245635
1232011811311910912
1232018381760385025
1233747637741875200
1229381558471135234
1237028326172233728
1237487798078201856
1237926081480491008
1238304862598823937
1241202882457804801
1243553296163287051
1244414036969742337
1244450086639284230
1244450086639284230
1239992847228493824
1241488918639513601
1238409599021023232
1239906238294421509
1242082725978198017
1243954481240215552
1238752364259147777
1240070907919585281
1242180229210058753
1242315271320350720
1242604101348642817
1243305528379322368
1238191887460245505
1240381014863560704
1240443215939067904
1240443215939067904
1240575449778003968
1241017423635140610
1242285088857034752
1244097061403926528
1244755031263510529
1238343265788854272
1238343265788854272
1238572743261478912
1239906224662933504
1241386127639973888
1241725863323774979
1242910454483054592
1244107019738644481
1244754250636247040
1234144953745526785
1238572757694078976
1240419806848765952
1241162609971380227
1241274212603568128
1245002193956110336
1237732701978783744
1238163294952648704
1238467715053965312
1240762194440175616
1240762194440175616
1242564356048486400
1244790213823459332
1244877400577429506
1238238662703210496
1238705062651838464
1238705062651838464
1238910768264941570
1243997881746382849
1244983357085229058
1235624209738498049
1241419134182625280
1243599954767036417
1238603764644233216
1239960464169156609
1243148994622173184
1244678969003323392
1244711082247073794
1240536413067784193
1240988662352887810
1242564442723774464
1245064281516802049
1237331516344188928
1238606749067890689
1239215975175557122
1241500082823888896
1242843698779418624
1243560998721785860
1244613314140712960
1238852390071291904
1240845336454795268
1244609124517572608
1238944968925945856
1239556907611766784
1240582852745424897
1240582852745424897
1242549878066200577
1242896608271855616
1245103106297298944
1236671917605650432
1238602189112627201
1241386182878973954
1245063406169788417
1240405204903890945
1241062198459240449
1241932686912040960
1243766008545972224
1238611758715002881
1238611758715002881
1238626887976484865
1237189946114543616
1240662190576799744
1240662190576799744
1241172676581957632
1241744429959933953
1242305392593514498
1243497861972742145
1243560633729081347
1238621272172527629
1240085597026426881
1240735967511810055
1242504863185059841
1242860213243437057
1243274399437873152
1243412749629009920
1238892664751357954
1239234727929876480
1238651150829645826
1240060950201303040
1243774829930610691
1244678862698496017
1244778390927728640
1245079330046107648
1238807592350015488
1240637830428332032
1241355476492681216
1242440609542967297
1243532190572396544
1244056680993886213
1238316722576183298
1243382238768586752
1238806030685024263
1238806030685024263
1241187784964046849
1242643029795540992
1244289039399706625
1238277701015932929
1238423746651639808
1238972382586581004
1238972382586581004
1241840119239323650
1238817862573158400
1238970555136540672
1240429911493361664
1243369738803216384
1238530923727065089
1238530923727065089
1240435196433797121
1240773441587793921
1244369563648577536
1244993359212695554
1245063431335505921
1242774453316132864
1244655941359996931
1244811667982168065
1237057909474787336
1238225495109652480
1243279659359506433
1243616253496844288
1238176517328273409
1239033583005831168
1242211019948244995
1242454514654801920
1243749782813736961
1238453237851623429
1238839073231568896
1240519829582471169
1241817174454358016
1243183228040572929
1242412458469253120
1241172677701836803
1241836149880086528
1242473273046130690
1243153860224409602
1243939482031861761
1238298753850920960
1238602129436098560
1240061203545718785
1244410805249957888
1244410805249957888
1244791752910942211
1244805347853942785
1240402723104788481
1240734148739739648
1238650568572194816
1238796947428909056
1238796947428909056
1240444269145378816
1241093443721383936
1242114706216611842
1242908059363614721
1239576550263017473
1239694090758844416
1241590431298867202
1243539012394143745
1238161785909399556
1242203990483283968
1238213429149736962
1238563087785119747
1238837404762402816
1244789836105555968
1241144522517573632
1244449275624505346
1236008652613521412
1238169486773149696
1238511733054099463
1238511733054099463
1239270342306213888
1240308364904673282
1245093984105455616
1238523773109837824
1238639984011182083
1242489305013956610
1242793082208145409
1242807525918953477
1238347223106125824
1240048745875681282
1242325282410946560
1242493532926951429
1243169967689699328
1238601266391113729
1239687539843141632
1240385624374304768
1241126237386530816
1241832026673733650
1244285991134867456
1242555055301001216
1242861498109575169
1238283287791091712
1238841000342233094
1242213385397125120
1238534479511199745
1238534479511199745
1240432116040708096
1240793994247847936
1242195583546212352
1244989318474739713
1245730333288521730
1246485766223605767
1248342176523636736
1248579938514604034
1251347072432746496
1246817258610933765
1247680161543225346
1250281148506226690
1255935437123788801
1255935437123788801
1247370072412368897
1248030514755198976
1250055348284559360
1251816124280422400
1254932221141626880
1254944090891997185
1245505285923336195
1246139202409906176
1246139202409906176
1246145638833651712
1250145635174621184
1252130484659851266
1247319836067352576
1251145530207465473
1253021124310360067
1254264196621090816
1247355287268401153
1253771261836050432
1255308900737396736
1252161457707536386
1247277261939605504
1250589254125846533
1253266110478266369
1254069150688980992
1254069150688980992
1254112890048655360
1254206069540360195
1245486294064455680
1245826583857790977
1247026246464294912
1247336897170604038
1253008587179216897
1255615128604565506
1247152139748573186
1247614257342164995
1248747260025786368
1254243897955532800
1255965142958829568
1247544647439863808
1250509949622300673
1250874543662600192
1253478777801318401
1247136857143398404
1247700695152766976
1249079808014848001
1251662430968709124
1251662430968709124
1245464205106413568
1246093802755862528
1248446432232771584
1250542912359677953
1250609865552203776
1255207056883085312
1247311066620665860
1247678989923233793
1249843671232471040
1251239050972889090
1251569966396116994
1253086236522283008
1253086236522283008
1253391478384029696
1253435123959132161
1254835842419290113
1255915273619599360
1245687837787185152
1246226174050697216
1247611071906476032
1247684555240161280
1251551082481942528
1252774123815788547
1254041366205812737
1254042213052370945
1247519136818716675
1251581645846482945
1253521872525934594
1245235472525336576
1254876231905890304
1246428891549335552
1248105542473711616
1248105542473711616
1252603409762381826
1255182016976318464
1255957805263093760
1247197767253897216
1247521905088716806
1247521905088716806
1247524997838430208
1247923870440534016
1248225239449796609
1249689471726977025
1253736708513968129
1253736708513968129
1245430247614537728
1245713272713523202
1245905810573742084
1246065803885080577
1246573518885654528
1248586029365428226
1250755132079452160
1250955001620463617
1250955001620463617
1252006438139867136
1252367817405394949
1252796926023487491
1245683869296320512
1248435786535636992
1250522429274722305
1253107573798174723
1253947465964965890
1255683290855542785
1245708769759092738
1247393014118412288
1247393014118412288
1247677462986854401
1250202789730369537
1247358495835533313
1250821782115954692
1252411743759855618
1245902986808885248
1255683544703291392
1255864560294166528
1247491071073865728
1248756527822929920
1250047942657888257
1255108790904479744
1255225744772476930
1255918851335884802
1247245957609054209
1248281598237138944
1252367836942491649
1253437626947788801
1245464152627265536
1248823103091810304
1249352314600579074
1251136814389137409
1255113207108325376
1245430961166139392
1245858560958844928
1247192663461249024
1247862151852642304
1248253664298491904
1248435532767604741
1249915537704079361
1250398098636935170
1251319547690442752
1252748142954479616
1254064437108998147
1255651904866021376
1245811184701337600
1250760120864129024
1250782906424811521
1252334905582706688
1250218475936788481
1253486261370867714
1254485658267254786
1254805142492209153
1255706627962884098
1245729157482311680
1247929939153817602
1248011733152583680
1250851462789451776
1251213374353887238
1251213374353887238
1251313440930463746
1255540193756688384
1247576190870749189
1247938877983043584
1248417917475028992
1251816322901540864
1255483341480112130
1245138951326834688
1246396296535179265
1248073405309616129
1248653479637168128
1251146955041849345
1255835128372146176
1246628732233793538
1246628732233793538
1247675558982496262
1246942646519705600
1247627880202305536
1249813075194048513
1250500307835969536
1245236041906302976
1249090327513903107
1250589739083870210
1254169874714079232
1254213772522160129
1246228343910993920
1246496812975955969
1251210381382627328
1252411743910785029
1253872769261068288
1246131485037326338
1246201816402067457
1246486148425318401
1247261977505705989
1247875469942214656
1248476643657580547
1247584844525244424
1253097990178238465
1254758920561688576
1247352018961928192
1250942938781061121
1248664419497893888
1254436068415291392
1255122602651037696
1255344550094213127
1247262022019854342
1248292100912922631
1254455317603155968
1246154829229064194
1247681305124405249
1247898412973871104
1251233413614276609
1251666829841444870
1252326544036388864
1252670450473119744
1245414150408261632
1248093281810026503
1249020396856201216
1250589729701183490
1250957409297870848
1251299475588612097
1252643301896970241
1246538030825037827
1248064124770078720
1250582895544217602
1251555290413228032
1251763039025717249
1245518084737077248
1245518084737077248
1247305730639552513
1247638633399455744
1250883446127292416
1252469118499991553
1249049849447747584
1250973464959352833
1250973464959352833
1254533745354452992
1260923388761010176
1257464676956454913
1259169373173854209
1261989837688770564
1263640978491088896
1261342312652607489
1265789889968320512
1256981619434373121
1263507464198197249
1264033659381743621
1264033659381743621
1263102110108811270
1256713765103398912
1275871996723765249
1275871996723765249
1276727060699009025
1267461426844536833
1276297218710859776
1270152072818810881
1275521367279120386
1271302793475825664
1274202376128409606
1270657607167086592
1271697869150527488
1269773681850531841
1271550603269791744
1271261386383912960
1267623181789147136
1270521832446320641
1276555632951214082
1270517253117706240
1274342259295686658
1271111295710957576
1276893052292890624
1276573076440748032
1277621838710026241
1272972321691586560
1268749387351633923
1268268620850683905
1269660625367638018
1276452284570927111
1270581456738422788
1272168608630820864
1272168608630820864
1270403749870104576
1271843576864014336
1273213489616650243
1275756202182373385
1268571209245110277
1270379658085687299
1268739342555664385
1270939954189946881
1270939954189946881
1271843520513486848
1277586684520136704
1268767317305024512
1275944441501679619
1275944441501679619
1270072416606105600
1272715524586319872
1272511601854173185
1272384724141510668
1276486249423892481
1270342815357325317
1274104031380533248
1277108131231862785
1277094108822220805
1272219892226260993
1275877928371453955
1267480567206916098
1267239925058961408
1271523577154560000
1269011119726899212
1267946116999311360
1268699982212849664
1273430241453780993
1275522654460510208
1271638557850042369
1273822823484665857
1277758761441132544
1271445283960840193
1268850707723059202
1270736358513029121
1267695570975518721
1276356390311866368
1270058697188728840
1267792913687146496
1271471603117776896
1272212954814001155
1274418080802836480
1277599528405700609
1276741702632562693
1270552820043993088
1273567791623233537
1273567791623233537
1269010016536846338
1268759713224720390
1267251281929711617
1271410170451488769
1274981958842343426
1272412018876669952
1272412018876669952
1269995283682910208
1269995283682910208
1270122437858844672
1270122437858844672
1275482607019425792
1273329822500941825
1276344948254785538
1268733532102369280
1271784020288864256
1273983535393705985
1275324566366228480
1280177117183897600
1279494820231348226
1281330699690287104
1284712702858817536
1279185389429968897
1278788429103448064
1284701759210807296
1288588325767581696
1279269477062868993
1280540883813912576
1281990546848985088
1278913751148720130
1279118882645569536
1288852136298782723
1283419391959470080
1285702268487118858
1286416791850422275
1287047809602998276
1282024287516401665
1282024287516401665
1282671213660246018
1279061879369822209
1282510112842752001
1279202950531989505
1280061055448711168
1284885778737364992
1286322320152432641
1288809279940689921
1282530451152920579
1286152585741651969
1285834988848656386
1279951987367309313
1280179544612237320
1285766184277651456
1286144004392914944
1280862138110603270
1280576561301745666
1281372566997917697
1286327123657940993
1279408237217853441
1283776751638917120
1288649245218631680
1279120167289700353
1279185677578498050
1281535021971435520
1282731140994920448
1288499353385132032
1280986528877969409
1282016811723165697
1280849122891685889
1285355434535256064
1282862180455636993
1279287379178610689
1288122751002136579
1284307882071085056
1284443620792242177
1285540343199531013
1283167516345413634
1288660597526212613
1280331883109330946
1280718502907785217
1285569608565456902
1286375793145323527
1278795344546070529
1278620542711414784
1280574295677317121
1281672800642560001
1282347251092738048
1285493979350532096
1281280103352172544
1278679200069632000
1286672117405118466
1289270183366778880
1286189402733993985
1286189402733993985
1279118946994511872
1288608997776461824
1281740073097019392
1278317751728300032
1279170045382279174
1280570457243004932
1285609733748121600
1286083617593217025
1280204039293198336
1287036145243688961
1280137028596756487
1281186654850605056
1283089888187801600
1285616037791236097
1288474681637511169
1288564156409483264
1288549619689877504
1288549619689877504
1283662729451053057
1278399217086525440
1283823730704232448
1279230138681450497
1280353608177860608
1285738422661980160
1284957835827138560
1280603324677410816
1279977978693332992
1292819036779286531
1290660664470638593
1290660664470638593
1292576749847375873
1294061158723395584
1292098690379849729
1296618745796861952
1296618745796861952
1291833344506945536
1290497751394865152
1297337816788226049
1290502983562612736
1298659605975793664
1290703527254294532
1291078823249948674
1292811990344306688
1298265488259080193
1298831515791622144
1298831515791622144
1292819725404127233
1289345098627481601
1292159852161245184
1298290330979037184
1290791338078867456
1292832274107465730
1296463852515860480
1296289346127925252
1290765435164647426
1295801183634886658
1297240254638776320
1292994210510110721
1296223284271480832
1292870698927632384
1299730703228297218
1290338698303873024
1292214007152214016
1294014976517124098
1292825082625228801
1290665366801326083
1291709319659098112
1289321081069690881
1291097717280772097
1292322464060645382
1296281053980528640
1290653618778116106
1290653618778116106
1296601368757772289
1296601368757772289
1291771401242902530
1296274099812081665
1294468974370070528
1307016000039157760
1303371578038779907
1301878965028651008
1305856968763084800
1304154098741248012
1306966351366553602
1304642948471152640
1306695084763684864
1301557331809927168
1307524900366753792
1300604618041257985
1311314069975113729
1304559759677366272
1301647531743477762
1310912762386751488
1310768804939538432
1306406615537586177
1305893673142378502
1305568362810966016
1307055499930669057
1303418628050767872
1309203062855094272
1321929822189293578
1322197585235374080
1318193394968121354
1320898380462247936
1312018842554707969
1313206683154493441
1312428404092932099
1313658154337497088
1318967227375386624
1318942481409597440
1312064768149270528
1311739824076926987
1312152304502464512
1321899927207890945
1315744784619888643
1320377133320048650
1319453791855456256
1311675377031487488
1312034072512794626
1312034072512794626
1315652879147991040
1316415973918937092
1322258131871657984
1321899612417019912
1315827065724243977
1313892890351931395
1312778748748496898
1312778748748496898
1313203348246589448
1319453381904289792
1321949586295033863
1315055442347917313
1320782859830001665
1313837248434053125
1321180709697060875
1312158392807354368
1314999423219400704
1321608601518120960
1315649433342824450
1322333633529733121
1318204514374176769
1319952023140339712
1312131280247554048
1319678776930951168
1323400146768531458
1325981532121669633
1328750816048656387
1331974674587258880
1329842677068816391
1329962744209158144
1328487638446305281
1328498455124307968
1331560836389871623
1325922787031195649
1329454081149169671
1324521886869585920
1331718789092798465
1332163970715824130
1332163970715824130
1325856862579924992
1330268997737132032
1332172337018494976
1325990924002996224
1329470542886432770
1331285377177497604
1333264994411163649
1330722756942581763
1329649300272533504
1328206425856897025
1325084489807245316
1331789781605502976
1325815869323304966
1328883374782521345
1333187049227247622
1325858300127289345
1328692089815781381
1329997992531726336
1332923342786080770
1328529640860880897
1325176199392407552
1330620160420565000
1331447648973361158
1323400178972434439
1329428130973552641
1331422367676063746
1333400686298591232
1329946307860049921
1332393403968073730
1324385847651799045
1329928990350577666
1329545377654202373
1340859547498504193
1338266607429296130
1334698954815057920
1340408914555363328
1334631349207130118
1334631349207130118
1344740901558620180
1344039679994183685
1341201885391441920
1339673882798813186
1336521869692973056
1336521869692973056
1344015594409107457
1336319179494846472
1343590584288743424
1334658687122739200
1334843883423891463
1336767189022625794
1341045417706962952
1344699850726760449
1335023147578429441
1334564283045253125
1334701737769271297
1334701737769271297
1342866731329593346
1338798927546470400
1340030485087612934
1340655410383085569
1333654097757671424
1333654097757671424
1344005270712823808
1334872912785002507
1335718108082954242
1340000984110657538
1334240260985851912
1337199977660100609
1335796311233277957
1337598048546021379
1334132614974857217
1337405061354418179
1260923388761010176
1257464676956454913
1259169373173854209
1261989837688770564
1263640978491088896
1261342312652607489
1265789889968320512
1256981619434373121
1263507464198197249
1264033659381743621
1264033659381743621
1263102110108811270
1256713765103398912
1261470604072382464
1256847000479453184
1257390967159734275
1260374584911683586
1260374584911683586
1261477634128506880
1257379194021044231
1266196674428522499
1262599112530239488
1262879632132435968
1262559891786522624
1264566999243317249
1260327764973977601
1263847876859432961
1259374495728463879
1256328155293339649
1261470749199486978
1261470749199486978
1263118665156669440
1259928880787275778
1260944074057498631
1262028659675693056
1260746655403585536
1260787170954088448
1262564005446639616
1256491902318383107
1260734180931121156
1263221279529803777
1260369725919543299
1260369725919543299
1261111403890368512
1256183394506956806
1266824358691065856
1266824358691065856
1260595084426280963
1261018398089252870
1260743148193452032
1260743148193452032
1261669191796641792
1262591451055169539
1258022212864442368
1264308472100745216
1263871420599201794
1256376206661840896
1256244947012980737
1260747887744413697
1261035058682568704
1263257840573124613
1263321309179719681
1263196598777118720
1260417020862095363
1260947335309385728
1260980768114905091
1266478614549164032
1259980419107139584
1267153888467193856
1262866753652174848
1263123784833404930
1263245073174544384
1257070811426385920
1260034323056451604
1260034323056451604
1258250457077682177
1257718625286356993
1265652447156068352
1256634313199824897
1257656919906385922
1263106544889102336
1260054342133936128
1267169225237561345
1261069667382296576
1256767704310128647
1256244534868049928
1256708539369885696
1265626353560252418
1267178330421366785
1256643723774976000
1264873845577654278
1260366363383791618
1264564909934772235
1257602226874470401
1263510453172371457
1261720005785288707
1260719863275929600
1262561416730628098
1265276376866672642
1260414420464939019
1256705022085087232
1258602526435401728
1260083715532656641
1264033315482370048
1262729690239905793
1263088401214889985
1264007895429124096
1266035876368433152
1262587688097644544
1263081024432431105
1256622563272396806
1257767826452033537
1262562322851041280
1258184815687458817
1260022042499313665
1256007643086422017
1263313571456389120
1257311794411892739
1262558596866457600
1260655127444066304
1261094569329950722
1263117733228675074
1263999702304821248
1266426094565105667
1262373613333708801
1256430781024669699
1260011830509891585
1260199200391696390
1262480995309064192
1261479263087333387
1262749539036872710
1266358260111749121
1260588562925395971
1263228648393330688
1260297176074252289
1265504224298893314
1257610501439262721
1262156498605674499
1262156498605674499
1266566117235007488
1261726612258725888
1261726612258725888
1263683716020346881
1263683716020346881
1256207718680911872
1266453570519306240
1266528888571809792
1257471813379952641
1257471813379952641
1260250346850484231
1260546646724628481
1261028514075217923
1265769094604701696
1257097678187565056
1261011990505537538
1261363669285212160
1265255064148426755
1260909080698388480
1260909080698388480
1263320344720486400
1257390133818597376
1262457464403881984
1261868742264393728
1266771889780862976
