1182083589724348422
1179947015763091456
1182026803248074754
1179246156225941506
1181132123589230592
1192181169258934272
1201124032806080524
1222066878962708480
1225928717932924928
1223795900490842112
1236554835979313153
1240443025588805632
1234652419943993345
1241160327984631808
1239491880343257088
1240458048528953345
1236253031483785218
1253815908339859456
1255318857645993986
1248456582016294912
1250227576938823680
1245350460598386688
1268277130162581506
1273495809452056576
1272573230373453827
1284390234780766208
1285371556013707272
1281808196408160256
1265004080813846530
1264504352292704258
