1182360154437771264
1186795368220114944
1188852941253496835
1184830905724133377
1179476429483855872
1187784144492912640
1184206491257061377
1188547604272955392
1194114813187829766
1196744264157474816
1200173317371703296
1197975545503473664
1191370274501013505
1199692130379276288
1206627586568314880
1204433923062796318
1207029308000284675
1223350327119962115
1215110475438084098
1219337559966351364
1220399659056816130
1219662316087709696
1220596973746581505
1225556095944577025
1233390695114792960
1225592775145611264
1233164508857847812
1237426752194064385
1239535443055648769
1240308260026097667
1238168393255202817
1239630271772852225
1234879186478813184
1241122219356352512
1243611032888762377
1241397102154067973
1235238689007177730
1242854354366824448
1243271898915426304
1243659319658385408
1239944597096316933
1240010277447438343
1244782515379822592
1244086891714134017
1238180372157878272
1237549662078267394
1240022376265527297
1242147455086374912
1235007056169578496
1236444278437679105
1239211714572361731
1242832421558640641
1235380394737799169
1234508777182973952
1236129708531736576
1245101070256418820
1242524156991868936
1240033591834243072
1242115919821844480
1247962959407538176
1254398730398285824
1250203961145143296
1254000401868824577
1245460734781403142
1250499140737536002
1247316681975726080
1246250295795101696
1251190188837142531
1250163175733047296
1247245202261245953
1248645682187173888
1247802426632986628
1266435782627094528
1263186925860671489
1274034650445422592
1275832083739406336
1275049671384236032
1269267811521761281
1274394477591851009
1271413198999166976
1277640483481825280
1271416325760565250
1288963406993612800
1283408487394025472
1282737582720249857
1287794886645813248
1287133286943391745
1284387786234175489
1281336077383540738
1287818781390188544
1278342609170305025
1284150609684377602
1278776713103773698
1292881335695085568
1295767419512905737
1289903036912074755
1290658746910281730
1298262610505211904
1294292502082723842
1289461199570997250
1296303703197126656
1296968668161613826
1292206711277674496
1289800988501540864
1295801387377242112
1298814944687927296
1291732082880851968
1296813857730629633
1297975721705512963
1298848743966547974
1306791782060101637
1303866655013916672
1309359493612843008
1309344581046005761
1308885105071529985
1307027867436490756
1303755052058849281
1308030171891597312
1313903191533158400
1313841517996519427
1312079662604926983
1317927842991247361
1327078003705339904
1329254323231076352
1331642502336684034
1330313288522092551
1327158102345519105
1329435906378518529
1330234028738437121
1325340274227245057
1329858250116800512
1332406724360343552
1337428841371856896
1343318497200369671
1335966302712844291
1339582377366966274
1341467115153367040
1343266318481428480
1341097544554672128
1335364020933636096
1337329187842043915
1339348981160292353
1337192686755995649
1341790929053741057
1336058685131550738
1337025013745152001
1341110823704350721
1338891656028966913
1341894365845839877
1343976332162641921
1343285782249922561
1266435782627094528
1263186925860671489
1257368222002753538
1256283088902148097
1258966868834029568
1266414006467792898
1262767480927334400
1266028667072851970
1256282560411455489
1262423322207215616
1259662937310089216
1259853360536190981
