1179150501025374209
1181827767219785729
1199425095489523720
1193203522008797184
1199485816415903744
1199849400928833537
1206610872111640576
1212042874751082497
1203072741210914816
1222321016690683911
1216030796341039104
1212225444419919873
1223309849007742977
1213988557846712324
1234992541155479552
1235032278595706880
1242844577398018049
1244664073104445442
1238165872390201344
1242124326536507392
1240997285854498816
1235386427367661568
1243912242640240641
1244133903943602177
1252017276204826631
1252017276204826631
1252361829914775553
1247495929478905858
1245383174915530752
1253784617498431488
1249797033956958209
1251536407656632325
1253322411228921856
1246104440026722305
1250137770820923393
1252592659211976704
1272607445899042816
1268167525583511555
1272859984926310401
1270433236133568513
1288270650570706945
1281196409027325955
1286621794179387392
1291056746350424067
1290252307653746688
1296127550842839040
1299469865879822336
1291016040613326849
1296538110281625602
1309287605012295680
1306003874289868800
1313265049151119360
1319351332793389056
1319579896436457472
1316490233223864320
1324386485274087426
1260692300633501696
