1184304945513861123
1182664802491162625
1179455187875794946
1178866808482406400
1183959760556773377
1180030747018702848
1189027071923838976
1184326530698227713
1181724371532107777
1187881310347509760
1181259741038727168
1190371702884196358
1199401452214599681
1190741705689092096
1190775727601401856
1190989809059291137
1210053495384088576
1200926298350206980
1219677591897923585
1222288853492518912
1226360898085765121
1226601228638928896
1243565330313723910
1242568567658143746
1242680062991876098
1242561045861789696
1238201694493847552
1240008870594056196
1241595652880109568
1243969197513805824
1236822948595597313
1238335680058556417
1238413743249395712
1243352934089469954
1239282979198943234
1241445755266744322
1239394218478460929
1238534594040942593
1241471226842886144
1242242513634762755
1243648087823958016
1242562606155485184
1243015435810938882
1239892461918584833
1238546207607345154
1238551555004985345
1243199939045294082
1242114423797448705
1254176401470754816
1251154491111403520
1250566353192435712
1250574248038617090
1254071554167779333
1245258356622835712
1255137293121142789
1253474700312940544
1254701256486146050
1247654231185584129
1246966582762504192
1246627067074154496
1250497151370539008
1250180528227188737
1250419007309611008
1246791961958178817
1246833143799300097
1248215273833971714
1253443669899821056
1254508403600359424
1254018429398315009
1272620372731592705
1273997425678651393
1286157374248673282
1280242408781869056
1288014885574438917
1280321915987656704
1283397045479305216
1287953800238596097
1287966857123725313
1289299988963569664
1288623210636939264
1287950423857541120
1288065767217471488
1292626905968107520
1295786962960502784
1290728887773614080
1292607750095044609
1298599691290984448
1298406459601027072
1292837018683219968
1309297502546472960
1308253001379790849
1312545375362916353
1321511398971592705
1320201144505958400
1318346006124113920
1320059776428982273
1314917437150822400
1327386201188425733
1332554057383374848
1325786233608392707
1331649068662206464
1332160258328961025
1332058047666118661
1330251841951633412
1326740353857302528
1339177217847226369
1339263056531087360
1340670250782760961
1336392925308194818
1340571296178978819
1337442646973968384
1340353124666658818
1340403592830869506
1333846506617643012
1336793546905415680
1341989037331124230
1341691625743892480
1341500254957436929
1340059894813175808
1334982991676784640
1265766473143853056
1264952555873984513
1256809090971389952
1260658765109448704
1261276453590761473
1259134104403972098
1264088562829373440
1262350040565235712
1261276936275480577
1264527414459273221
1260181789559214081
