1182905372014792704
1196831317826187267
1206233423959994370
1228128609384173568
1229554352261664776
1229563177739997185
1242238831061057538
1235235555543339009
1243580727318495232
1238824118134464512
1238632531781726209
1244068476693684229
1244763906922274816
1238943715952979968
1243615019947917315
1243626826892640256
1238080610645577729
1244764041127415808
1255147506427547648
1253506447062839296
1245724893284630528
1247181642151669760
1252372269721989126
1266807851714064386
1272877135452127233
1273768823502647296
1270280500545019905
1279022378010509312
1266807851714064386
1259097823762669568
1261847974025531393
1263172981318201345
1261303034438615041
1260672872625745920
1264006576752545794
1257668572387717121
1256431449818845186
1256080109762682880
1258227975096537088
