1182472733742919680
1189159541470121984
1188836826699747328
1178820841330499585
1183337920159240193
1185151284309045248
1188198637580500996
1180077577408598017
1187847869648265222
1181383485577035776
1188761048209342464
1185147105654067202
1186706950559453185
1181133261629788161
1185122270798368768
1185818494920560640
1181163603862458368
1185249299711451136
1183319857334509569
1189552902853025794
1188663055636488193
1184230899422040065
1199485933734772742
1191936763847151617
1190759239783981057
1190357270787440640
1197015109585055744
1197328274822549506
1190978081797918723
1192685406120239104
1194027223369560065
1192860853114155009
1196998472626393088
1199470393989443589
1191415760549228544
1196777558525788161
1196613900986408962
1194814344825102338
1191345272141598722
1199715640354971648
1207307792614395904
1204728394446848002
1205636981931175936
1202625107367268352
1212076989508734977
1202151609314074625
1206630972827017216
1205627103762210816
1203773624236355585
1210644217686450176
1208743733472235520
1209612346181767170
1207267558954557440
1206620331961724929
1206236222160605184
1204478223423283205
1202615777247055875
1204638284002934784
1204427843213676550
1213742960237568000
1217561821743394816
1220755474347327489
1212924329803079686
1223328635290914816
1217780680920387586
1214870297008058368
1212613790807646208
1222500139085987845
1213693580826382336
1220788415211270146
1215266385607131138
1219644615625588738
1224708141897670657
1228334818162855936
1228433354950873088
1233307109250490368
1232066539114975234
1232778620101419009
1233403470947987456
1233549993878917120
1233788505538486273
1232373983250714630
1228544189413109765
1232462621460193280
1233529593417601025
1232841358718767104
1231030460362477570
1232135070711980034
1233675278632747008
1232864054122672128
1233407314142646277
1232034682361065476
1224771199063842817
1232966112008167425
1224748321715236869
1230902520307994624
1232704397475557379
1233295786768769024
1233153188456534021
1233391769309589506
1233042425255538691
1232549049405968385
1233238639003521024
1232358004554682369
1234851211066716160
1237300805671235585
1239401766644355072
1240141913916833793
1243359370068373504
1243503338223616001
1235191733887160322
1236376074856120320
1237884042298544128
1237901203486334976
1238288075286962177
1241149113145704448
1241162010601144323
1242809537419268096
1234851562348056576
1237527669157183488
1237918795685072896
1238188372805419009
1239347177211625473
1239789021124890625
1240896873331929088
1244252411553865733
1244847918823231488
1238672855396683776
1241042820250697735
1241502420334673922
1244717903804497925
1235603325107699713
1239539083661193217
1240083876229324800
1240767514365353984
1241416827181453313
1242216957442772994
1245025375865810944
1235023202113314816
1238055379587575808
1238576220364734465
1239634884039028736
1242692055869960192
1235378581280190464
1237485503164923905
1239433370393870338
1239448404146741249
1240014005307092993
1240630093162086400
1240747067095597057
1243196596172378113
1244985759423246336
1237683018380136451
1238194690270220288
1239493777351458817
1242512471623184384
1243392492910686210
1240112875219423232
1240228178192404480
1240982333680951296
1241920529533190144
1242165298137948160
1243556647806439424
1245026086380957696
1234814665500364802
1240282924521570305
1241887637775900672
1242904360658653189
1244866503792451584
1239628384319213570
1242164843542650884
1235906657831579650
1236265148119166976
1242477541539090432
1243325789120212992
1234785260556210176
1237920279168339968
1239561953430798336
1240636722511138816
1236072709248954368
1236665104051179520
1237878008980967425
1242077451028762625
1242305196291698689
1244355834659905538
1237093017674276874
1237130738614644736
1238335691446075393
1239184803137826817
1243238002551181312
1238589044726128656
1240763917846052866
1243601149397069826
1236893082370617345
1239782341029003264
1242446484139839495
1242595715978645505
1243169610041569280
1240361523500822528
1240425490827141120
1240785227892613121
1241349853944348674
1241848105403744256
1244695309063782400
1234808375294099457
1238115477920120834
1238538771252953089
1240535571916828672
1241564938046509056
1245023166491242497
1238357787018584064
1239603289609519109
1240743603846238211
1240965069472587776
1242497568229273600
1234610246900801537
1236871451778654209
1238345055171219456
1241233481536925696
1241955101226545155
1242936429719805952
1244845125412499456
1240995220306755586
1242576888184397831
1244698769389547520
1244767019083288577
1244945046669008900
1235254786422755330
1237695166154227713
1239570847565631488
1240053838788169728
1240121498204946432
1240367391114244097
1242134346762457089
1243537643415261184
1236558812292808706
1237489276717277184
1241498157772673027
1242204060259962883
1242740109797179393
1244463846129090567
1244913888556187649
1238645668564152320
1239916944062435333
1240728291394433025
1242454665746317316
1242511452411432960
1242851027478409216
1244315864624541696
1244945555517652993
1238130306684723203
1241016006891442177
1244430152412651520
1240272271643729923
1240634982332346368
1241651624310956034
1242106446210387969
1235940979628261378
1243041998321352704
1244794915407769601
1239928163804811269
1239724560913698816
1240751213920083969
1243033562548445186
1243147790894731264
1243168968300511235
1235952718608568328
1237879478803668992
1241408535034036224
1244728992873275397
1238543020078718977
1238545901557362688
1241691316205076480
1242886572174802944
1243181605725888513
1238558706888921088
1242651915474718721
1244550954940280832
1244654875071389698
1235313703790227456
1237339505679462400
1238118111565557763
1238307815527235585
1238638813443850241
1237650545902526465
1239697339670876160
1239886297763917825
1241038081530253313
1241416185427591169
1241604576802979842
1237429646360182785
1239978233925373952
1243285112239919109
1244705250512179205
1235568410123292672
1237900352030232577
1238375283368972288
1242639499424915458
1243240254678728706
1244415377033113601
1244785033627471873
1236019054491639813
1238452295299448833
1241777917090283524
1242351922088157184
1245003292322729985
1240549612123049984
1242496412430020608
1243693038205112321
1236377341544353792
1236972173497073664
1238204140863377408
1240470021253419008
1240815051273048064
1242830782416158726
1243094192236253184
1244712312591847424
1236067004983005185
1238512450535858177
1244096943761936389
1236424379380174850
1242877445885374464
1237780243588366337
1238492138209492995
1241107262095097866
1242901677902123008
1242903263332229120
1235386754946887681
1238124944430493697
1239973994977062912
1240307324696305664
1240834758424367106
1240962915399880704
1242221150542999553
1243013200100106245
1243200073275551745
1237691606607659008
1238291739334438912
1238851389859590145
1239616175044268034
1241802589886468101
1244597341224648705
1238587718801584128
1242327905474142208
1243344090248253441
1238668690532503553
1240751946090283014
1242282548266401793
1242447241002004481
1245505839156396032
1251563670641037312
1245426584531722241
1247263569407873024
1249591546615189505
1252100695731380225
1247188475587309569
1247322344286081024
1248336133643218946
1245716370437914624
1246794761811505157
1249579089977061376
1246197909986643968
1247256323999387659
1250309368572030978
1245339831003238400
1247300411461111808
1247751966844829697
1245436987743653889
1251383688853467136
1251939148912635904
1245942655944732672
1248029361380474881
1249814234424324097
1251272732408504323
1247852755965874177
1249748263101751298
1250697605560045568
1251539741322903553
1252085595167289344
1247398709140303873
1247935822176944131
1245787739943063552
1249367964299771907
1254193662826876929
1254823457310769159
1250226656528289792
1250835073869512705
1247234234210803714
1251174627944038400
1253360967632719875
1255725661874016257
1247700817320148992
1253707765261856772
1245913611777773568
1247037198722981889
1247938137504002051
1249673905993900033
1250666223794130944
1253126468277854209
1245386978524364800
1250619575504457728
1252937518506541056
1253733015349612550
1253924275238498304
1247997094566064128
1254754207296610304
1250204099578081280
1252024167471280128
1254815971702865921
1246109234112036870
1246804431615623169
1252781379626192898
1254093831680733184
1254443890771460096
1245704089511636993
1248231982603087874
1249674405090902016
1250822194713763840
1251043780989464576
1254054031414251520
1247768442167390210
1252237813614964738
1255000050704539648
1245592855470469122
1248378184808071168
1251595316656328708
1252619575117492224
1252782644821217281
1253839487395921927
1254070204075667456
1245273800071053312
1245559755118002176
1246594812876374021
1247585185945792514
1249927633623752704
1251472360219312131
1251625310107426817
1248066546716618752
1253939777394446336
1255422597921153024
1255474846819127298
1255695852800282629
1245978153727778816
1245231626717736961
1251874976069824512
1255363063664070657
1245950567815335937
1247160696820957184
1248948380212101121
1249732806009389063
1250964626151313409
1245304509729030144
1250938614462263296
1253730063994028032
1254078728688283648
1255852124556201984
1246169356918296576
1247143758736457728
1248046260180979714
1252751104980529152
1250947598686527488
1253173977066934274
1255455552714539008
1248793316059209730
1253723855975337985
1250471271902646278
1250836492655656960
1245275730910556160
1249042034805137408
1245729972846804994
1252055461974736898
1252312090720731137
1252672203952459778
1253390319380381696
1253738832488366083
1254136460908752896
1254183957169659904
1246108608556937217
1247215964137160705
1248564051183108098
1249241524271005696
1249696278403047424
1254190960835268610
1254409888215846917
1255444907571007490
1245351047566163970
1252291747264094208
1253550259478786048
1245376799577534464
1251528304244543494
1252674574644383744
1255867349498048513
1245985424335613956
1247607846369402882
1249594184119484416
1251152108725788674
1252674171374653446
1253450276943560705
1246174224856887301
1248212807612588033
1253915123292332033
1245386695966588928
1252254767922982913
1247562290817351680
1249662524913565696
1251536168585359360
1254879906820878336
1250743508010401792
1251257567080255495
1253114829113421830
1254308351841878016
1246106453288669184
1247223572621398017
1248964731701846016
1250872591922925568
1255060199297241089
1245360869636222976
1247193373687062528
1247647644459114496
1253264442948804608
1253773536151437315
1255548472067076104
1265851399436414977
1258616401507635202
1264173136750063617
1261786680895385600
1262848068044632064
1266598044268519425
1263206454565224450
1257972818949607424
1271499659018567681
1271244452267470849
1275604414515032064
1275284193228976128
1269362242983731200
1276118480081678336
1273087756638605314
1278001011114770432
1269625547128098817
1277026434876354562
1276892099414114304
1276924793992945669
1270715235993702403
1274074503396626432
1277734847348441091
1268529457087668226
1273514552144117760
1277262624972038148
1277106570946437125
1271482739653398529
1275060463877804033
1276180183402319872
1267245317633839110
1276151429414207490
1271642472016310272
1273311344146755585
1276958843361202176
1274307859208167424
1269333161348960256
1271297451492859910
1276507244008558592
1276873652852658176
1277326054491815936
1277659350857920513
1277889615395987456
1277359168685514756
1277609811933376512
1277122064718213120
1271788475927400448
1269980245039464454
1276216204105900032
1276268942823227398
1277704288622596096
1272505562220113921
1271772448069804032
1276601935051714560
1270195863105781765
1273605153321619457
1277060689438351360
1270763264935374853
1270507240445919244
1275815954245656577
1270763151693238275
1274172653767659520
1276627845251563521
1276968037292310528
1276373197831778304
1276601564153683968
1268169219117547522
1276509723546836993
1272885687625437184
1273615864617562113
1268786015507890177
1274070372992847873
1276589181859397632
1276321924566650888
1271625928435732480
1273326236341809165
1281387306956587008
1285552456479510535
1282354979051896832
1283961282794684417
1287844623424073728
1288867696046735362
1279220617577992194
1283521351462948865
1288518281633161216
1285693426898542594
1281657260754624512
1288302544029126657
1278676868024000513
1284160282965794816
1288143542163054592
1288188765165563906
1288269148989030401
1288585243105132548
1289246958691815424
1287837359761833985
1283226221195689984
1280510345103228929
1288557031457091584
1281338599569580032
1282798318695976965
1280867196479180801
1278306471806070786
1287036971517435905
1285965451277684738
1286039205345460224
1288466809759232000
1285178682945032192
1288544907796205568
1281431709620359168
1281087191846920197
1279664194602885121
1287115425235509248
1288965114041958400
1288195920639799299
1288292459433398272
1281280725510225920
1287122539550973952
1287825834426814464
1280260897248669696
1283041594975936519
1282433177085186050
1283109823710724096
1288522078128308224
1283847723389784064
1287077165566238722
1283213037177114624
1288610523399979009
1284186126798983168
1282845368670130186
1278770895947874304
1282489945043730432
1286022600083165184
1288568111168356352
1288200391784452096
1288817885138255874
1283461251104792576
1285667996845985792
1288092845610618880
1283310626035515392
1288289168804716544
1283438363568214017
1281566567327764481
1281608866858274816
1283040227809001472
1278793457000042496
1279527914669854730
1281682329602334722
1287795217823801344
1279459986532376576
1281037535574208513
1280949691497230336
1285665750603247616
1282814934779408385
1288205887438544897
1278358979333292032
1282814779594350592
1281012986291707904
1279628006143799303
1280548471322402816
1286872609339191296
1280904877502316545
1282821373069582336
1285928811234656257
1281024600340606978
1288498062294310912
1289119753840328710
1281634793596346368
1283075978558705664
1284913781315743745
1285955266643722240
1281755847878684672
1299502036191514625
1291146985739898886
1294265514722811904
1289335055844651009
1298127074373373955
1292661729768493057
1289783737358540801
1299375896684625921
1299377519880175617
1292157629515665408
1289555276245295105
1299438460802076675
1290797511695794177
1289586013807886336
1290637710210867200
1295563008291348480
1290727813083955203
1291759409702539264
1295786772039860225
1293681581761101824
1296865119201161216
1296916940347314186
1295208192947957760
1289635133163622400
1294398881007120384
1296657283053625344
1291351299720491008
1298251178648588289
1289462289184239617
1295009496176222209
1293223162944135172
1290029678346944513
1294286763096256513
1296666590201761792
1289619148650221569
1293885695363293184
1290258247740465152
1296662483982114816
1298446984160870400
1298358884764209152
1291742405994123264
1297534300762537985
1307978691184656384
1306708651571384322
1301878772078129154
1308492296116146183
1305959297193512966
1301561851675897858
1307443132892553216
1310539815323136003
1308026073272250369
1308977908426436611
1305231934474207232
1301947579660472320
1308791454827913221
1305559136432656385
1305737103964213248
1306233378178584585
1303914901170278400
1306970557615878152
1300903091517026304
1304166517475602446
1308452437661892608
1302706697413308417
1304074665934172160
1311252180297539584
1303407881119694848
1301365135378972674
1304855306048995328
1305507600042201091
1306798062900142080
1311071961183907840
1301006994380394496
1309267036510416899
1303319436343074816
1300809394586820613
1305659811334246401
1310369893083164672
1307981855048830977
1307084527030935552
1300860312933949440
1302253424084422657
1304088780148748289
1306021235424456705
1316790802077622273
1312078490234126339
1313515331663527936
1319739428814934020
1311937036224528385
1314664877198368770
1312138247187832832
1314607307511287808
1313519187747311618
1321835173055393792
1317933501384196097
1314621963105701888
1314289471219806210
1313528145467912192
1314050734590103552
1313296436730175489
1311996213487521792
1319830520084242439
1321776525092573184
1313660332947243010
1312165328080625666
1313329163307278342
1312522246330613760
1313567148103536640
1312742728275505155
1316207106207494145
1313529929972228097
1316178907633254402
1319040327437717505
1316121760039829507
1315861059668856832
1311509061855109120
1312044578007113729
1314001533239951361
1313982988175065088
1313609711485296640
1313720726034223111
1315622081980178434
1313568838395465728
1313233549957509125
1313647015469830144
1320412621313576961
1313536658751463424
1316798629236137986
1314687098578972675
1320778439742377986
1319618241120096258
1319692417445076992
1317857245745512452
1314146242415472640
1314698167351349250
1320848489392332800
1313510600513916928
1317890795333062656
1318937829104287744
1313330543237398528
1313607061813501953
1315765164709416960
1313953831978500101
1331059071814823939
1325937023002140672
1330934851348832256
1325849981094404097
1328484452851277824
1322707195528679428
1327300205386076160
1328527112089833472
1333248498888826881
1324111422851215360
1328448823899942923
1331615565354504194
1332715307698429952
1323362907330105351
1329536528574509066
1332518850697588737
1329389375608778753
1324048848000569346
1328812968612597768
1328057705056112642
1326330062854041600
1333407312095174660
1328760653901926401
1328825765996138506
1329994270107963393
1325515826816978944
1326336761396654083
1327589641722109952
1323655040612110339
1324430881981943809
1325133776662433793
1323858179155988480
1325789484156411905
1324027576822730752
1336782394246967299
1343221100310896641
1335243098436169729
1333833483945435137
1336405951285432321
1341926779104190464
1338952585861062656
1340000629176102912
1339654692662620163
1344689399695630337
1335282821133463552
1334337923190296579
1338329224222937089
1338185754439200773
1339824026731106304
1341303182878781440
1334907733557071877
1341226935855312896
1338581190840750081
1340042623415951362
1341896303589015554
1339602748564590593
1336845971490299904
1342109420390641664
1343545587824787456
1334763971174424577
1336011086907248641
1339695430662275073
1342870577485393921
1265851399436414977
1258616401507635202
1264173136750063617
1261786680895385600
1262848068044632064
1266598044268519425
1263206454565224450
1257972818949607424
1263838875069407235
1266185274431811585
1264014986352852992
1266761309770711042
1260484940849909763
1265023083565514753
1265756098415517698
1258952789549617152
1262695756739350530
1263421260995989504
1256235533883314176
1265437597792419845
1256648382183063553
1257472178272026624
1261702184200175618
1264738460017070083
1263486340466978816
1262559489200250880
1256587747340378114
1258338885052116993
1263252150915915776
1256087209985429510
1264190251079053312
1257094338582020098
1258043221592195078
1265653138851278849
1265735301546246158
1256057900994367488
1258403309590769664
1260258630600982528
1257980118787452929
1261740708869873668
1260882709456486400
1260654543504732161
1262766556179824640
1261021028874158081
1258189823698927617
1263961198724296705
1261757066693292036
1263930764699156481
1257950539049955328
1260254444673028107
1263825385550163974
1266067660200009729
1257280863487827968
1256144932739452928
1260209943107506176
1259937296805031937
1261336403134349312
1258929665349050368
1258066536310300673
1257329676814557190
1258652606408220672
1256554833659727872
1259822311013826560
1258487350256164867
1262751062198345730
1257234528088870912
1264924790504243200
1256721062315929600
1260631902005985280
1260958000799457280
1262686518071582721
1259925573486379008
1265291702333591552
1260091825286758402
1258855668456579072
1260298958330630145
1260898085775032325
1257313402914893832
1260915072735555586
1266824709720719362
1256256655039229952
1257082451949690880
1262841018086457345
1261331255863492609
1267161993615728642
1261263875217018880
1265960312920059904
1258098112905740288
1261443097839366145
1260230791025561602
1258134093977415680
1265076366078246912
1265948757620736001
1260321776120352768
1257979659683155968
1257979781318131712
1262749255430594560
1266104173348696064
1259657466159169543
1261319546247487488
1261384280892231686
1258378999396536323
1255980264326459393
