1179788953001644032
1188461928521318400
1182022926477987846
1181957495847374854
1184819867045810177
1181373685594234881
1181632878888673280
1181739317733056512
1181739317733056512
1183783653396172802
1180170106363613186
1181990988551790593
1184416474779344896
1184850111425212416
1189614445141643266
1181985041037037568
1187786576228765696
1183665518319939584
1187742356642189312
1179506958153519105
1179450066626584576
1183739239541948416
1179868449885098000
1187779601801469952
1187721409163857923
1187766186269822977
1189088156257157121
1189088156257157121
1179420143950151682
1184621987378786304
1184934966351712256
1188300115443761152
1187733869795201025
1179313969858785281
1180291515496710146
1187128377318223872
1187821167224283136
1186330063853232134
1179418237110509569
1179445947891359746
1181606520586457089
1184117551476985856
1187068717856952320
1184798471120965633
1182000789331439616
1187726894201851905
1182447269506883584
1179139000256405504
1181185121656954880
1179511376647217153
1180981374842392577
1186664763587211265
1186665536186392584
1181564463138398209
1187754641620164609
1187758136721104896
1181034292744314880
1182506333830074368
1184897628380844032
1188465434665861120
1186329467335200770
1194686250210516992
1200434639304896514
1191779739138187271
1196619102472855552
1192199480659120128
1192750188311564294
1195151962754502657
1197932759425130496
1194703121743831041
1191722563031973889
1192562377545400326
1195421590374223879
1191915081187110913
1191873641451065345
1194700216072593411
1197200453114707968
1192097131928182785
1191803117840588800
1200512284042375168
1196620862511816705
1200419622136242176
1191870323777343488
1200419070665019397
1191870314755612673
1192135307929571329
1196145987997360128
1200466381763801088
1192657435544227840
1192201042877923328
1199330815919972352
1193357178377248769
1191770520045457409
1196840636646903809
1191770916709158913
1192648217005056001
1196615828860493825
1211944059301875714
1211800011966541824
1207071810786717696
1209499671086981121
1211768961957806080
1211843157022978048
1207797800668405761
1211772314456666113
1210657252849397760
1207313188791996416
1204246116730122240
1207921585169920001
1202678086757687296
1210715929568366592
1210654085071982593
1203441577340932097
1207016861596102656
1210727140632621058
1208455609340874755
1208465607361880064
1202027245872787459
1205161136028618752
1211814353944686593
1223247836273430529
1223251325342842882
1217501159872716806
1219593283761995776
1219593283761995776
1222925999223996416
1219342154218246146
1219666705934422017
1216031336621887491
1217257676507361280
1219393265738207233
1214636248389734400
1220065597574262792
1212812864039333891
1213619672983232512
1221510624464773121
1217608623876124673
1216802734474657792
1217569654027227136
1219347797125816320
1217446736572157953
1214732301713772545
1214575851712516096
1219341659885965312
1219524548367765504
1212906131309252608
1217311633581789184
1213331334153637888
1217446962825433091
1217501441977454592
1221598233065074688
1221238311647399936
1232389409875648514
1228855207678922752
1233432175149711361
1227442865862782979
1225805827774328834
1230993072756011008
1233054211451113472
1233431236619665410
1224035040943845378
1232684281836621825
1224103571412717568
1230936112895528960
1233096691156307969
1233096691156307969
1226642944972787713
1233096355050115074
1224041943522476036
1228041464107585537
1233851945967849474
1225917135987388417
1231604953388470274
1233802577810280450
1223799986728640518
1227773877989720065
1227034518445608960
1233411809249353728
1227921977006002178
1233092299699171335
1233514840561475586
1233602437732159488
1233615493044400133
1232314702576750594
1223791442268753921
1227973804862951429
1227594221948932096
1232916168354041857
1233160635141279749
1232332935405146112
1232386280933281794
1233244813002182656
1232349287155191809
1233808758159003650
1232698244897136643
1232857619934728193
1233887173579071488
1232889340570873856
1226486163487195137
1232391762108391426
1228017068190175232
1233215247013601281
1233093212849524737
1227752761984507904
1232140710507360257
1232855382080487424
1233070477758750721
1238425609212235776
1239069176943144961
1240816093528236043
1243173686884081665
1245104332233736194
1237088926835376129
1237139086051172352
1237474564927623169
1238814323939647490
1240349918482649088
1244664187327922192
1244750384469401600
1244750384469401600
1244801233883463682
1238309648995926023
1238544215367450627
1239617883744894977
1241312660425183233
1242104030740066304
1238141769587421184
1238283248951799810
1239782310318198784
1239931963118583810
1242206568457920512
1242570457888337920
1242914202836185090
1236953908637032450
1237162355869585408
1242428643021918210
1243238040472031239
1234870216015962112
1242074550554296323
1242672656320581634
1243091165987119105
1243364659157065729
1234959335056343041
1234959335056343041
1236345598061805569
1236776207288541186
1241837059553333253
1242133247850467328
1242133247850467328
1242150181707096064
1242454721840984069
1244397506181693441
1237237924640354306
1237478340036046850
1241131587762339842
1243525433813020672
1244240406080094210
1244756289613369346
1237020656719532032
1238801611499200513
1239920156677111810
1242102562410491910
1243206675076694017
1233942091425865728
1235283876999725056
1238523639869452289
1239031090263834630
1240789728145915905
1241789239425142784
1242531640515219457
1235178240366522368
1235358676246032384
1235381185938894848
1235381185938894848
1237181434965737478
1239790133458505728
1241054470135599109
1241056931646787585
1241503313721462791
1241821573310492672
1242780343024877569
1242830655492247552
1243975553788661761
1234862476371644416
1237707986052710402
1238211200573411329
1239599640774946824
1236365838673940480
1236773789070962689
1238509918786850817
1239680385111527426
1240442868759658496
1240774830011580416
1245042584847814656
1234888845474385920
1240006710552649728
1240591291668484096
1237041751472431105
1242534189037236224
1242953607563141122
1243217920009912323
1243319464109752320
1243591870502055937
1234956722411917313
1236848147986513920
1237026963392466945
1237051584313319429
1238253910911057927
1239290273794002948
1239587737314811904
1239587737314811904
1240319950344110082
1240453961750056960
1241900024604344322
1242575577799970816
1244013897826394112
1244287803585937414
1244310330664202242
1238276151736492034
1239973541988028416
1240782033636544514
1241027109943783425
1241132709218566149
1242076159157899264
1242130184016453632
1242877512142782465
1243270164256296961
1244666980738662400
1239908744206614533
1240781062940184576
1241455349099573248
1241459573296435201
1242457141216268289
1242861538408529920
1243562826008010753
1245061064410238978
1237939518474461185
1238459696035647488
1242128613140353024
1242787651557765121
1234633356098383873
1239354451611312129
1239579415962480640
1242246477289832448
1243169600478629894
1243685483382702081
1236804036466073601
1240722721912356866
1242617308859846657
1242888949284114434
1244794543293300736
1238233312537317377
1238915307663773701
1239222569519243266
1239957670632792067
1242109005499174913
1243537080824877060
1244163269998317569
1236778729445228551
1237161571526336513
1237368122061074432
1239959552306659328
1240054475282190336
1240677056771391488
1242164966909792258
1242202638336380935
1242496181315538946
1242511566530019331
1242699558553104384
1237159465981489155
1238795477166014464
1242127908619145216
1242241901270630405
1242241901270630405
1242432046640910342
1244670655590813696
1245030882760519680
1236338875582341120
1238477471512739841
1238620530820997120
1241054745495769089
1241403317726720006
1243726055225122816
1244807666079162368
1239024656625131520
1240649902440558594
1241157887600349188
1241471865366904839
1242602193838051332
1236101597052014593
1238600833522192386
1239614005351788551
1243315549150629888
1244239846627049472
1244989098852573190
1234988871349194752
1240458806171258881
1240751150028251148
1242836146071261184
1243592513295802369
1243622800369356801
1243750931608428545
1244745170953912320
1245012959794954241
1234924167784476672
1237112198276808710
1238549081854808071
1240371171167801345
1242577439567441920
1243580546959187968
1244669835277205513
1234901928686915584
1234937344727355394
1237148662658215936
1238918297049083904
1240842814562459648
1243169437601193984
1243180632861224961
1243580433721409537
1245053023761694722
1235856639690858497
1240424266098561024
1240480082881323008
1239962711024226305
1240731027754176518
1242472646723252224
1242472646723252224
1243267734156304384
1243636897374556163
1244811657458696192
1237014701353172993
1238124046853734401
1238513420871368710
1238564801124519936
1239186277146210305
1241839143245799426
1241845136910356485
1242228386715533321
1242232216618401793
1242279972871553024
1242498163711315969
1242514224322097154
1242536671951929347
1242955677770944513
1243144003781980160
1237375153891422208
1239537575091736576
1240098098145366018
1238794393613565953
1239216440747622400
1239735707016597505
1241318268465557505
1241796791999348737
1242838468113436673
1244796479874596864
1234671891383631872
1234956865005662209
1234956865005662209
1237548194101202944
1240225300388229121
1240770862397247493
1242259841885908993
1242583220346126343
1242617261837422593
1243535214942576642
1244994295859482626
1239011598863339522
1242906099872935938
1243228991420395523
1244363107629068288
1237553706024886277
1244324267065475072
1237099655218987008
1237437200188530688
1238109487132786688
1240150847692197888
1240456593122013185
1242509231535816704
1244688300406865924
1234966779186692098
1236994313529298944
1238222861778763776
1240407871889666048
1240450988416421893
1240664666306723845
1242079141446463498
1243194189183057922
1244671023078924289
1244838982292246528
1234666375894859776
1239655249893302272
1239961017792245761
1240348565274157057
1241849640263221249
1242467200360796160
1242488341817417728
1242578191266578439
1244684340975423488
1234934078178238465
1235949955698786304
1236813121559449603
1238136424769019917
1238168684541235200
1242127154776809476
1242645345135472641
1242764529668218880
1243287847676678144
1245013177353584642
1234945028667080704
1234945028667080704
1237588958428594176
1241466534809214976
1242192649148399617
1242479792462716928
1238105148666400769
1242946790250254337
1238787455031091200
1240761218387849216
1241452020042776577
1244266215004127232
1244716048705822722
1244763840497299467
1244960481774915585
1236994612134178817
1237897940309389313
1238494747750207489
1239182103926968320
1239377272924180482
1242600782945488896
1243666601507016704
1244737021421076480
1244749384513802240
1234884221400907777
1234931966627196928
1239905593122533383
1242077022400073728
1242118697818480642
1242400927463555072
1242499599312576516
1244702187722289158
1234878525204619264
1237923768787447808
1239691671530541057
1243288476604219392
1243288476604219392
1240054057596858371
1243187422378315786
1244082468682117121
1250880150507589632
1252737186555969541
1255913893198729216
1246222772415746048
1247264943583498243
1249832240378515459
1250182638356197377
1250250037583642627
1250508758964473862
1252070079803637765
1253364130393669633
1253604876392648705
1254568160365338624
1246523870439305216
1246963332499849216
1247609170586669060
1248252620298485760
1248620509459124225
1251881032648982528
1252984314951761920
1254123672438218752
1255171560584941568
1245109952101810177
1247683078417514497
1249470415115816960
1251174271424040966
1253315337057193987
1254100808855158784
1245993733138546688
1246051067164602369
1247572605814489088
1249028050290978816
1252471175407529984
1252808661950279682
1247334785128837120
1247514804690079744
1247569327647309825
1247976539976863750
1250122050569723907
1250907832486031360
1251888349247406082
1252597506187440129
1253829756602200064
1254774823743438853
1254781006642462727
1245992327920750592
1246104792352448513
1247584706377289728
1249171789080662022
1250126823695855616
1253460303058284544
1254243929911951361
1247655169480933377
1248394219628056576
1251198490669129728
1252254969358479360
1252263004709715970
1252546508173557761
1254655208593911808
1255590198756487169
1246248330415439873
1248358232503934977
1248412677891747852
1248991020739682305
1249323158320156673
1249911727212253184
1250484765532266496
1252411501014421504
1252586581665492996
1253733581714833409
1245115356051456000
1245887959439736837
1247561259974905857
1250389562075086850
1252062897741725701
1253048327182135304
1253048327182135304
1255676118574592000
1245332704406712321
1247870124331347969
1250281051525545985
1251564681745104896
1251893608652963841
1253335705524170756
1255556803208847363
1255640064358481920
1245114131285520384
1246414253457911809
1247578646451290113
1248014819694768130
1252748650704445444
1248393498216169472
1249720433391415296
1250466369113673734
1251890050389774336
1252238378931613700
1252674716583768065
1253033834205057026
1254418934960398337
1254920769710276609
1246081021478608897
1247314759650668545
1252051608541814784
1255369678551121920
1250513110718451712
1250582223654445056
1250969853646630914
1253987213186129920
1254931103854366721
1245525177280192513
1247646610101698561
1248374649005760512
1250423376616644611
1251926060859604994
1252283293988421643
1252404744414392329
1252632996907278336
1252970187000877057
1253321887569989633
1249007560809754624
1250191625688580099
1250440480933859330
1252796560024514565
1253395511937323010
1255912047985995778
1246938066322960384
1248281980057288704
1249718032546574336
1245109320141942786
1246278365235032066
1247778692924727296
1252651916330336256
1248719259632631810
1250796696013021185
1254429734601138176
1247185593353846786
1248601631035461633
1248619849233788929
1251873516426674177
1252350285860626437
1253172186208075777
1255284890700046336
1246427359479083008
1247266331386359809
1251193214301806593
1251899479369924608
1251985057222234112
1254830173586894848
1246095506159341569
1246282852746092546
1247895151982215171
1253081343673741313
1253390956914708483
1255212117520789504
1246073817438367745
1247904021605539842
1247961795299426304
1251343421505245184
1252412765513211907
1245124986857074688
1245472217170935809
1246526555846840323
1247246473508634627
1247301830197084160
1247530788620390408
1247619147300851721
1248235343599603712
1248692234561650690
1250500209030737920
1250723480229654528
1253066174868398082
1245857948707897344
1247153899095633920
1247543006376255488
1248292302256128001
1250159462138236930
1252273998735585287
1254766214645088258
1249503348786696192
1250211192645095424
1252186691395366912
1252294821676548102
1252332622044368897
1252553538095517696
1252714906413080576
1245730713124646914
1248035405418676237
1249329781902106624
1249751216592228354
1251197386233430017
1253335589526441987
1253338155689771013
1254805901162283009
1254835530736508928
1247313262305251329
1248049523362013189
1250146799744139267
1252266356550053889
1252979238099136513
1253816025524645891
1255297987317727234
1247896359929167873
1254179184580141056
1245189657056497679
1246367586486378498
1247909269996843009
1252405704712810510
1246144847951491073
1247182738169294848
1247510035187544069
1248084159534374912
1247962496834646017
1248045266130874369
1248087916091305984
1248357322335891456
1250423435995443202
1251951869183868929
1245366877964115980
1245516338971512834
1247373116319268864
1251608943878647810
1252799522784382976
1245413734643896320
1247944569850822656
1248268830901563393
1248268830901563393
1250120477705633792
1250780444142063617
1254912625231699969
1245401979234418688
1246095867687337990
1246882822218006534
1247185379637280777
1248037905144020992
1250461580564795394
1252666459358220295
1245519489799786496
1245696017019949064
1246222459348692992
1247722607467626505
1248705005609238531
1251208247706619905
1253832404231319552
1254943780538585088
1246958525902991360
1247958692466774016
1249088589931204616
1250897279600545792
1251617479333380098
1252721973349801987
1246437325158133760
1248300078495907840
1250161782624264192
1252283736978309121
1252756471961587713
1253344469228957696
1254928236452012032
1245445841353084935
1245614411105980417
1245835904620478466
1246213391255048194
1247615295444750336
1247898652640591881
1248335046345359362
1251900895467634688
1252635558549032960
1252683004520140801
1254826840134467584
1246819359135326212
1246943237694271489
1247156617369374726
1254937542568431620
1255907786828939264
1246124035806597120
1248227156305391618
1250204309096222720
1253841118715838468
1254934326564831233
1247923652282273792
1250829147913555970
1251567874461831169
1253987762727981056
1254097331701587974
1245696228765118465
1246937433113071616
1249682990831206400
1252887541520326656
1253027612747857922
1253760923455586311
1255286262237462528
1245373853385310208
1248637622995599363
1249857404814139403
1250933249657970689
1251894599427162112
1252801439090356225
1253393839970291715
1245840997650558978
1247168673359388672
1247289842121297922
1251180290271178753
1252578703227445248
1254780408203337739
1245127100077674500
1245376185107984390
1251291863681773568
1251661795154149376
1252311628474978306
1248694776733499393
1252711279007014915
1253048701616037891
1253393486059110400
1253393674827956224
1253749054011572228
1245429517818232834
1247708240718241793
1249035881513652226
1250112125701369861
1252059993144209408
1252456671512875008
1254249117980610560
1254850788905480193
1247235811596054528
1247949724084125696
1248298501425037313
1253693130207121408
1253739182574501890
1253782034922831875
1255004623116529664
1261095956273156096
1261766017287626752
1256386910517264384
1265357318440525824
1257312077506478081
1260653985028964352
1261666739076685827
1257463718381858817
1260198046329114625
1260409818801672199
1264595813541515267
1260689869237637123
1260683801769975817
1266475037902753793
1262024847762362375
1260940433921921024
1263201520255995906
1265664560377352192
1274047503302877184
1275063061510942720
1268509190043156482
1270409561443270657
1268324478510981120
1272596838521151490
1275477580720869376
1267869606246580224
1276629326239326209
1275814574311309312
1270454497580666881
1275188977105076227
1275537767037091844
1267590085463224322
1270033326049378304
1270033326049378304
1272945092068880385
1275136117378093059
1268656700954902533
1270545248721211393
1275436727956500486
1276537819134132224
1272179449937702913
1268633242178994176
1271683147105808386
1270450602271793154
1277724438075781121
1272715841277222913
1272860936467025920
1268200793414537221
1275981704738623489
1268251625077895168
1270679500527931392
1269339783849029633
1272660158959759360
1268559390036176898
1272584413361180673
1267593184827314176
1268702966556446721
1275191506278780935
1269401356529537026
1270768029673160714
1274564746927312896
1272867345741029381
1269018780807630849
1268227544630820864
1268304795686887424
1272997468540731398
1276155734795960321
1268663883138564097
1271526232170078211
1269319296271949827
1268680314886541314
1268737572936835072
1275080772437684226
1276674353569173505
1271075455400099845
1275705487472898048
1272708080417964032
1277310799351091202
1268537203753398272
1272217633820045318
1272910995606900738
1272629959312519170
1276621640399417344
1272972049657614341
1270053770811117571
1268331640822079489
1268037331174522881
1275543831610564608
1272545908878688256
1278008498710814721
1275876363594014725
1268608387685781504
1268678960092758016
1273628467184259075
1270852901443973125
1275189445113896960
1275892261201592322
1269405088705101825
1271629909887275008
1267625734052380681
1268266823608233984
1270809859479310336
1269528532100829184
1276345822062338050
1277972247995535362
1275585186659545089
1276552595658756097
1268890771073069056
1267302821562478592
1271793109198704641
1272179774237151235
1272948054556127232
1268557664377847809
1268192475052748800
1272184365125165057
1272592982059991042
1278027826185359361
1276352862885306368
1267644252957421568
1268631113423106048
1273904902209708033
1270733715044524032
1268692507698900995
1275811944503685127
1271584867088818178
1272397848139759627
1275461509330714624
1268685535293235200
1273298121464872961
1272713007248953346
1275909432677982214
1282479059344281600
1282685729278173186
1288275549308297218
1282675105102004226
1282740306186829825
1288279776617259009
1280548881936216065
1279168038298890240
1284183260055166979
1287552727921201154
1285319857043648514
1286105274009505793
1287090209818054657
1284190195454279680
1281724884666769408
1283070195364327426
1282335504890040321
1286727268316983296
1280875788485697536
1286048302308483074
1281784403526660096
1282097692034756608
1289272848939274240
1288615835553103873
1278707467791278086
1285358566279229440
1285197831540744199
1289210489189195777
1283500816737894400
1284230342308757504
1281703473592107008
1284251681052520448
1282308200704901121
1283520703845761026
1288856651995533312
1280313083420950529
1281776590226173952
1284515840658939906
1283109819537412103
1279079059838861314
1283855126403223552
1280253413582872577
1284089973860446209
1284304238911291392
1278497993537335298
1282815604357922816
1286086986848075776
1286086986848075776
1282710270142554112
1289268936836550658
1285195487382044673
1280163367106351108
1283058404903260160
1286694275934236673
1284380666713509890
1287126971735040000
1284247238986719234
1286835032976494592
1287893083238039553
1288960062493536257
1285580200626081793
1279073842581786624
1284131297833684992
1280918884233740289
1281600454623989761
1282057079876980744
1286337848187265030
1289247097120849921
1283761515309522945
1285367061032640514
1282094851253657600
1282398619199512578
1284724116487057411
1286672914356547586
1278514829481832448
1279056333766082562
1279075310131011586
1278745926702686209
1279127881529073672
1281686440544399360
1284125642234241024
1283760690256322560
1284208807887986689
1283833088871673859
1282681086594764801
1285530415667781632
1285530415667781632
1282385626692755457
1282808764958212097
1280214692816920582
1280281111214600192
1285278277146419200
1280266525790941185
1282484483615326208
1284135265397878785
1278848482577653760
1281594794792357889
1280874981128355841
1286011832621309956
1289171746424332288
1280949139371708416
1281089326814658560
1281089326814658560
1282864897190252546
1284261656466468871
1283440121753350154
1285278417756332033
1280896266503892992
1280896266503892992
1280165133743017984
1289292253005930496
1283921892534091777
1283427491936436225
1280892614095458305
1280453968028667905
1280851047649607681
1283809224192135169
1280582738828025864
1283100139083780096
1284148132805320704
1286100833835384840
1287370907648962561
1280265588317786115
1280469407257497602
1284174031151923201
1285599558387544070
1282680510930706435
1279958542729064449
1283861490123014145
1284362192389799938
1278326469391978497
1283832776962330624
1283867759336513536
1283791395174703110
1287379060352573440
1278769293702897665
1281677657675972608
1283825992763682820
1283108910585589762
1284371674004152320
1285013139856273408
1298271565797191681
1289712568831864832
1289931694791786497
1291737932282368001
1294100794006843392
1295568370419433473
1298124987472191488
1295694084200443905
1299171465602895874
1299425923394154498
1295797719504769025
1291548520088887297
1292219072776732681
1298113205613604864
1291391114650370048
1295703110049038336
1299454311357919232
1298702182418587648
1293664815110598661
1289633212176535553
1293037300893401088
1291992242828304385
1292890663823040512
1295719084345241600
1290773260708306944
1299425554320457728
1291184739999776768
1291771390551642112
1291118046875193345
1292126386145112065
1291370902467248128
1292442785363132416
1294047968786554882
1297602674955825152
1292462689625821186
1299517122574454785
1296888090980683776
1300056092005863425
1290792932811759617
1292130509154394112
1292857816156340224
1295743683757854725
1298118149586419713
1299447919880306688
1291388797029093379
1300254642006364168
1295477085591478279
1292571595328966656
1292571595328966656
1296888805304213506
1298085331351158784
1290271319045681152
1292533536566784000
1290325582648090626
1290325582648090626
1291438964465860610
1300178986237145088
1300405479752040453
1296956501865701377
1300258989628948480
1294030928960983042
1291370629699182598
1292886543166836736
1295898277628518403
1290380171682500612
1296518984267857921
1291987482242961408
1291126007324319744
1297972415511891968
1295463739597217796
1297520672130961412
1289917541847105537
1291536931218583558
1291536931218583558
1291852446600437766
1292188862387822592
1295740457436282882
1295869340785532937
1296133669602697217
1292447703402676225
1293553333710598144
1300252062534586369
1300463261595447300
1291456597370208258
1292539923535405056
1296158272584658952
1296158272584658952
1292298309906894853
1294345546396770310
1300055218256781313
1292163672157167620
1293142292719702016
1293142292719702016
1297042427841306624
1292441611864018944
1294485124315090944
1295355954138161155
1295506951527370756
1297306817173884929
1296197222439301120
1300256276878827520
1295806294637633537
1289982587256156163
1295357204225298433
1299131746231955457
1290698723769622528
1295851212928176128
1292635077160165376
1300193971034116096
1290654736606273544
1295736625029316608
1296156228591157249
1290152614127005696
1291866972632883200
1293021639370629120
1292876143029174272
1298780166622244864
1292809477650108421
1289726992603111424
1291033866405392392
1306777329079922689
1302769684215980033
1304406484235751424
1310226823406669830
1309550747646820352
1301265803929702400
1308229531984166912
1306775058359123968
1303833372272324608
1308907918503432196
1303809893812502530
1302964383069409281
1305906342993985538
1304080711452962816
1303874258368638976
1305238237615661059
1308216151533449216
1305137743157252100
1303790282312421376
1303078774293098496
1306611126621351939
1306787532273745920
1302758589291999232
1308147626689298432
1310754724656816128
1302761003202031616
1303045489609318404
1304868706854600705
1308468138816741376
1307016572184203266
1308040694905409538
1310308316141309954
1304075912498106368
1300822927382773760
1301572684841725953
1308136432008073217
1306633510925500418
1301764158522683395
1306669752723668992
1308198353746964480
1300781082703470607
1304010594199179264
1302995371321421827
1301529428514820100
1301148131673944064
1307765908404871169
1304224759580782600
1308141961543548930
1303475623336251392
1308185726278938624
1310723496549453824
1304123727983054848
1305137078397800454
1305952092541128711
1311317377594863616
1304775261767053315
1305580356649857031
1306004873637507072
1308443824071544832
1305211666729250816
1305498213122740224
1305546930005725186
1306825043494592512
1304098217395617794
1301490280785379328
1301560242921181186
1309164928272564234
1306602464364441600
1300760804556324865
1304240751866523648
1306959987781128193
1303363425695756294
1306576766983700481
1308733473109291010
1301204691196555265
1308105466552213505
1310722386564505600
1300927670696513539
1304938021947502592
1308270312593788928
1306576375709601793
1306970487050792961
1303749694858891267
1303817311426695174
1308028436024307712
1304588212799586305
1304648570574757890
1308986208983412743
1304864904030150656
1306673104509267968
1303546096786923520
1306596337471942656
1310723731891695616
1310961837207420928
1303329357390327810
1304381458769993728
1304381458769993728
1301171744854679555
1304835307632766979
1309189599135174657
1300605578532675585
1306644305000488960
1303053099699929090
1301185839515480065
1301163278341554176
1301904197978411010
1305212164920299520
1314430333803098112
1315675072405929985
1312039644830355457
1316826969556742146
1313475463491342338
1315459290459668484
1321990205507837960
1317821423038103555
1312041457855991808
1312046561900343296
1313263957017124865
1317209792071520259
1318603642656690183
1313171009244205057
1317278586936692736
1321124952565862403
1313542464825778176
1312049418217181185
1312114824369774592
1322532643049820161
1318312646555303936
1312074403702808579
1318652326480105475
1317819765671530497
1320036857929961472
1313985265673928704
1320813143791206400
1314585853759545351
1317865634387156992
1319705914711093249
1316750076233089026
1316824692720914433
1313139522771746817
1313151456757911552
1316817278172909569
1312032620054806534
1318251959074361345
1318223196005556229
1312246511019995138
1318948127370596354
1316157851119898636
1317888277807046656
1318257696999501825
1318879517373497346
1314288435755089921
1316157885777412103
1311999034874265600
1316139492743376902
1313219997146152964
1321645444733218817
1313110246227927040
1316696464312078336
1313735079626121216
1313221143822770176
1314393792888410114
1314337312965156864
1314337312965156864
1314370022576402433
1322516651988930561
1313450521295040513
1316815823126880256
1313179069383684100
1316897447776456705
1313935771854831616
1318205805074780162
1313482540796305408
1321568084969377792
1312029577653497860
1312249604189097986
1314695944353591296
1321965416969850882
1312034629122228226
1311674799790448645
1312974136419860480
1313548168873865224
1321059581288534019
1322573265387376641
1316155638272061443
1313551700490366977
1312752542955249665
1316124316988309505
1315274169370775552
1317283769766825984
1318655069529792512
1318655069529792512
1314287995483234311
1321777693180846081
1313440942247075841
1313603693984522250
1316070888802971649
1317825417655554049
1313462512541741056
1313157213624696835
1313489426186743808
1313157385578569735
1311674229331378176
1311674229331378176
1313559787112525825
1321776614347169792
1322205227769102338
1322311609226792960
1313528253567717376
1321617826780749824
1314106242005073922
1316121636450467840
1317159882454409219
1320794816737878018
1322232798267297792
1318221827303481344
1318221827303481344
1311665171530620930
1315328917490860032
1318847520584257536
1312127721221177345
1313626341758119936
1319710607550091271
1312014990564634633
1316054207456325635
1313525678999035906
1318692583405723648
1312078715455778818
1315440195383291905
1317283013559001089
1313485283904684035
1314326470177755136
1322599267177914369
1312814896577478661
1313361719465586692
1315532125160964097
1316054810769186817
1321110909700419584
1312042159189749767
1321838763652358152
1313176339646734342
1314272800866213890
1317582103991644160
1321760804836904962
1317516278257524736
1312077429909983234
1313544675026964481
1320795582286471168
1320890457426137090
1313535757613699072
1317819766212579330
1312031299868266502
1325962630301880321
1326195985614336001
1325149746831323136
1325812175181582336
1329537514391080966
1328114714673602560
1329850782611623937
1323825067915055105
1332477111190347781
1331039834643828737
1330984483877695489
1328714980338896897
1329928230434816000
1326643367657222144
1322698999359524866
1325295834418831361
1325295834418831361
1333473315898466304
1328727649766793217
1329466985047068672
1329899571384901639
1323457374598930442
1323731735444676613
1326927344074952707
1325453196651864069
1331295601498189833
1329504899332235264
1329582108076027905
1328840342657925124
1325437307785256962
1325833336510685184
1325842379232997377
1326685723047591936
1325290250093146112
1330536661713903616
1329938493896847363
1322994336594800640
1325696043468554241
1328557481551831040
1325215613661405184
1325868605523816449
1329786462951313408
1325777601730842625
1325884963217137666
1329938082590838784
1331293358698995720
1325837253122404352
1329494957023965184
1332723536897724420
1333498840507420672
1325436862152978433
1325155333384273920
1328861425985605633
1329455144099057667
1322976839866978310
1331979627808567297
1331979627808567297
1329491305601359872
1333100810838958087
1324355016799506437
1330997176537915396
1326093294372331520
1326206625544249347
1326004153420804103
1329926377047547904
1326918202291589121
1325266274096721921
1328962974380404737
1328962974380404737
1328397837965479936
1329190167123537924
1329463829231710209
1333853419505913860
1337644176914190337
1337644176914190337
1337876928133541890
1340831637693730817
1344477323072999424
1339673350268985348
1343536817539264521
1344388995237736448
1344277063646277635
1343365957910196226
1341389525856235524
1334559144712474628
1343984367278952455
1337201807878103041
1342117005508431875
1333566843672518656
1333566843672518656
1338499113143447554
1341474005342179332
1341031740085813250
1334947822467248131
1334947822467248131
1341001689071931393
1341096270509735936
1343745260153950211
1334178192844873728
1337551492648210432
1344006877236097024
1341133882826117120
1340287385377136641
1338292914812833795
1341481233658896385
1344034364468977665
1343329245767094272
1334168646608953346
1338512165721038848
1336462805063634946
1337613084542738433
1341355527801024514
1334919087294656513
1341006507182309381
1339936184387182593
1343032964163248135
1338670117262155776
1333950802847731716
1333950802847731716
1333853247606501376
1341008023477755905
1336835980674928640
1341423982109667329
1339052719861010432
1342894170445402113
1334551703442644994
1339669195940835333
1334933528266629120
1336390732941234176
1338297871796461568
1334166435124436992
1341040732682022913
1342483405896880128
1344013919598354432
1335659260320092161
1343326378205319169
1334551996569890819
1336844748305227776
1344699448367132672
1342164688252055554
1333738128780251137
1334524623002669056
1334000019838472192
1337570914335158273
1340026881328951303
1340026881328951303
1334171063765307395
1341153869858947073
1341673405678899201
1341673405678899201
1334194856806191114
1334357500267663361
1334688488621404160
1340884083036086272
1340884083036086272
1338540109625430023
1334568547192803328
1334381041960833024
1339666679790510080
1336468168341151748
1341038398698622979
1344057997526523907
1337058731994050570
1335987435805741058
1338272539559276544
1334163670050476032
1337061300808060934
1334308907490086920
1338136717103161344
1341523609127432194
1343298992088772610
1344721155576487936
1334196908705902592
1336101251864522752
1336101251864522752
1336170989311418369
1342146158857220098
1344684261677424641
1344684261677424641
1339619228522057730
1339959910944165888
1340727338506612738
1336333206052716545
1341091848660631555
1334575657116987393
1334683854083330054
1341402833200029700
1334468367361642498
1344668389764022275
1338120338878717952
1341395830864048137
1341440630220795906
1341440630220795906
1334248477933629446
1343768823971926016
1261095956273156096
1261766017287626752
1256386910517264384
1265357318440525824
1257312077506478081
1260653985028964352
1261666739076685827
1257463718381858817
1260198046329114625
1260409818801672199
1264595813541515267
1260689869237637123
1260683801769975817
1266475037902753793
1262024847762362375
1260940433921921024
1263201520255995906
1265664560377352192
1262155942176583680
1263882558854447106
1266391227185819651
1258395198071111680
1265657376742551552
1258930219014070276
1263312211612745728
1260666132366872578
1260666132366872578
1262418239323242498
1264369495507906560
1258818768559583234
1259890471343738880
1259891664749019142
1260259701964435456
1262390486263910407
1264352919052320768
1262480588306595842
1260927946195374080
1260734766510477312
1260734766510477312
1264666746671312901
1263159447188373504
1261727446480465920
1265651884792127489
1260995055222956033
1261333722831282176
1262394460052258816
1258094224249151489
1258423540854018048
1260699821028990976
1263272930164854784
1263272930164854784
1257418864473800706
1260271070873092097
1261479323799879688
1263087800963919872
1263184513716359169
1261164420195123202
1261755061035765763
1258260082476806145
1266385141368225793
1257837550393311233
1260584067990511616
1262869395908579329
1263818303685840897
1264565935274328064
1260579182159056897
1266137035703803910
1264869615945101312
1257729284925317120
1263613070598983680
1266237610923417603
1257612541385150466
1258212280002580480
1258824178599370753
1261833166567899139
1264189513892536320
1258793804359970816
1257719575094984708
1261515211812503556
1260671838398689280
1260956017514483713
1261114084910645248
1257834958342754306
1258832063811121152
1260709450345676801
1262558593619984384
1263208132274278400
1260318083161391110
1257824155879329798
1258402226038435841
1261067022840070145
1264634775870021636
1260317367021821952
1258793384690532354
1260285674730729473
1263176574091833344
1266103934290026496
1263882762160922634
1259656951291666437
1263938863917137923
1260322923002376192
1256809714752479232
1256809714752479232
1258164482989338625
1260298497435131904
1264670874814369792
1257089326413950976
1260684545365430272
1261399237985660929
1264988432054525954
1265024889733382148
1259684989182017536
1264196381583069188
1260644858877767680
1258109016217018368
1261268816123707392
1265629906614050818
1257265262711181312
1262752748275023873
1263518188341530624
1257831961495662592
1260026699825078275
1260321993917947907
1262045882222022657
1262540979397177346
1257444918966059010
1259899694613958657
1260955694569795585
1263610758786502656
1266473504796323840
1266088103179157507
1257122364917198848
1259974185457274880
1261695082601709571
1266071991288836096
1258833560053534721
1259829388872429569
1261828790147256321
1263987764351115264
1266387822145146884
1265713132258897924
1258421206996471809
1260956038204928001
1261755611227840512
1265412239584120834
1258040618456154115
1262004087702392833
1266130903387996161
1260686258264780801
1262143362162929667
1262501381048590340
1260653574620471296
1262203838834016256
1264590625191522304
1259905641155571712
1266163631823171584
1265422158534021120
1261110660592807938
1261050174752858114
1262027876100116482
1258398125502402561
1263592914417971204
1262784082527883276
1263450204663173120
1264238303664132097
1263662543144251394
1265661015783378946
1263278337377665025
1257691526953648128
1258457017628360704
1263122356656050179
1261205261722587136
1262394647386689538
1260683014478213120
1262927898253590529
1259936415762255872
1260274265854803979
1261316156000030720
1258075591804440576
1259158219714441216
1258136121680281601
1258393862764064770
1259957880540692480
1261469103719501824
1265352602360872961
1257726033048018949
1263067953634988032
1259665125000146944
1261322061420650496
1262384904035319813
1262510808275341313
1261317633644752897
1266366941159141376
1258072207194013697
1262363467576602624
1263169914845741056
1262751268734267392
1258176294929313794
1260724805650616320
1260930617568419842
1266045322725392384
1260104691259670530
1260702119495155714
1257080847473217544
1266553422943334401
1257693575510441984
1258167652171673600
1262471959918632960
1262779503778111489
1263609669848719360
1264637545696169984
1262420282591137801
1257703192143384579
1261451134117400578
1261520163989422080
1261520163989422080
1257143039136587777
1262488233830744064
1261423657269657600
1265781933860061185
1258215077607432193
1262558156711813120
1261520836168581120
1258066455511404545
1259605116065157120
1261091495878242305
1257738260723511297
1257738588881653760
1263613205550530560
1261271009732235264
1261271009732235264
1263843802097356800
1263818564060020737
1263973310989078528
1265515196589760513
1265755999987785729
1265717618939506688
1266067984885460992
