1184971134841655297
1185245626541453312
1184124671995850756
1180393193617014784
1182972522884730885
1181250490606194689
1184132744378499073
1188500347716882434
1186387982976212992
1181619368448450561
1188618019297255424
1190627748160659458
1191883395405635584
1206336554836406274
1205659922417012736
1201540574546812929
1201874535471030272
1201127117985067015
1210928070108037122
1214360701776650241
1212936907698692097
1216040235521454080
1233441198729236482
1228304956744224770
1232124927563751425
1232382310043049985
1233563284592189440
1233419405108838404
1228305779590975489
1232068124326944769
1232495269905723392
1226998388119547907
1227329013200424961
1228310330952101889
1225219052521521153
1232169774420914178
1228304690351398912
1233508882191933440
1232461957497679872
1228363016049233925
1232193514903089152
1232193514903089152
1233461016148791297
1232376967921430528
1238087093257007106
1244623382299246592
1238433416066064384
1239228123180343299
1244401424894746631
1236745395969175553
1243209596832870400
1238835443925467136
1239705809212379136
1240716647377375233
1243215858903781382
1243526816524009475
1239303514465210369
1240404501187702792
1239239910114148359
1245076546261581824
1235382971504496642
1237862154922934274
1235746551135338497
1237062553899012096
1240386998164230145
1241800562158342144
1242188976167038990
1241131151462449152
1242133104598429700
1240279565357858816
1244589438816190465
1240031153102319616
1240007601728954370
1240089796103606274
1241837630532268033
1243333903026356224
1238251329312694272
1238261760643215360
1242884957644742656
1236705021548359680
1242072432862691330
1239986709154140160
1239258059110637568
1235352903734505472
1238901695784124417
1244326204414590979
1236378421799854080
1242070553747509259
1236290217105121281
1238933486913966083
1241800211229478912
1236375295005020164
1240265496173428739
1241800734745735169
1241409461178302466
1243245514503729152
1236358875022086144
1238452249447153664
1245055258251997185
1240633165779218435
1236462318134976512
1240736716593467393
1243253945671258119
1240615954784178179
1237357953876967426
1237719468505272326
1239007103827795969
1245071237413351425
1242511982135296000
1240245734278139905
1244732064437538816
1245030879992389634
1240238519441735680
1241035287398158336
1241417820354703360
1237072584413495298
1239974188858761216
1240622781810737153
1240790548602138635
1243215888251224064
1237865100242907143
1242901208576061441
1240375358010122243
1243234726690926593
1245049935990599686
1237918045831671813
1238971589540134916
1240364896140886021
1238858610047926273
1241417535616147457
1236038846778765312
1243619261299544069
1244634824457039872
1241836956117602305
1242960648901996545
1244412706943373312
1251574968338518018
1252238296266108933
1254860036628598784
1246546985227878401
1245362073518764033
1248021050580848640
1255247548803166214
1255255875738107910
1246561692583989248
1250163553723502592
1250742274893512709
1246520025214849024
1252046315674120194
1253023682806657025
1255533531754872832
1247593747338031104
1249675158044004352
1251837470884454403
1246211124158226432
1247514078500638721
1251248978450157568
1255928658373599232
1245171629627281409
1249183719707066370
1251205720323866624
1247279801590669312
1251622001023819783
1251499983179677697
1249692350210887680
1248323050157658112
1249761122334343168
1252391156178018309
1252391156178018309
1254895495685652480
1246147597028347904
1249749577281896461
1247517492206956549
1248232778375856133
1245830464843079680
1250517443094540289
1245461825472180224
1249842020551667713
1247506802339692544
1253724946175492098
1254902532733730817
1246056737754488833
1250208222411018240
1254910328732889088
1247499429432774656
1250569871471054848
1245422802204835846
1255932123866976256
1253463922939740160
1254839560598704129
1247880634074189827
1252365151170265089
1246519542861316097
1246462541317865477
1248351933129273344
1252390257804193797
1252588899450281984
1253410536047259651
1246158802551885827
1245471708166918151
1246954159942668293
1246149971583221760
1249337870935969793
1255183854526181379
1245688065487601666
1247499903615610884
1246158950153756675
1246937919580819457
1249183260476932096
1257823534535118855
1258140157678694401
1261011031234457602
1259521955062927360
1260586727049244675
1271938509289533442
1272576357776539649
1273582619435782144
1269685187362746368
1276183682718539777
1275839616663224321
1269266176489684997
1277567418647314432
1267789692772052994
1267463799386157056
1273581944887029762
1269265698812985344
1273018645480865792
1271587343762198528
1275963152975433730
1275900598668480521
1267932520810717187
1272541634765324288
1275922622543429635
1275834576464523264
1272132708504829954
1275212106174918657
1277567632498024452
1271216382752030721
1271417976286097410
1273288388498599936
1275923162606080000
1271416494233137152
1275848545577447425
1275834027992285184
1275886925774155776
1273671127559213056
1268381213556903936
1288847075191320580
1285981944568623104
1288108509364592641
1280890543694700544
1284160209716416515
1288931157577408513
1281017107426099200
1288136395559546880
1288599073398722560
1282642080595087367
1283818299663495173
1281958500999008257
1284202870687096833
1286996594102018049
1283212946672193536
1283459699677908993
1287380446096097281
1282320943386439685
1283126061778296836
1280929205837090821
1280860669399662595
1282321701288595457
1281244605967560705
1282371012017958913
1282631815686172672
1283392637039333376
1288863091149557761
1282630151084412929
1286419870469455874
1286204378236379136
1287902346345734144
1280552297479598081
1285981018424578049
1280861330002477056
1289305670513094656
1280929781047889920
1282131087099957248
1282332299804188673
1286321361321951233
1289298536262070272
1289298536262070272
1287397128910835712
1284173249052581891
1289238023318585344
1279451034146926593
1283163248515145730
1288136461502615552
1279794440324833280
1287740705289449476
1283018483240964097
1287453862991781888
1287390385740947456
1287390385740947456
1281927648210550785
1288250145159561216
1287433914269794304
1288268134684581888
1288830874440683520
1282112572695539713
1283873548763725824
1284456054491877376
1287750259247132673
1287078019358765056
1281395220475547648
1282112834839732230
1288559418305646592
1283789747396186117
1280981070050209792
1287380659816677378
1287741032075939841
1279509153438928899
1288887974944542721
1281687711418658823
1279010755430412289
1286420458972180480
1287072901041131524
1286010134582276096
1283391989149569025
1284910614746402817
1281959064080019457
1279600341064048640
1280122785528979456
1279009090933489665
1283150412019724288
1285268998922231809
1288932134418186240
1283446743279919106
1286067280254849029
1287077785308033024
1288561066570469377
1288831972010110976
1292626204403662848
1289696350087475207
1292877603855007744
1293904448016670720
1292463078139977728
1296489308300480515
1297492538018816001
1300473681596968960
1298431466976743426
1300456840115879937
1291438525972246529
1289644453108408321
1299136965900722178
1290061169743368192
1293667513956540417
1289940002260922368
1294673091344269313
1292442582858031104
1295871582682963973
1298956190819463169
1293603269105922048
1293263132299853827
1290292096864120832
1291851421739110400
1290792395500670980
1298583662775205888
1292864905071202304
1291438284095336448
1296922660979408896
1291021072264040448
1292606977248378882
1293716981389176832
1289543538347094016
1290291715274727425
1289643634711814145
1291088337013374978
1292864794693795841
1290268396588851201
1298705535793942533
1291444844741754882
1291535515477577729
1290693078655873024
1298583729909067776
1298591810210738177
1291087324391116800
1292463279902605315
1299137503287341056
1293646978300157955
1296922070362841088
1296847414075092993
1290252507499778053
1297492764754612230
1298389694540021761
1296657993833029634
1299366309596139521
1289542537942691842
1291210932845191169
1302060139113979905
1303404266879672320
1307103241122054147
1306345624426618880
1308104088509325312
1304140604046102528
1307017659616309250
1303061361971269632
1303483126501572608
1305626013628469248
1308068859727867905
1303766433793441795
1308095392119238656
1303822627266375680
1305875473575161856
1303823330445844481
1303835145045192704
1309513498246803458
1311418568160968704
1305885286736580609
1308078920579780609
1301507397580722176
1301976104589238272
1308832552044593156
1309223755584069633
1308471498169032705
1305876159008141312
1305184727968575488
1309571971580133376
1308118367866417157
1301627781688602625
1301215445719093248
1309206351973769216
1303061939661213696
1307716823832551427
1307716823832551427
1305626430219444224
1308838858600198145
1308838858600198145
1304079449940344833
1301215824150233090
1306344737897619457
1304078560508948481
1308078113021140992
1311401436714987521
1309630881879867392
1309630881879867392
1311060298640625665
1301631239946788865
1309205317788602368
1309513274594074629
1310728886980734977
1303835583777705984
1308096488027942912
1308096488027942912
1306271216504909824
1301235219849269251
1301235458148413440
1308069296355127297
1301200347109576705
1302239389817470976
1304564048328040450
1311401480709197824
1301634329383112704
1303516155454402561
1305183578591031296
1301634395359543296
1318514434311032832
1312134623149748225
1313495093433729036
1314613421091028992
1314698878378180610
1312122566891376642
1312125291603451904
1313549613824192515
1321187169076047872
1312841177817780225
1313480261179453451
1313156005409165312
1317077212600807424
1313635955111276545
1312050845677219841
1320732323751444487
1313557059749715969
1312176882977177602
1318283161378332677
1316478023584149507
1319773864658755585
1318196979688722433
1312438613066407937
1313620474316967943
1322633989929213952
1311437578319605767
1311437578319605767
1313193000235724800
1318515466319597568
1312176672850939906
1312894856130367493
1313290884058935296
1315052622605246464
1318576979138863105
1315688201378574342
1315060808393523200
1313245429241450499
1314178456637206528
1320369063487590403
1311839950929682432
1313217782557761536
1321057201952301057
1311906270819971073
1312778727982542848
1315052421169721349
1315812503666995200
1313217532325752834
1313617289195913217
1316460779785261056
1313480161011077121
1314683635681853440
1314597076408438785
1312192123442085888
1314362566253195269
1317077408047128577
1322197578562240519
1315060533930979328
1315806003481456641
1316134729129762817
1312841502062768128
1317174303071309824
1312227761071755264
1328379129918582785
1328341616642445313
1328799079350976512
1325973185305645056
1326265107828117519
1327035775502921734
1323412450813841408
1328714035664199682
1330230676277366786
1329887878713806848
1329888131798224899
1325095357907423233
1329530488751591438
1323298488780759041
1329232181953085440
1327992888702038016
1332493946891726848
1328331865405722625
1329785948566151170
1328702721646604290
1328447394590154753
1328769528772354048
1328807150794141696
1325095362349178881
1330531074099859458
1328356763725344770
1329547820156809225
1332420724930338823
1328819780716007425
1322932365451161601
1322932365451161601
1332403356804018178
1324401475989229573
1322966234275733504
1332858477996351488
1332494312869949440
1326907258140315648
1332065347806105602
1327994353567064067
1322921015656304640
1328799031066304513
1329548394251968513
1325971008814276610
1332390417573179392
1329104004664659968
1328449350826151936
1327322850395516928
1328824763976982529
1325920742639194112
1342127478568050688
1337604307936366593
1344045737584308224
1340418896298455047
1335981988004716552
1343016887731384320
1336058797115068416
1336058797115068416
1336465343607279616
1334203061330341888
1337748582192050177
1343971928457920512
1343214581955637251
1341144425636847616
1339570091554467844
1339258601819475969
1335694973900042242
1336446647853780992
1341084781614833665
1342222025004224512
1336079508047343616
1338878198407454727
1337113617255153665
1337114422595244037
1333591527331745792
1334608005627785217
1343009956719718401
1333801665753804803
1339229572030722052
1336404805170962437
1344759480425328640
1343569401765720064
1343642888672964608
1337112618503430146
1337516398961176577
1343570344951607296
1334622990731014150
1343213795297079296
1342220907914407938
1334518012980838400
1337517272928141312
1340678099248107521
1337046290841145345
1344413089454690304
1344558554758467584
1340481106936737792
1336359456289017857
1343307578797916160
1338948996161806338
1338170750289719304
1344033838167687168
1333787819056107521
1336424068958937089
1343010342280941568
1336465110458568704
1339676396138999810
1339959118191239168
1344347153574076417
1336404565785075712
1344768552385986560
1336434946009919489
1343577095423877127
1342914964839776256
1343018296195559426
1338878113464287234
1339590780537634817
1339713655521366020
1336052602140844035
1339676502569316354
1339580462507778048
1339958945352474635
1335770065438969856
1344454150529101824
1337844207524999168
1339991739977920512
1339968234561409025
1338624339550367746
1344407391438331904
1340792752834039810
1343292575424245762
1339937974662823938
1342973098858000384
1336447604498915329
1341115611338792961
1343274346010320900
1257823534535118855
1258140157678694401
1261011031234457602
1259521955062927360
1260586727049244675
1260660343635763201
1263845100368662528
1256284260996005888
1258769514306498566
1260283739457949697
1261036548021260288
1265964958883254273
1256714722063208453
1257782175090585606
1261063401041801216
1259538827057614849
1256299738845941761
1256597927264468992
1258872400004943873
1256604025061027840
1262399714219212801
1259990556395974657
1263230298785013761
1261339499843338241
1261062138187128833
1265371735752409090
1261999571766579201
1256302103863099394
1263833807440039939
1261267721385177088
1257788087847079936
1263215433382899713
1265063105467301888
1258018159753400322
1258130567087960066
1258447895071567872
1263565077158006791
1258424361242914816
1263935908312748037
1262445099943747584
1263148867505143808
1258774473416867845
1259823333127778306
1258011892083118083
1258449694273003521
1256325537154232320
1257376334231281667
1258914218142654464
1258087666509164545
1256332511723970561
1259545673453768704
1260280084394459136
1257362369879126022
1263121582584561664
1263628529197088768
1256292989149863937
1263832879840129024
1261031539086774277
1263152250341470208
1261011777959137280
1256368057607307264
1262706703620960257
1266436756498497536
1266425331939856384
1257780996495142912
1265972218263212032
1256275366068596739
1256909639419146242
1256909639419146242
1263620099203665920
