1185955323330420736
1179479065574678531
1179090926553092096
1184621917665251328
1187599477668024320
1186708171647324160
1189255019763240960
1185258187592626176
1200046565496360963
1197270143681695744
1195465876432027648
1190309197973315584
1196833673573613569
1193032963979501568
1200896258837274624
1197943277242241025
1191187037828866049
1198964598663208960
1202700249229225984
1209192075641655301
1208410912459251713
1204323014940282880
1207752328234897408
1214339680495292416
1220005996027756544
1218198225972187136
1218370242361032706
1214394728533250048
1221052735539167233
1216786108283006977
1216786108283006977
1219737141481074688
1221052017423990784
1220805606245683200
1220805606245683200
1218570239379693568
1218673222117277696
1220132176978575360
1227759292700229632
1225806658749648896
1231260200855797760
1233443841144836096
1230875249379405833
1230875249379405833
1226081469581287424
1229504525163270145
1229504525163270145
1226198954297188353
1226278359308460038
1226278359308460038
1226341775683403776
1228337465817096202
1228337465817096202
1229431481833050113
1224371628693278720
1240052831127732224
1240052831127732224
1240025541656395779
1239915079207800833
1244703138839277569
1239636255509340160
1243020280215113731
1244995501008621568
1245082431281135617
1245053376825614337
1238282249214119937
1243586696471613440
1244652216805400583
1244652216805400583
1241928152877690883
1243617381869424640
1245056799377670146
1245056799377670146
1243926553890824193
1240713954084687873
1239236686657265667
1237495266854330368
1243171154321272834
1243593616393715713
1243593616393715713
1239610798181244929
1240692814695895043
1241519725689081856
1240990565786775552
1238517027968552965
1238517027968552965
1242129152284618753
1236062928132100099
1236062928132100099
1243731785172819968
1245046644946751488
1245046644946751488
1243203472435974144
1239972160791171073
1242607407500537856
1242607407500537856
1240020904060563456
1240020904060563456
1242642381821767680
1243327492024393729
1243327492024393729
1244966506628333569
1239549888221696000
1238604877263073280
1240014163046322176
1242075926759784449
1239984734425346048
1241921895274024961
1240354024072851460
1243876188440997888
1243876188440997888
1242858135586574341
1242858135586574341
1243956779974832129
1243956779974832129
1243569587842461697
1236644251888427010
1239502173521588224
1240284755133857793
1244939291727261696
1238947711715434496
1238947711715434496
1242587361122254849
1255488666916589569
1250510091754672128
1247960717367472129
1247904161363943434
1248257871210524672
1248257871210524672
1245493635543523328
1253019394134822912
1255233282037424129
1250127645271965696
1255492250307629057
1246177179798396929
1247991972322779141
1251884084911112197
1245488986342203393
1250738684590280705
1250738684590280705
1251571220367183875
1251571220367183875
1246418993252048897
1245124874206666764
1250437831350079490
1250437831350079490
1246894456638488578
1246985113847517184
1250967630971838464
1255590865164210180
1255590865164210180
1248715467096637440
1248969098911977473
1245367739683713024
1245508588799393793
1245508588799393793
1247932146783645700
1247966614550646784
1247966614550646784
1255173640070393856
1248584281460486144
1252316751938936832
1247508189697978369
1247508189697978369
1250589735845838848
1250589735845838848
1252649525593825282
1252649525593825282
1245352460031528960
1248744739924402176
1250050692355678215
1250050692355678215
1247558505764020225
1247558505764020225
1253081224320614403
1253081224320614403
1246595488184500224
1246096949385629696
1247538149623881730
1247538149623881730
1254465449938391045
1250070297052667912
1250070297052667912
1246392176814276610
1247538212504911872
1247538212504911872
1247986084488732673
1247986084488732673
1251572704030986243
1251572704030986243
1248721776466628609
1253631312679841792
1253631312679841792
1246852211801346048
1253416084985667584
1253720738709647360
1254788305155026949
1251563129537826816
1251563129537826816
1245906670217240589
1249073441023635457
1246639121508024320
1246639121508024320
1247590263649759232
1252682408484147204
1253457072081043457
1253457072081043457
1248669219161624577
1253690119820914688
1253690119820914688
1254413779879833602
1248566395798843394
1246504254140870656
1246504254140870656
1250233040267350016
1254599320524840960
1245422685288411136
1245422685288411136
1246273202055086080
1246570924813533192
1247174429823520768
1254768168498630659
1245991954921422848
1245991954921422848
1254748317562613765
1254748317562613765
1248573389658300416
1250450116122681347
1250609999119695873
1250609999119695873
1254793956308561920
1250389231941423104
1247980818565218305
1248692837304217601
1248692837304217601
1250347627008286720
1250404712853254144
1262883200994402304
1265304664326549507
1258463397718319105
1262414238590607360
1262414238590607360
1257667507013537795
1276522070185095169
1272916579588571137
1275810185202688000
1271645426949787648
1272952341214507009
1268953189237350401
1274358664304918528
1275426750416084998
1276099011041255425
1271146112645283840
1268806378862383104
1273013902373040128
1268535183541747713
1273376522624094208
1277577402537959424
1268301699602620422
1268596441368453120
1268596441368453120
1275451701537861632
1273500871804940289
1273500871804940289
1277591260522577920
1277591260522577920
1276196630660816898
1271173983778377729
1271173983778377729
1285219794032058369
1283829443832631296
1279090699246460928
1281230803666522112
1280921972952559618
1281612060866916352
1287896467688939521
1285213858588753921
1285213858588753921
1284260536352485377
1286332376604237824
1285955928567627776
1285693552731856896
1285693552731856896
1281312220492816385
1284191354378235912
1278683947761668096
1288502868622716928
1285975909095415809
1283726225362616320
1283762592943489024
1284149730797391872
1299800448325615616
1299800448325615616
1289359475111993345
1296810798514237440
1297508055664529412
1297508055664529412
1296527312452608000
1292355965573095424
1292355965573095424
1290873481643675649
1290873481643675649
1295795107011145728
1295788256806739969
1295541863781240833
1298264772694044673
1296132219099119616
1296132219099119616
1299477713410027524
1295717171000033280
1299826709500317696
1293245887808847874
1293245887808847874
1299967558272114690
1299967558272114690
1296803127367098369
1296803127367098369
1291429242815864834
1296832285795262464
1296817547824607233
1300256050399064066
1300256050399064066
1290192758653632513
1296849130933768192
1291020398495248384
1298266708952547331
1299853330122969088
1294932404881117185
1295689141225758720
1290738077233631232
1300783920317833217
1300783920317833217
1306269113669492737
1306269113669492737
1301419894244868102
1301419894244868102
1303954868491739136
1303954868491739136
1301929635165347840
1308417649722953728
1304416690869096450
1309928721508302848
1309928721508302848
1303332587650203651
1314280112662011904
1319289307920617472
1319502239262625792
1319502239262625792
1313912622035525632
1314053197019795457
1319336337774759936
1319336337774759936
1315683470690201600
1322261408197664768
1313129258882158592
1314869257214267393
1314165553662230529
1320748144200613889
1320748144200613889
1312837325760667651
1318559445450919942
1313808370915307521
1322766569584365568
1333128593438887937
1332381827856805890
1329896266784927745
1326247433001594880
1330433585329868800
1323478284462481408
1324743796681224193
1323290060507107328
1326080698877403136
1343889772410880000
1343889772410880000
1339162175219363840
1339162175219363840
1339604405042089987
1341051670860480513
1337450814747496448
1341003986405605380
1341874925338935296
1343392759948869634
1333931332888637441
1333931332888637441
1339097190317232131
1336131970930237442
1343743881721090050
1340041609275183106
1336749758380187649
1336654132413915150
1262883200994402304
1265304664326549507
1258463397718319105
1262414238590607360
1262414238590607360
1257667507013537795
1261300355620417538
1259886444492976128
1263490106922426368
1262818025138343936
1262818025138343936
1259093511665844224
1259929447194488832
1259867989135880192
1257232247486365697
1264925308819369984
1264925308819369984
1262847071951831040
1257722313975508994
1257722313975508994
1258109768650166273
1261321412691845120
1261321412691845120
1267060646786543616
1257742703074426880
1263866248212787200
1263397685467525120
1264995879385063427
1265679848569057280
1258157544272474112
1258157544272474112
1256252294691094528
1261318065637203969
1260659803166146560
1260659803166146560
1258085889533554688
1261250575074615296
1258009831111360513
1256359103854571521
1260259203567902721
1260547844642988032
1261000798315532288
1261000798315532288
1258628350756548608
1258628350756548608
1260849434990182400
1258054063683321857
1259487830738440194
1259487830738440194
1256837542319661056
1257336803373318144
1261069398434967552
1266687049194770432
1259937840097624065
1263762908665671680
1263762908665671680
1266360021702467584
1266360021702467584
